0.010059664 61.798331 0.61798331
0.010369191 60.124233 0.60124233
0.010678719 58.6531 0.586531
0.010988246 57.176765 0.57176765
0.011297773 55.792302 0.55792302
0.0116073 54.643324 0.54643324
0.011916828 53.286258 0.53286258
0.012226355 52.18514 0.5218514
0.012535882 51.219967 0.51219967
0.012845409 50.141764 0.50141764
0.013154936 49.177106 0.49177106
0.013464463 48.396259 0.48396259
0.013773989 47.397521 0.47397521
0.014083516 46.687887 0.46687887
0.014393043 45.865486 0.45865486
0.014702569 45.071286 0.45071286
0.015012096 44.28841 0.4428841
0.015321622 43.548859 0.43548859
0.015631148 42.975889 0.42975889
0.015940675 42.419134 0.42419134
0.016250201 41.843604 0.41843604
0.016559727 41.202995 0.41202995
0.016869253 40.663513 0.40663513
0.017178779 40.068874 0.40068874
0.017488304 39.541567 0.39541567
0.01779783 39.012687 0.39012687
0.018107355 38.632243 0.38632243
0.018416881 38.174594 0.38174594
0.018726406 37.481277 0.37481277
0.019035932 37.079722 0.37079722
0.019345457 36.613227 0.36613227
0.019654982 36.124306 0.36124306
0.019964507 35.788318 0.35788318
0.020274032 35.422509 0.35422509
0.020583556 34.951789 0.34951789
0.020893081 34.570279 0.34570279
0.021202605 34.155258 0.34155258
0.02151213 33.788411 0.33788411
0.021821654 33.488764 0.33488764
0.022131178 33.102002 0.33102002
0.022440702 32.842335 0.32842335
0.022750226 32.521777 0.32521777
0.02305975 32.180964 0.32180964
0.023369274 31.86232 0.3186232
0.023678797 31.560747 0.31560747
0.023988321 31.180529 0.31180529
0.024297844 30.926327 0.30926327
0.024607367 30.630845 0.30630845
0.02491689 30.356034 0.30356034
0.025226413 30.076014 0.30076014
0.025535936 29.7573 0.297573
0.025845458 29.506534 0.29506534
0.026154981 29.251938 0.29251938
0.026464503 28.972907 0.28972907
0.026774025 28.692075 0.28692075
0.027083547 28.438745 0.28438745
0.027393069 28.2008 0.282008
0.027702591 27.934217 0.27934217
0.028012112 27.703195 0.27703195
0.028321634 27.444215 0.27444215
0.028631155 27.258506 0.27258506
0.028940676 26.982835 0.26982835
0.029250197 26.731588 0.26731588
0.029559718 26.497053 0.26497053
0.029869238 26.31518 0.2631518
0.030178759 26.076266 0.26076266
0.030488279 25.875634 0.25875634
0.030797799 25.684574 0.25684574
0.031107319 25.431217 0.25431217
0.031416839 25.260314 0.25260314
0.031726359 25.069595 0.25069595
0.032035878 24.845162 0.24845162
0.032345397 24.702855 0.24702855
0.032654916 24.527617 0.24527617
0.032964435 24.282046 0.24282046
0.033273954 24.079281 0.24079281
0.033583473 23.918481 0.23918481
0.033892991 23.745879 0.23745879
0.034202509 23.589963 0.23589963
0.034512027 23.416388 0.23416388
0.034821545 23.274119 0.23274119
0.035131063 23.06508 0.2306508
0.03544058 22.88066 0.2288066
0.035750097 22.742176 0.22742176
0.036059614 22.55406 0.2255406
0.036369131 22.439303 0.22439303
0.036678648 22.27878 0.2227878
0.036988164 22.138009 0.22138009
0.03729768 21.998081 0.21998081
0.037607196 21.839807 0.21839807
0.037916712 21.704445 0.21704445
0.038226228 21.57627 0.2157627
0.038535743 21.404001 0.21404001
0.038845259 21.279947 0.21279947
0.039154774 21.11892 0.2111892
0.039464288 21.024788 0.21024788
0.039773803 20.846296 0.20846296
0.040083317 20.681998 0.20681998
0.040392831 20.582806 0.20582806
0.040702345 20.478687 0.20478687
0.041011859 20.289724 0.20289724
0.041321372 20.174449 0.20174449
0.041630886 20.068435 0.20068435
0.041940399 19.919782 0.19919782
0.042249911 19.772187 0.19772187
0.042559424 19.682865 0.19682865
0.042868936 19.564832 0.19564832
0.043178448 19.423422 0.19423422
0.04348796 19.35388 0.1935388
0.043797472 19.208224 0.19208224
0.044106983 19.089857 0.19089857
0.044416494 18.985253 0.18985253
0.044726005 18.895733 0.18895733
0.045035516 18.754828 0.18754828
0.045345026 18.642258 0.18642258
0.045654536 18.542013 0.18542013
0.045964046 18.395681 0.18395681
0.046273556 18.232647 0.18232647
0.046583065 18.149212 0.18149212
0.046892575 18.008315 0.18008315
0.047202083 17.892196 0.17892196
0.047511592 17.772383 0.17772383
0.0478211 17.705907 0.17705907
0.048130609 17.612358 0.17612358
0.048440116 17.505308 0.17505308
0.048749624 17.415405 0.17415405
0.049059131 17.281074 0.17281074
0.049368638 17.142796 0.17142796
0.049678145 17.156864 0.17156864
0.049987652 16.986791 0.16986791
0.050297158 16.916329 0.16916329
0.050606664 16.804412 0.16804412
0.05091617 16.756574 0.16756574
0.051225675 16.690005 0.16690005
0.05153518 16.582081 0.16582081
0.051844685 16.465157 0.16465157
0.05215419 16.415187 0.16415187
0.052463694 16.268278 0.16268278
0.052773198 16.185148 0.16185148
0.053082702 16.152756 0.16152756
0.053392205 16.052245 0.16052245
0.053701708 15.965963 0.15965963
0.054011211 15.888611 0.15888611
0.054320713 15.793047 0.15793047
0.054630216 15.708501 0.15708501
0.054939718 15.575634 0.15575634
0.055249219 15.519777 0.15519777
0.055558721 15.430547 0.15430547
0.055868222 15.381027 0.15381027
0.056177722 15.294467 0.15294467
0.056487223 15.17851 0.1517851
0.056796723 15.088149 0.15088149
0.057106223 15.047578 0.15047578
0.057415722 14.924001 0.14924001
0.057725221 14.86686 0.1486686
0.05803472 14.795517 0.14795517
0.058344219 14.754424 0.14754424
0.058653717 14.656041 0.14656041
0.058963215 14.508319 0.14508319
0.059272713 14.491403 0.14491403
0.05958221 14.441043 0.14441043
0.059891707 14.395349 0.14395349
0.060201203 14.294307 0.14294307
0.0605107 14.222575 0.14222575
0.060820196 14.144904 0.14144904
0.061129691 14.042889 0.14042889
0.061439187 14.04288 0.1404288
0.061748681 13.927781 0.13927781
0.062058176 13.894979 0.13894979
0.06236767 13.818878 0.13818878
0.062677164 13.749093 0.13749093
0.062986658 13.683382 0.13683382
0.063296151 13.588095 0.13588095
0.063605644 13.535099 0.13535099
0.063915137 13.439481 0.13439481
0.064224629 13.386448 0.13386448
0.064534121 13.335408 0.13335408
0.064843612 13.284242 0.13284242
0.065153103 13.217964 0.13217964
0.065462594 13.136279 0.13136279
0.065772085 13.053386 0.13053386
0.066081575 12.99563 0.1299563
0.066391064 12.936767 0.12936767
0.066700554 12.873601 0.12873601
0.067010043 12.786384 0.12786384
0.067319531 12.733772 0.12733772
0.06762902 12.671263 0.12671263
0.067938508 12.623493 0.12623493
0.068247995 12.54838 0.1254838
0.068557482 12.474529 0.12474529
0.068866969 12.415586 0.12415586
0.069176455 12.364236 0.12364236
0.069485941 12.310548 0.12310548
0.069795427 12.218088 0.12218088
0.070104912 12.173335 0.12173335
0.070414397 12.107419 0.12107419
0.070723882 12.039971 0.12039971
0.071033366 11.981304 0.11981304
0.07134285 11.922557 0.11922557
0.071652333 11.867975 0.11867975
0.071961816 11.799976 0.11799976
0.072271298 11.729906 0.11729906
0.07258078 11.682576 0.11682576
0.072890262 11.633252 0.11633252
0.073199744 11.564622 0.11564622
0.073509225 11.504948 0.11504948
0.073818705 11.439928 0.11439928
0.074128185 11.388516 0.11388516
0.074437665 11.345108 0.11345108
0.074747144 11.271381 0.11271381
0.075056623 11.211812 0.11211812
0.075366102 11.169978 0.11169978
0.07567558 11.107032 0.11107032
0.075985058 11.046492 0.11046492
0.076294535 10.989756 0.10989756
0.076604012 10.942451 0.10942451
0.076913488 10.889637 0.10889637
0.077222964 10.838462 0.10838462
0.07753244 10.769445 0.10769445
0.077841915 10.710608 0.10710608
0.07815139 10.665648 0.10665648
0.078460864 10.624199 0.10624199
0.078770338 10.558548 0.10558548
0.079079812 10.513624 0.10513624
0.079389285 10.461892 0.10461892
0.079698757 10.405317 0.10405317
0.080008229 10.35604 0.1035604
0.080317701 10.303235 0.10303235
0.080627172 10.243022 0.10243022
0.080936643 10.201108 0.10201108
0.081246114 10.136137 0.10136137
0.081555584 10.086675 0.10086675
0.081865053 10.040103 0.10040103
0.082174522 9.986106 0.09986106
0.082483991 9.9514146 0.099514146
0.082793459 9.8806608 0.098806608
0.083102927 9.836468 0.09836468
0.083412394 9.7820115 0.097820115
0.083721861 9.736136 0.09736136
0.084031327 9.6816598 0.096816598
0.084340793 9.6421746 0.096421746
0.084650259 9.5805742 0.095805742
0.084959724 9.5259016 0.095259016
0.085269188 9.4995654 0.094995654
0.085578652 9.429051 0.09429051
0.085888116 9.3889375 0.093889375
0.086197579 9.348828 0.09348828
0.086507042 9.2934797 0.092934797
0.086816504 9.2354557 0.092354557
0.087125966 9.1838492 0.091838492
0.087435427 9.1459472 0.091459472
0.087744888 9.1010414 0.091010414
0.088054348 9.063276 0.09063276
0.088363808 9.0128031 0.090128031
0.088673267 8.9658901 0.089658901
0.088982726 8.9223925 0.089223925
0.089292184 8.8813864 0.088813864
0.089601642 8.8297279 0.088297279
0.089911099 8.7966134 0.087966134
0.090220556 8.7503882 0.087503882
0.090530013 8.693546 0.08693546
0.090839469 8.6582906 0.086582906
0.091148924 8.6084275 0.086084275
0.091458379 8.5636649 0.085636649
0.091767833 8.5257013 0.085257013
0.092077287 8.4720729 0.084720729
0.092386741 8.4289677 0.084289677
0.092696194 8.3922711 0.083922711
0.093005646 8.3359679 0.083359679
0.093315098 8.3089708 0.083089708
0.093624549 8.2473589 0.082473589
0.093934 8.2007096 0.082007096
0.09424345 8.16156 0.0816156
0.0945529 8.1198499 0.081198499
0.09486235 8.0686813 0.080686813
0.095171798 8.0359108 0.080359108
0.095481247 7.9821381 0.079821381
0.095790694 7.9442672 0.079442672
0.096100142 7.9021425 0.079021425
0.096409588 7.8672478 0.078672478
0.096719035 7.8108182 0.078108182
0.09702848 7.775146 0.07775146
0.097337925 7.7411722 0.077411722
0.09764737 7.6889796 0.076889796
0.097956814 7.6415162 0.076415162
0.098266257 7.622366 0.07622366
0.0985757 7.5745145 0.075745145
0.098885143 7.5221562 0.075221562
0.099194585 7.4878054 0.074878054
0.099504026 7.4473235 0.074473235
0.099813467 7.4079176 0.074079176
0.10012291 7.3705466 0.073705466
0.10043235 7.3250494 0.073250494
0.10074179 7.2816463 0.072816463
0.10105122 7.2476735 0.072476735
0.10136066 7.2050576 0.072050576
0.1016701 7.1609852 0.071609852
0.10197954 7.1276559 0.071276559
0.10228897 7.0843113 0.070843113
0.10259841 7.0614443 0.070614443
0.10290785 7.0066789 0.070066789
0.10321728 6.9801786 0.069801786
0.10352671 6.939112 0.06939112
0.10383615 6.8936267 0.068936267
0.10414558 6.8525259 0.068525259
0.10445501 6.8362831 0.068362831
0.10476445 6.788603 0.06788603
0.10507388 6.7461417 0.067461417
0.10538331 6.7023004 0.067023004
0.10569274 6.6744001 0.066744001
0.10600217 6.6404285 0.066404285
0.1063116 6.5936557 0.065936557
0.10662102 6.5621626 0.065621626
0.10693045 6.5310614 0.065310614
0.10723988 6.4793668 0.064793668
0.10754931 6.45115 0.0645115
0.10785873 6.4214206 0.064214206
0.10816816 6.3813129 0.063813129
0.10847758 6.348933 0.06348933
0.10878701 6.3087117 0.063087117
0.10909643 6.2772637 0.062772637
0.10940585 6.2412885 0.062412885
0.10971528 6.2045964 0.062045964
0.1100247 6.1694536 0.061694536
0.11033412 6.1307829 0.061307829
0.11064354 6.0937216 0.060937216
0.11095296 6.0545337 0.060545337
0.11126238 6.0238332 0.060238332
0.1115718 5.9877568 0.059877568
0.11188122 5.9553302 0.059553302
0.11219064 5.9222933 0.059222933
0.11250005 5.8865865 0.058865865
0.11280947 5.8527511 0.058527511
0.11311889 5.8165096 0.058165096
0.1134283 5.7907131 0.057907131
0.11373772 5.7467796 0.057467796
0.11404713 5.7152008 0.057152008
0.11435654 5.6851387 0.056851387
0.11466596 5.6541712 0.056541712
0.11497537 5.6123666 0.056123666
0.11528478 5.5810137 0.055810137
0.11559419 5.5542004 0.055542004
0.1159036 5.5259374 0.055259374
0.11621301 5.4836778 0.054836778
0.11652242 5.4560111 0.054560111
0.11683183 5.4218716 0.054218716
0.11714124 5.3851519 0.053851519
0.11745064 5.3649699 0.053649699
0.11776005 5.3317285 0.053317285
0.11806945 5.2969398 0.052969398
0.11837886 5.2650858 0.052650858
0.11868826 5.2352379 0.052352379
0.11899767 5.2040192 0.052040192
0.11930707 5.1714338 0.051714338
0.11961647 5.1496717 0.051496717
0.11992588 5.110482 0.05110482
0.12023528 5.0823021 0.050823021
0.12054468 5.050775 0.05050775
0.12085408 5.0253764 0.050253764
0.12116348 4.9910534 0.049910534
0.12147288 4.9530496 0.049530496
0.12178227 4.9326532 0.049326532
0.12209167 4.904811 0.04904811
0.12240107 4.8711805 0.048711805
0.12271046 4.8452786 0.048452786
0.12301986 4.8187232 0.048187232
0.12332925 4.7846159 0.047846159
0.12363865 4.7523515 0.047523515
0.12394804 4.7255971 0.047255971
0.12425743 4.7011883 0.047011883
0.12456683 4.6668463 0.046668463
0.12487622 4.635931 0.04635931
0.12518561 4.6169619 0.046169619
0.125495 4.5940605 0.045940605
0.12580439 4.5534567 0.045534567
0.12611377 4.5327239 0.045327239
0.12642316 4.5016634 0.045016634
0.12673255 4.4751222 0.044751222
0.12704194 4.4462217 0.044462217
0.12735132 4.4134635 0.044134635
0.12766071 4.3926989 0.043926989
0.12797009 4.3648032 0.043648032
0.12827947 4.3305634 0.043305634
0.12858886 4.3120337 0.043120337
0.12889824 4.2805702 0.042805702
0.12920762 4.2613837 0.042613837
0.129517 4.2315742 0.042315742
0.12982638 4.1967549 0.041967549
0.13013576 4.17321 0.0417321
0.13044514 4.1558724 0.041558724
0.13075452 4.1243498 0.041243498
0.1310639 4.0992859 0.040992859
0.13137327 4.0727882 0.040727882
0.13168265 4.0473185 0.040473185
0.13199202 4.0220818 0.040220818
0.1323014 3.9932513 0.039932513
0.13261077 3.9668033 0.039668033
0.13292015 3.9459594 0.039459594
0.13322952 3.9181171 0.039181171
0.13353889 3.89954 0.0389954
0.13384826 3.8666832 0.038666832
0.13415763 3.8439564 0.038439564
0.134467 3.8250885 0.038250885
0.13477637 3.7910179 0.037910179
0.13508574 3.7707645 0.037707645
0.1353951 3.7492468 0.037492468
0.13570447 3.724285 0.03724285
0.13601383 3.6999856 0.036999856
0.1363232 3.6720036 0.036720036
0.13663256 3.6574043 0.036574043
0.13694193 3.6262679 0.036262679
0.13725129 3.6102729 0.036102729
0.13756065 3.579967 0.03579967
0.13787001 3.5653169 0.035653169
0.13817937 3.5378205 0.035378205
0.13848873 3.5136283 0.035136283
0.13879809 3.4942622 0.034942622
0.13910745 3.46955 0.0346955
0.13941681 3.4483599 0.034483599
0.13972616 3.4243692 0.034243692
0.14003552 3.4015764 0.034015764
0.14034488 3.3761919 0.033761919
0.14065423 3.3583139 0.033583139
0.14096358 3.3417105 0.033417105
0.14127294 3.311814 0.03311814
0.14158229 3.2907429 0.032907429
0.14189164 3.2689381 0.032689381
0.14220099 3.2445704 0.032445704
0.14251034 3.2182554 0.032182554
0.14281969 3.2042314 0.032042314
0.14312904 3.1808957 0.031808957
0.14343838 3.1547333 0.031547333
0.14374773 3.1321648 0.031321648
0.14405708 3.1142544 0.031142544
0.14436642 3.0994299 0.030994299
0.14467577 3.0766838 0.030766838
0.14498511 3.0501119 0.030501119
0.14529445 3.0328422 0.030328422
0.14560379 3.0102599 0.030102599
0.14591314 2.9921335 0.029921335
0.14622248 2.9681981 0.029681981
0.14653182 2.9449887 0.029449887
0.14684115 2.9335952 0.029335952
0.14715049 2.9072937 0.029072937
0.14745983 2.8863117 0.028863117
0.14776917 2.8694832 0.028694832
0.1480785 2.8495826 0.028495826
0.14838784 2.8303 0.028303
0.14869717 2.8079905 0.028079905
0.1490065 2.7876569 0.027876569
0.14931583 2.7737196 0.027737196
0.14962517 2.7493372 0.027493372
0.1499345 2.733236 0.02733236
0.15024383 2.7098161 0.027098161
0.15055316 2.6917022 0.026917022
0.15086248 2.6718043 0.026718043
0.15117181 2.6563838 0.026563838
0.15148114 2.6338199 0.026338199
0.15179046 2.6144393 0.026144393
0.15209979 2.6002192 0.026002192
0.15240911 2.5774945 0.025774945
0.15271844 2.5619003 0.025619003
0.15302776 2.5463716 0.025463716
0.15333708 2.5213846 0.025213846
0.1536464 2.5053528 0.025053528
0.15395572 2.4879863 0.024879863
0.15426504 2.4699199 0.024699199
0.15457436 2.4517993 0.024517993
0.15488367 2.4389961 0.024389961
0.15519299 2.4214652 0.024214652
0.15550231 2.4042249 0.024042249
0.15581162 2.3791591 0.023791591
0.15612093 2.3600917 0.023600917
0.15643025 2.3384051 0.023384051
0.15673956 2.325825 0.02325825
0.15704887 2.3010144 0.023010144
0.15735818 2.2903214 0.022903214
0.15766749 2.2715186 0.022715186
0.1579768 2.258188 0.02258188
0.15828611 2.2420809 0.022420809
0.15859542 2.2218242 0.022218242
0.15890472 2.2043264 0.022043264
0.15921403 2.1849198 0.021849198
0.15952333 2.1694227 0.021694227
0.15983264 2.1528695 0.021528695
0.16014194 2.1360614 0.021360614
0.16045124 2.1196856 0.021196856
0.16076054 2.1094505 0.021094505
0.16106984 2.0918524 0.020918524
0.16137914 2.0724293 0.020724293
0.16168844 2.0595142 0.020595142
0.16199774 2.043599 0.02043599
0.16230703 2.0259368 0.020259368
0.16261633 2.0087262 0.020087262
0.16292562 1.9957749 0.019957749
0.16323492 1.9845749 0.019845749
0.16354421 1.9652222 0.019652222
0.1638535 1.9548678 0.019548678
0.16416279 1.9329113 0.019329113
0.16447208 1.921259 0.01921259
0.16478137 1.8985283 0.018985283
0.16509066 1.8944383 0.018944383
0.16539995 1.878489 0.01878489
0.16570924 1.8616188 0.018616188
0.16601852 1.8470497 0.018470497
0.16632781 1.8322694 0.018322694
0.16663709 1.8166983 0.018166983
0.16694637 1.7997952 0.017997952
0.16725566 1.7873278 0.017873278
0.16756494 1.7688751 0.017688751
0.16787422 1.7588895 0.017588895
0.1681835 1.7439659 0.017439659
0.16849278 1.7296043 0.017296043
0.16880205 1.7154226 0.017154226
0.16911133 1.7023691 0.017023691
0.16942061 1.6887272 0.016887272
0.16972988 1.6728253 0.016728253
0.17003916 1.6567282 0.016567282
0.17034843 1.6439391 0.016439391
0.1706577 1.6357858 0.016357858
0.17096697 1.6155245 0.016155245
0.17127624 1.6087959 0.016087959
0.17158551 1.5924135 0.015924135
0.17189478 1.5768915 0.015768915
0.17220405 1.5651361 0.015651361
0.17251331 1.5507846 0.015507846
0.17282258 1.5400895 0.015400895
0.17313184 1.5244075 0.015244075
0.17344111 1.5168073 0.015168073
0.17375037 1.5071392 0.015071392
0.17405963 1.4912633 0.014912633
0.17436889 1.4726992 0.014726992
0.17467815 1.46403 0.0146403
0.17498741 1.4535931 0.014535931
0.17529667 1.4392846 0.014392846
0.17560593 1.4259981 0.014259981
0.17591518 1.4106183 0.014106183
0.17622444 1.4013809 0.014013809
0.17653369 1.3927337 0.013927337
0.17684295 1.3736812 0.013736812
0.1771522 1.3642575 0.013642575
0.17746145 1.3520174 0.013520174
0.1777707 1.3411502 0.013411502
0.17807995 1.3290994 0.013290994
0.1783892 1.3171075 0.013171075
0.17869844 1.3080374 0.013080374
0.17900769 1.2923818 0.012923818
0.17931694 1.2824019 0.012824019
0.17962618 1.273828 0.01273828
0.17993542 1.2592145 0.012592145
0.18024467 1.2521013 0.012521013
0.18055391 1.2364399 0.012364399
0.18086315 1.2260578 0.012260578
0.18117239 1.2123931 0.012123931
0.18148163 1.2021284 0.012021284
0.18179086 1.1887933 0.011887933
0.1821001 1.1812831 0.011812831
0.18240934 1.1676708 0.011676708
0.18271857 1.160826 0.01160826
0.1830278 1.1508117 0.011508117
0.18333704 1.1388592 0.011388592
0.18364627 1.12652 0.0112652
0.1839555 1.119738 0.01119738
0.18426473 1.1068085 0.011068085
0.18457396 1.0903859 0.010903859
0.18488318 1.0818283 0.010818283
0.18519241 1.0749385 0.010749385
0.18550164 1.0639564 0.010639564
0.18581086 1.0556901 0.010556901
0.18612009 1.0399739 0.010399739
0.18642931 1.0324799 0.010324799
0.18673853 1.0218158 0.010218158
0.18704775 1.0135482 0.010135482
0.18735697 1.000792 0.01000792
0.18766619 0.99603925 0.0099603925
0.1879754 0.98678976 0.0098678976
0.18828462 0.97452178 0.0097452178
0.18859384 0.96772296 0.0096772296
0.18890305 0.9551535 0.009551535
0.18921226 0.94993077 0.0094993077
0.18952148 0.93902167 0.0093902167
0.18983069 0.93075217 0.0093075217
0.1901399 0.91907463 0.0091907463
0.19044911 0.90777044 0.0090777044
0.19075832 0.90134805 0.0090134805
0.19106752 0.89389865 0.0089389865
0.19137673 0.88199747 0.0088199747
0.19168593 0.87526838 0.0087526838
0.19199514 0.86373262 0.0086373262
0.19230434 0.85508527 0.0085508527
0.19261354 0.84894392 0.0084894392
0.19292274 0.83566929 0.0083566929
0.19323194 0.82912827 0.0082912827
0.19354114 0.82362616 0.0082362616
0.19385034 0.81254567 0.0081254567
0.19415954 0.80327775 0.0080327775
0.19446873 0.79218412 0.0079218412
0.19477793 0.79019765 0.0079019765
0.19508712 0.77600035 0.0077600035
0.19539631 0.76902325 0.0076902325
0.1957055 0.76111726 0.0076111726
0.19601469 0.75566194 0.0075566194
0.19632388 0.74348054 0.0074348054
0.19663307 0.73863377 0.0073863377
0.19694226 0.72688965 0.0072688965
0.19725144 0.72060552 0.0072060552
0.19756063 0.71420246 0.0071420246
0.19786981 0.70607013 0.0070607013
0.19817899 0.69961572 0.0069961572
0.19848818 0.68953076 0.0068953076
0.19879736 0.68215623 0.0068215623
0.19910654 0.67418507 0.0067418507
0.19941572 0.66514894 0.0066514894
0.19972489 0.65770954 0.0065770954
0.20003407 0.65338282 0.0065338282
0.20034324 0.64284192 0.0064284192
0.20065242 0.63936425 0.0063936425
0.20096159 0.62650412 0.0062650412
0.20127076 0.6203138 0.006203138
0.20157993 0.61689281 0.0061689281
0.2018891 0.60849957 0.0060849957
0.20219827 0.60007335 0.0060007335
0.20250744 0.59450719 0.0059450719
0.20281661 0.58895488 0.0058895488
0.20312577 0.5815719 0.005815719
0.20343493 0.57783532 0.0057783532
0.2037441 0.56877433 0.0056877433
0.20405326 0.56164942 0.0056164942
0.20436242 0.55362676 0.0055362676
0.20467158 0.55149481 0.0055149481
0.20498074 0.54374004 0.0054374004
0.2052899 0.53833955 0.0053833955
0.20559905 0.53138572 0.0053138572
0.20590821 0.52170172 0.0052170172
0.20621736 0.51250784 0.0051250784
0.20652651 0.50890743 0.0050890743
0.20683567 0.50258091 0.0050258091
0.20714482 0.4948275 0.004948275
0.20745397 0.48972207 0.0048972207
0.20776312 0.48754784 0.0048754784
0.20807226 0.47657886 0.0047657886
0.20838141 0.47127522 0.0047127522
0.20869055 0.46478679 0.0046478679
0.2089997 0.45883395 0.0045883395
0.20930884 0.44907512 0.0044907512
0.20961798 0.44928163 0.0044928163
0.20992712 0.44167798 0.0044167798
0.21023626 0.4381002 0.004381002
0.2105454 0.42929513 0.0042929513
0.21085454 0.4249447 0.004249447
0.21116367 0.42031425 0.0042031425
0.21147281 0.41916582 0.0041916582
0.21178194 0.40829361 0.0040829361
0.21209107 0.4040242 0.004040242
0.21240021 0.40011213 0.0040011213
0.21270934 0.3920007 0.003920007
0.21301846 0.38693563 0.0038693563
0.21332759 0.38276431 0.0038276431
0.21363672 0.37850251 0.0037850251
0.21394584 0.37297162 0.0037297162
0.21425497 0.36829878 0.0036829878
0.21456409 0.36404454 0.0036404454
0.21487321 0.35727408 0.0035727408
0.21518234 0.35342754 0.0035342754
0.21549145 0.34919574 0.0034919574
0.21580057 0.34111785 0.0034111785
0.21610969 0.34030907 0.0034030907
0.21641881 0.33340074 0.0033340074
0.21672792 0.32887052 0.0032887052
0.21703704 0.32588595 0.0032588595
0.21734615 0.32134074 0.0032134074
0.21765526 0.31329845 0.0031329845
0.21796437 0.31115372 0.0031115372
0.21827348 0.30751281 0.0030751281
0.21858259 0.30564235 0.0030564235
0.21889169 0.29671853 0.0029671853
0.2192008 0.29456106 0.0029456106
0.2195099 0.29177103 0.0029177103
0.21981901 0.28573365 0.0028573365
0.22012811 0.27950867 0.0027950867
0.22043721 0.27614895 0.0027614895
0.22074631 0.2747139 0.002747139
0.22105541 0.26839362 0.0026839362
0.2213645 0.26707344 0.0026707344
0.2216736 0.26538185 0.0026538185
0.22198269 0.2588536 0.002588536
0.22229179 0.25832681 0.0025832681
0.22260088 0.25046744 0.0025046744
0.22290997 0.24869115 0.0024869115
0.22321906 0.24525614 0.0024525614
0.22352815 0.24060615 0.0024060615
0.22383724 0.2350069 0.002350069
0.22414632 0.23367137 0.0023367137
0.22445541 0.2266843 0.002266843
0.22476449 0.22550684 0.0022550684
0.22507357 0.22429051 0.0022429051
0.22538265 0.21200279 0.0021200279
0.22569174 0.21662102 0.0021662102
0.22600081 0.21265113 0.0021265113
0.22630989 0.20766239 0.0020766239
0.22661897 0.20554063 0.0020554063
0.22692804 0.19716615 0.0019716615
0.22723712 0.20087305 0.0020087305
0.22754619 0.19225916 0.0019225916
0.22785526 0.1866285 0.001866285
0.22816433 0.18638728 0.0018638728
0.2284734 0.18422456 0.0018422456
0.22878247 0.18076098 0.0018076098
0.22909153 0.1766864 0.001766864
0.2294006 0.17543044 0.0017543044
0.22970966 0.17348618 0.0017348618
0.23001873 0.17122813 0.0017122813
0.23032779 0.16724683 0.0016724683
0.23063685 0.16480094 0.0016480094
0.23094591 0.16043194 0.0016043194
0.23125496 0.16056255 0.0016056255
0.23156402 0.15258858 0.0015258858
0.23187308 0.15585008 0.0015585008
0.23218213 0.15346298 0.0015346298
0.23249118 0.14931295 0.0014931295
0.23280023 0.14697388 0.0014697388
0.23310928 0.14190094 0.0014190094
0.23341833 0.14177039 0.0014177039
0.23372738 0.13904094 0.0013904094
0.23403643 0.13851382 0.0013851382
0.23434547 0.13569575 0.0013569575
0.23465451 0.13575298 0.0013575298
0.23496356 0.13384723 0.0013384723
0.2352726 0.12735602 0.0012735602
0.23558164 0.12259486 0.0012259486
0.23589068 0.12257321 0.0012257321
0.23619971 0.12034954 0.0012034954
0.23650875 0.11821975 0.0011821975
0.23681778 0.11954932 0.0011954932
0.23712682 0.11189319 0.0011189319
0.23743585 0.11051689 0.0011051689
0.23774488 0.1115209 0.001115209
0.23805391 0.10486888 0.0010486888
0.23836294 0.10592919 0.0010592919
0.23867197 0.10227042 0.0010227042
0.23898099 0.10107415 0.0010107415
0.23929002 0.10018096 0.0010018096
0.23959904 0.099990353 0.00099990353
0.23990806 0.089626374 0.00089626374
0.24021708 0.091760568 0.00091760568
0.2405261 0.089307626 0.00089307626
0.24083512 0.093023332 0.00093023332
0.24114413 0.089554242 0.00089554242
0.24145315 0.089079568 0.00089079568
0.24176216 0.084643929 0.00084643929
0.24207118 0.083688338 0.00083688338
0.24238019 0.084455412 0.00084455412
0.2426892 0.081596365 0.00081596365
0.24299821 0.079155785 0.00079155785
0.24330721 0.081771441 0.00081771441
0.24361622 0.073862192 0.00073862192
0.24392522 0.074360171 0.00074360171
0.24423423 0.070074663 0.00070074663
0.24454323 0.068365104 0.00068365104
0.24485223 0.073493975 0.00073493975
0.24516123 0.071372164 0.00071372164
0.24547023 0.066742982 0.00066742982
0.24577922 0.06571044 0.0006571044
0.24608822 0.065167287 0.00065167287
0.24639721 0.063876784 0.00063876784
0.24670621 0.058928206 0.00058928206
0.2470152 0.060962817 0.00060962817
0.24732419 0.06086558 0.0006086558
0.24763318 0.061239116 0.00061239116
0.24794216 0.056048293 0.00056048293
0.24825115 0.054379729 0.00054379729
0.24856013 0.052794742 0.00052794742
0.24886912 0.053263914 0.00053263914
0.2491781 0.051780626 0.00051780626
0.24948708 0.050517501 0.00050517501
0.24979606 0.04668194 0.0004668194
0.25010504 0.046724861 0.00046724861
0.25041401 0.05127378 0.0005127378
0.25072299 0.044741519 0.00044741519
0.25103196 0.044612247 0.00044612247
0.25134093 0.045146626 0.00045146626
0.2516499 0.043272124 0.00043272124
0.25195887 0.043238739 0.00043238739
0.25226784 0.039302105 0.00039302105
0.25257681 0.043264727 0.00043264727
0.25288577 0.036885811 0.00036885811
0.25319474 0.04058036 0.0004058036
0.2535037 0.041304848 0.00041304848
0.25381266 0.038340106 0.00038340106
0.25412162 0.036282193 0.00036282193
0.25443058 0.033678794 0.00033678794
0.25473954 0.036501468 0.00036501468
0.25504849 0.035269903 0.00035269903
0.25535745 0.036429449 0.00036429449
0.2556664 0.034004447 0.00034004447
0.25597535 0.030301319 0.00030301319
0.2562843 0.027853699 0.00027853699
0.25659325 0.034093511 0.00034093511
0.2569022 0.03196125 0.0003196125
0.25721115 0.031480658 0.00031480658
0.25752009 0.032214767 0.00032214767
0.25782903 0.027393416 0.00027393416
0.25813798 0.027367124 0.00027367124
0.25844692 0.029230255 0.00029230255
0.25875585 0.028715017 0.00028715017
0.25906479 0.027954426 0.00027954426
0.25937373 0.032952648 0.00032952648
0.25968266 0.027806732 0.00027806732
0.2599916 0.023426605 0.00023426605
0.26030053 0.028257072 0.00028257072
0.26060946 0.02277515 0.0002277515
0.26091839 0.022025264 0.00022025264
0.26122732 0.025137 0.00025137
0.26153624 0.025348181 0.00025348181
0.26184517 0.025349781 0.00025349781
0.26215409 0.023127412 0.00023127412
0.26246301 0.022897372 0.00022897372
0.26277193 0.020952071 0.00020952071
0.26308085 0.019959973 0.00019959973
0.26338977 0.021401648 0.00021401648
0.26369869 0.017963278 0.00017963278
0.2640076 0.017478575 0.00017478575
0.26431651 0.019195691 0.00019195691
0.26462543 0.02060862 0.0002060862
0.26493434 0.021498409 0.00021498409
0.26524325 0.015895955 0.00015895955
0.26555215 0.019352067 0.00019352067
0.26586106 0.020617156 0.00020617156
0.26616996 0.018475655 0.00018475655
0.26647887 0.018507102 0.00018507102
0.26678777 0.02040001 0.0002040001
0.26709667 0.016891243 0.00016891243
0.26740557 0.023196855 0.00023196855
0.26771447 0.019357039 0.00019357039
0.26802336 0.014041572 0.00014041572
0.26833226 0.013506898 0.00013506898
0.26864115 0.015477533 0.00015477533
0.26895004 0.020001795 0.00020001795
0.26925893 0.017391738 0.00017391738
0.26956782 0.017641051 0.00017641051
0.26987671 0.017775948 0.00017775948
0.27018559 0.017823383 0.00017823383
0.27049448 0.019092914 0.00019092914
0.27080336 0.015531811 0.00015531811
0.27111224 0.018995114 0.00018995114
0.27142112 0.019079404 0.00019079404
0.27173 0.014865878 0.00014865878
0.27203888 0.018275407 0.00018275407
0.27234775 0.015652419 0.00015652419
0.27265663 0.017599507 0.00017599507
0.2729655 0.017208021 0.00017208021
0.27327437 0.014470055 0.00014470055
0.27358324 0.017382131 0.00017382131
0.27389211 0.017293284 0.00017293284
0.27420098 0.012336652 0.00012336652
0.27450984 0.011647517 0.00011647517
0.2748187 0.014595038 0.00014595038
0.27512757 0.013089617 0.00013089617
0.27543643 0.013858664 0.00013858664
0.27574529 0.01432812 0.0001432812
0.27605414 0.01548624 0.0001548624
0.276363 0.016091573 0.00016091573
0.27667185 0.015492765 0.00015492765
0.27698071 0.012388071 0.00012388071
0.27728956 0.01416204 0.0001416204
0.27759841 0.015729683 0.00015729683
0.27790726 0.015622447 0.00015622447
0.2782161 0.013282612 0.00013282612
0.27852495 0.011941099 0.00011941099
0.27883379 0.015517583 0.00015517583
0.27914264 0.018382873 0.00018382873
0.27945148 0.012777527 0.00012777527
0.27976032 0.013545925 0.00013545925
0.28006915 0.010688346 0.00010688346
0.28037799 0.01665251 0.0001665251
0.28068683 0.014553115 0.00014553115
0.28099566 0.016838823 0.00016838823
0.28130449 0.016421358 0.00016421358
0.28161332 0.016288487 0.00016288487
0.28192215 0.013871155 0.00013871155
0.28223098 0.020187294 0.00020187294
0.2825398 0.019654966 0.00019654966
0.28284863 0.017443493 0.00017443493
0.28315745 0.022641429 0.00022641429
0.28346627 0.020396675 0.00020396675
0.28377509 0.01320192 0.0001320192
0.28408391 0.022568147 0.00022568147
0.28439272 0.014998442 0.00014998442
0.28470154 0.019829993 0.00019829993
0.28501035 0.019901626 0.00019901626
0.28531916 0.019148834 0.00019148834
0.28562797 0.018328477 0.00018328477
0.28593678 0.018337533 0.00018337533
0.28624559 0.020958953 0.00020958953
0.2865544 0.019631009 0.00019631009
0.2868632 0.018834269 0.00018834269
0.287172 0.018218953 0.00018218953
0.2874808 0.020148307 0.00020148307
0.2877896 0.020865185 0.00020865185
0.2880984 0.021077069 0.00021077069
0.2884072 0.019599481 0.00019599481
0.28871599 0.025453087 0.00025453087
0.28902478 0.022687789 0.00022687789
0.28933358 0.022578252 0.00022578252
0.28964237 0.0244343 0.000244343
0.28995115 0.02 0.0002
0.29025994 0.022709514 0.00022709514
0.29056873 0.023196931 0.00023196931
0.29087751 0.023039788 0.00023039788
0.29118629 0.025066521 0.00025066521
0.29149507 0.017303836 0.00017303836
0.29180385 0.021119022 0.00021119022
0.29211263 0.022626318 0.00022626318
0.2924214 0.024854366 0.00024854366
0.29273018 0.028202385 0.00028202385
0.29303895 0.017241079 0.00017241079
0.29334772 0.022736506 0.00022736506
0.29365649 0.025511392 0.00025511392
0.29396526 0.023358488 0.00023358488
0.29427402 0.024902788 0.00024902788
0.29458279 0.022762145 0.00022762145
0.29489155 0.026066982 0.00026066982
0.29520031 0.027315156 0.00027315156
0.29550907 0.025350481 0.00025350481
0.29581783 0.020405103 0.00020405103
0.29612659 0.023943948 0.00023943948
0.29643534 0.023446442 0.00023446442
0.2967441 0.025049875 0.00025049875
0.29705285 0.033550907 0.00033550907
0.2973616 0.026665572 0.00026665572
0.29767035 0.025720446 0.00025720446
0.29797909 0.025986205 0.00025986205
0.29828784 0.026425774 0.00026425774
0.29859658 0.025529599 0.00025529599
0.29890532 0.030428116 0.00030428116
0.29921406 0.029430942 0.00029430942
0.2995228 0.02567161 0.0002567161
0.29983154 0.031445581 0.00031445581
