0.010059664 18.566473 0.18566473
0.010369191 17.921747 0.17921747
0.010678719 17.518751 0.17518751
0.010988246 17.055363 0.17055363
0.011297773 16.713333 0.16713333
0.0116073 16.39756 0.1639756
0.011916828 16.035141 0.16035141
0.012226355 15.725256 0.15725256
0.012535882 15.562314 0.15562314
0.012845409 15.297195 0.15297195
0.013154936 15.096431 0.15096431
0.013464463 14.929428 0.14929428
0.013773989 14.748518 0.14748518
0.014083516 14.664047 0.14664047
0.014393043 14.467907 0.14467907
0.014702569 14.272129 0.14272129
0.015012096 14.169361 0.14169361
0.015321622 14.074894 0.14074894
0.015631148 13.974916 0.13974916
0.015940675 13.887953 0.13887953
0.016250201 13.818542 0.13818542
0.016559727 13.749797 0.13749797
0.016869253 13.63871 0.1363871
0.017178779 13.565323 0.13565323
0.017488304 13.50218 0.1350218
0.01779783 13.450197 0.13450197
0.018107355 13.353691 0.13353691
0.018416881 13.293784 0.13293784
0.018726406 13.167933 0.13167933
0.019035932 13.11402 0.1311402
0.019345457 13.058183 0.13058183
0.019654982 12.91567 0.1291567
0.019964507 12.928342 0.12928342
0.020274032 12.888919 0.12888919
0.020583556 12.794078 0.12794078
0.020893081 12.723223 0.12723223
0.021202605 12.67784 0.1267784
0.02151213 12.602395 0.12602395
0.021821654 12.582388 0.12582388
0.022131178 12.548892 0.12548892
0.022440702 12.502158 0.12502158
0.022750226 12.457756 0.12457756
0.02305975 12.435299 0.12435299
0.023369274 12.375074 0.12375074
0.023678797 12.309529 0.12309529
0.023988321 12.204607 0.12204607
0.024297844 12.240094 0.12240094
0.024607367 12.162942 0.12162942
0.02491689 12.076857 0.12076857
0.025226413 12.059637 0.12059637
0.025535936 11.982981 0.11982981
0.025845458 11.947472 0.11947472
0.026154981 11.885485 0.11885485
0.026464503 11.812278 0.11812278
0.026774025 11.761726 0.11761726
0.027083547 11.719868 0.11719868
0.027393069 11.674059 0.11674059
0.027702591 11.619148 0.11619148
0.028012112 11.544447 0.11544447
0.028321634 11.480709 0.11480709
0.028631155 11.414931 0.11414931
0.028940676 11.343072 0.11343072
0.029250197 11.294569 0.11294569
0.029559718 11.23019 0.1123019
0.029869238 11.18622 0.1118622
0.030178759 11.114197 0.11114197
0.030488279 11.07805 0.1107805
0.030797799 11.032308 0.11032308
0.031107319 10.975973 0.10975973
0.031416839 10.92988 0.1092988
0.031726359 10.870977 0.10870977
0.032035878 10.843217 0.10843217
0.032345397 10.791195 0.10791195
0.032654916 10.752734 0.10752734
0.032964435 10.698054 0.10698054
0.033273954 10.637279 0.10637279
0.033583473 10.590021 0.10590021
0.033892991 10.561531 0.10561531
0.034202509 10.508703 0.10508703
0.034512027 10.456544 0.10456544
0.034821545 10.438737 0.10438737
0.035131063 10.366359 0.10366359
0.03544058 10.311697 0.10311697
0.035750097 10.270158 0.10270158
0.036059614 10.208721 0.10208721
0.036369131 10.204825 0.10204825
0.036678648 10.15194 0.1015194
0.036988164 10.103513 0.10103513
0.03729768 10.047887 0.10047887
0.037607196 10.019253 0.10019253
0.037916712 9.9631527 0.099631527
0.038226228 9.9548589 0.099548589
0.038535743 9.9097043 0.099097043
0.038845259 9.8423625 0.098423625
0.039154774 9.7997419 0.097997419
0.039464288 9.7754349 0.097754349
0.039773803 9.7282147 0.097282147
0.040083317 9.7066467 0.097066467
0.040392831 9.6360131 0.096360131
0.040702345 9.6253678 0.096253678
0.041011859 9.5596475 0.095596475
0.041321372 9.4990453 0.094990453
0.041630886 9.4791769 0.094791769
0.041940399 9.4275029 0.094275029
0.042249911 9.4088878 0.094088878
0.042559424 9.3555904 0.093555904
0.042868936 9.3050713 0.093050713
0.043178448 9.2684595 0.092684595
0.04348796 9.2197618 0.092197618
0.043797472 9.198167 0.09198167
0.044106983 9.1388523 0.091388523
0.044416494 9.1203759 0.091203759
0.044726005 9.0888338 0.090888338
0.045035516 9.020838 0.09020838
0.045345026 8.9804801 0.089804801
0.045654536 8.952368 0.08952368
0.045964046 8.9099854 0.089099854
0.046273556 8.8346393 0.088346393
0.046583065 8.8212102 0.088212102
0.046892575 8.745471 0.08745471
0.047202083 8.7162443 0.087162443
0.047511592 8.6748185 0.086748185
0.0478211 8.6296694 0.086296694
0.048130609 8.6165998 0.086165998
0.048440116 8.5759956 0.085759956
0.048749624 8.5246535 0.085246535
0.049059131 8.4887877 0.084887877
0.049368638 8.407022 0.08407022
0.049678145 8.4579824 0.084579824
0.049987652 8.3989468 0.083989468
0.050297158 8.3644305 0.083644305
0.050606664 8.3182985 0.083182985
0.05091617 8.2981315 0.082981315
0.051225675 8.2694072 0.082694072
0.05153518 8.2316043 0.082316043
0.051844685 8.1765577 0.081765577
0.05215419 8.1701654 0.081701654
0.052463694 8.0967503 0.080967503
0.052773198 8.0682596 0.080682596
0.053082702 8.0486258 0.080486258
0.053392205 8.0114365 0.080114365
0.053701708 7.9894448 0.079894448
0.054011211 7.9469801 0.079469801
0.054320713 7.9045792 0.079045792
0.054630216 7.8844544 0.078844544
0.054939718 7.8336533 0.078336533
0.055249219 7.8048002 0.078048002
0.055558721 7.7706056 0.077706056
0.055868222 7.7424707 0.077424707
0.056177722 7.7193076 0.077193076
0.056487223 7.6655732 0.076655732
0.056796723 7.6258621 0.076258621
0.057106223 7.6015686 0.076015686
0.057415722 7.5601656 0.075601656
0.057725221 7.5174505 0.075174505
0.05803472 7.5010914 0.075010914
0.058344219 7.4728113 0.074728113
0.058653717 7.4479002 0.074479002
0.058963215 7.3830887 0.073830887
0.059272713 7.3544283 0.073544283
0.05958221 7.3494114 0.073494114
0.059891707 7.3300487 0.073300487
0.060201203 7.2732841 0.072732841
0.0605107 7.2541085 0.072541085
0.060820196 7.218971 0.07218971
0.061129691 7.1690901 0.071690901
0.061439187 7.1764221 0.071764221
0.061748681 7.1192137 0.071192137
0.062058176 7.1115327 0.071115327
0.06236767 7.072734 0.07072734
0.062677164 7.0529999 0.070529999
0.062986658 7.0206072 0.070206072
0.063296151 6.9704477 0.069704477
0.063605644 6.9434667 0.069434667
0.063915137 6.9143833 0.069143833
0.064224629 6.8945229 0.068945229
0.064534121 6.8544379 0.068544379
0.064843612 6.8367406 0.068367406
0.065153103 6.807856 0.06807856
0.065462594 6.7599077 0.067599077
0.065772085 6.7155479 0.067155479
0.066081575 6.7120978 0.067120978
0.066391064 6.6733258 0.066733258
0.066700554 6.6562281 0.066562281
0.067010043 6.5932948 0.065932948
0.067319531 6.5739088 0.065739088
0.06762902 6.5498096 0.065498096
0.067938508 6.5314182 0.065314182
0.068247995 6.4791437 0.064791437
0.068557482 6.4648122 0.064648122
0.068866969 6.4259986 0.064259986
0.069176455 6.4039072 0.064039072
0.069485941 6.3726851 0.063726851
0.069795427 6.3374888 0.063374888
0.070104912 6.316068 0.06316068
0.070414397 6.2853905 0.062853905
0.070723882 6.252771 0.06252771
0.071033366 6.2282235 0.062282235
0.07134285 6.1933708 0.061933708
0.071652333 6.1741202 0.061741202
0.071961816 6.134361 0.06134361
0.072271298 6.1043591 0.061043591
0.07258078 6.0721736 0.060721736
0.072890262 6.0516185 0.060516185
0.073199744 6.0261814 0.060261814
0.073509225 6.0006588 0.060006588
0.073818705 5.9698198 0.059698198
0.074128185 5.9397514 0.059397514
0.074437665 5.9159053 0.059159053
0.074747144 5.889649 0.05889649
0.075056623 5.8432309 0.058432309
0.075366102 5.8365266 0.058365266
0.07567558 5.7864842 0.057864842
0.075985058 5.7712666 0.057712666
0.076294535 5.739473 0.05739473
0.076604012 5.7207697 0.057207697
0.076913488 5.696687 0.05696687
0.077222964 5.6570275 0.056570275
0.07753244 5.6398039 0.056398039
0.077841915 5.606409 0.05606409
0.07815139 5.5835022 0.055835022
0.078460864 5.5596115 0.055596115
0.078770338 5.5244418 0.055244418
0.079079812 5.5064202 0.055064202
0.079389285 5.474287 0.05474287
0.079698757 5.4518775 0.054518775
0.080008229 5.4295782 0.054295782
0.080317701 5.3999053 0.053999053
0.080627172 5.3740052 0.053740052
0.080936643 5.3544725 0.053544725
0.081246114 5.3112356 0.053112356
0.081555584 5.2912658 0.052912658
0.081865053 5.2660904 0.052660904
0.082174522 5.2510589 0.052510589
0.082483991 5.2162595 0.052162595
0.082793459 5.1878249 0.051878249
0.083102927 5.1654108 0.051654108
0.083412394 5.1356877 0.051356877
0.083721861 5.1202152 0.051202152
0.084031327 5.0762755 0.050762755
0.084340793 5.0509961 0.050509961
0.084650259 5.0268023 0.050268023
0.084959724 5.0127238 0.050127238
0.085269188 4.9778546 0.049778546
0.085578652 4.9558892 0.049558892
0.085888116 4.9324127 0.049324127
0.086197579 4.9113987 0.049113987
0.086507042 4.8772955 0.048772955
0.086816504 4.8527037 0.048527037
0.087125966 4.8260796 0.048260796
0.087435427 4.8059896 0.048059896
0.087744888 4.7800984 0.047800984
0.088054348 4.7606554 0.047606554
0.088363808 4.7366255 0.047366255
0.088673267 4.7220209 0.047220209
0.088982726 4.6912425 0.046912425
0.089292184 4.6631909 0.046631909
0.089601642 4.6437866 0.046437866
0.089911099 4.6287853 0.046287853
0.090220556 4.6017526 0.046017526
0.090530013 4.5759035 0.045759035
0.090839469 4.5506818 0.045506818
0.091148924 4.5302901 0.045302901
0.091458379 4.4970842 0.044970842
0.091767833 4.4889498 0.044889498
0.092077287 4.4605762 0.044605762
0.092386741 4.4295315 0.044295315
0.092696194 4.4156792 0.044156792
0.093005646 4.3948977 0.043948977
0.093315098 4.3596121 0.043596121
0.093624549 4.3397876 0.043397876
0.093934 4.3206571 0.043206571
0.09424345 4.2887805 0.042887805
0.0945529 4.2763098 0.042763098
0.09486235 4.2499399 0.042499399
0.095171798 4.2273399 0.042273399
0.095481247 4.2027725 0.042027725
0.095790694 4.1723887 0.041723887
0.096100142 4.1494962 0.041494962
0.096409588 4.1366983 0.041366983
0.096719035 4.1060742 0.041060742
0.09702848 4.0904469 0.040904469
0.097337925 4.0648483 0.040648483
0.09764737 4.0407594 0.040407594
0.097956814 4.0210812 0.040210812
0.098266257 4.0037517 0.040037517
0.0985757 3.988894 0.03988894
0.098885143 3.9547166 0.039547166
0.099194585 3.9376822 0.039376822
0.099504026 3.9141736 0.039141736
0.099813467 3.893916 0.03893916
0.10012291 3.8700557 0.038700557
0.10043235 3.8559453 0.038559453
0.10074179 3.8339798 0.038339798
0.10105122 3.8088259 0.038088259
0.10136066 3.7875739 0.037875739
0.1016701 3.7649057 0.037649057
0.10197954 3.7390656 0.037390656
0.10228897 3.7135769 0.037135769
0.10259841 3.7026728 0.037026728
0.10290785 3.6824697 0.036824697
0.10321728 3.6658477 0.036658477
0.10352671 3.6423982 0.036423982
0.10383615 3.619333 0.03619333
0.10414558 3.599889 0.03599889
0.10445501 3.5849675 0.035849675
0.10476445 3.5587401 0.035587401
0.10507388 3.5497376 0.035497376
0.10538331 3.5183273 0.035183273
0.10569274 3.4998374 0.034998374
0.10600217 3.4802419 0.034802419
0.1063116 3.457692 0.03457692
0.10662102 3.4418142 0.034418142
0.10693045 3.4196013 0.034196013
0.10723988 3.3931608 0.033931608
0.10754931 3.3761661 0.033761661
0.10785873 3.3670405 0.033670405
0.10816816 3.3396846 0.033396846
0.10847758 3.3222207 0.033222207
0.10878701 3.3046973 0.033046973
0.10909643 3.2808618 0.032808618
0.10940585 3.2680267 0.032680267
0.10971528 3.2460593 0.032460593
0.1100247 3.2227213 0.032227213
0.11033412 3.2095415 0.032095415
0.11064354 3.1836644 0.031836644
0.11095296 3.1699218 0.031699218
0.11126238 3.150646 0.03150646
0.1115718 3.1261642 0.031261642
0.11188122 3.1083077 0.031083077
0.11219064 3.0922912 0.030922912
0.11250005 3.0736871 0.030736871
0.11280947 3.0552169 0.030552169
0.11311889 3.0276401 0.030276401
0.1134283 3.012584 0.03012584
0.11373772 3.0027457 0.030027457
0.11404713 2.9893183 0.029893183
0.11435654 2.9663171 0.029663171
0.11466596 2.9469304 0.029469304
0.11497537 2.9345224 0.029345224
0.11528478 2.9060444 0.029060444
0.11559419 2.8936483 0.028936483
0.1159036 2.8717107 0.028717107
0.11621301 2.8569333 0.028569333
0.11652242 2.8416189 0.028416189
0.11683183 2.8216478 0.028216478
0.11714124 2.8069678 0.028069678
0.11745064 2.7854849 0.027854849
0.11776005 2.7767301 0.027767301
0.11806945 2.755708 0.02755708
0.11837886 2.7373318 0.027373318
0.11868826 2.7193204 0.027193204
0.11899767 2.7049473 0.027049473
0.11930707 2.6831888 0.026831888
0.11961647 2.671018 0.02671018
0.11992588 2.6528915 0.026528915
0.12023528 2.6399118 0.026399118
0.12054468 2.6238982 0.026238982
0.12085408 2.6022653 0.026022653
0.12116348 2.5846741 0.025846741
0.12147288 2.5729433 0.025729433
0.12178227 2.5558498 0.025558498
0.12209167 2.5464656 0.025464656
0.12240107 2.5203762 0.025203762
0.12271046 2.5111749 0.025111749
0.12301986 2.5012772 0.025012772
0.12332925 2.4748138 0.024748138
0.12363865 2.4552468 0.024552468
0.12394804 2.4443939 0.024443939
0.12425743 2.4338431 0.024338431
0.12456683 2.414191 0.02414191
0.12487622 2.3979873 0.023979873
0.12518561 2.3830531 0.023830531
0.125495 2.3671461 0.023671461
0.12580439 2.3501954 0.023501954
0.12611377 2.3359699 0.023359699
0.12642316 2.3194683 0.023194683
0.12673255 2.3086861 0.023086861
0.12704194 2.2929952 0.022929952
0.12735132 2.2809629 0.022809629
0.12766071 2.2591337 0.022591337
0.12797009 2.2413607 0.022413607
0.12827947 2.2272628 0.022272628
0.12858886 2.2170731 0.022170731
0.12889824 2.2001474 0.022001474
0.12920762 2.1901795 0.021901795
0.129517 2.1782374 0.021782374
0.12982638 2.1578944 0.021578944
0.13013576 2.1485036 0.021485036
0.13044514 2.1306081 0.021306081
0.13075452 2.1192097 0.021192097
0.1310639 2.0990932 0.020990932
0.13137327 2.0850138 0.020850138
0.13168265 2.0731882 0.020731882
0.13199202 2.0639237 0.020639237
0.1323014 2.0449363 0.020449363
0.13261077 2.0313687 0.020313687
0.13292015 2.0235921 0.020235921
0.13322952 2.0052096 0.020052096
0.13353889 1.9913292 0.019913292
0.13384826 1.9787248 0.019787248
0.13415763 1.9619547 0.019619547
0.134467 1.9544846 0.019544846
0.13477637 1.9404556 0.019404556
0.13508574 1.9282045 0.019282045
0.1353951 1.9075587 0.019075587
0.13570447 1.8986804 0.018986804
0.13601383 1.8879632 0.018879632
0.1363232 1.8782096 0.018782096
0.13663256 1.8610586 0.018610586
0.13694193 1.8463264 0.018463264
0.13725129 1.8368281 0.018368281
0.13756065 1.824922 0.01824922
0.13787001 1.8147561 0.018147561
0.13817937 1.7972816 0.017972816
0.13848873 1.7848356 0.017848356
0.13879809 1.7737976 0.017737976
0.13910745 1.7636827 0.017636827
0.13941681 1.7512286 0.017512286
0.13972616 1.7362108 0.017362108
0.14003552 1.7207605 0.017207605
0.14034488 1.7077632 0.017077632
0.14065423 1.6945586 0.016945586
0.14096358 1.6868579 0.016868579
0.14127294 1.6759556 0.016759556
0.14158229 1.6612851 0.016612851
0.14189164 1.6534203 0.016534203
0.14220099 1.6397128 0.016397128
0.14251034 1.628168 0.01628168
0.14281969 1.6130033 0.016130033
0.14312904 1.6067319 0.016067319
0.14343838 1.5929522 0.015929522
0.14374773 1.5776899 0.015776899
0.14405708 1.5704101 0.015704101
0.14436642 1.5639597 0.015639597
0.14467577 1.5456527 0.015456527
0.14498511 1.5337944 0.015337944
0.14529445 1.522337 0.01522337
0.14560379 1.5154782 0.015154782
0.14591314 1.5018457 0.015018457
0.14622248 1.4935524 0.014935524
0.14653182 1.4807849 0.014807849
0.14684115 1.4679798 0.014679798
0.14715049 1.4592858 0.014592858
0.14745983 1.4482548 0.014482548
0.14776917 1.4412409 0.014412409
0.1480785 1.4300691 0.014300691
0.14838784 1.4145293 0.014145293
0.14869717 1.4070294 0.014070294
0.1490065 1.3933447 0.013933447
0.14931583 1.385813 0.01385813
0.14962517 1.3756785 0.013756785
0.1499345 1.3631933 0.013631933
0.15024383 1.3471876 0.013471876
0.15055316 1.3476021 0.013476021
0.15086248 1.3345446 0.013345446
0.15117181 1.3268613 0.013268613
0.15148114 1.3165576 0.013165576
0.15179046 1.3035248 0.013035248
0.15209979 1.2961238 0.012961238
0.15240911 1.2844649 0.012844649
0.15271844 1.2778642 0.012778642
0.15302776 1.2652828 0.012652828
0.15333708 1.2522419 0.012522419
0.1536464 1.2476035 0.012476035
0.15395572 1.2392332 0.012392332
0.15426504 1.227866 0.01227866
0.15457436 1.2208678 0.012208678
0.15488367 1.209174 0.01209174
0.15519299 1.2019335 0.012019335
0.15550231 1.1921364 0.011921364
0.15581162 1.1792412 0.011792412
0.15612093 1.1699878 0.011699878
0.15643025 1.1603873 0.011603873
0.15673956 1.1537029 0.011537029
0.15704887 1.1373405 0.011373405
0.15735818 1.1309494 0.011309494
0.15766749 1.1211375 0.011211375
0.1579768 1.1157671 0.011157671
0.15828611 1.1073041 0.011073041
0.15859542 1.0967559 0.010967559
0.15890472 1.0864743 0.010864743
0.15921403 1.0787983 0.010787983
0.15952333 1.070918 0.01070918
0.15983264 1.059941 0.01059941
0.16014194 1.0515827 0.010515827
0.16045124 1.0442109 0.010442109
0.16076054 1.0357208 0.010357208
0.16106984 1.0302658 0.010302658
0.16137914 1.017681 0.01017681
0.16168844 1.0148843 0.010148843
0.16199774 1.0051303 0.010051303
0.16230703 0.99434741 0.0099434741
0.16261633 0.98991714 0.0098991714
0.16292562 0.97696924 0.0097696924
0.16323492 0.97082134 0.0097082134
0.16354421 0.9622295 0.009622295
0.1638535 0.95676262 0.0095676262
0.16416279 0.94485336 0.0094485336
0.16447208 0.93809349 0.0093809349
0.16478137 0.92860773 0.0092860773
0.16509066 0.9251346 0.009251346
0.16539995 0.9216233 0.009216233
0.16570924 0.906868 0.00906868
0.16601852 0.90067125 0.0090067125
0.16632781 0.89391072 0.0089391072
0.16663709 0.88782732 0.0088782732
0.16694637 0.88025631 0.0088025631
0.16725566 0.86811006 0.0086811006
0.16756494 0.86164938 0.0086164938
0.16787422 0.8566209 0.008566209
0.1681835 0.85145174 0.0085145174
0.16849278 0.84076987 0.0084076987
0.16880205 0.83372475 0.0083372475
0.16911133 0.82944451 0.0082944451
0.16942061 0.81891884 0.0081891884
0.16972988 0.81075435 0.0081075435
0.17003916 0.80476545 0.0080476545
0.17034843 0.79829339 0.0079829339
0.1706577 0.79355716 0.0079355716
0.17096697 0.78724296 0.0078724296
0.17127624 0.77683744 0.0077683744
0.17158551 0.76991587 0.0076991587
0.17189478 0.76396269 0.0076396269
0.17220405 0.75835256 0.0075835256
0.17251331 0.75183297 0.0075183297
0.17282258 0.74625295 0.0074625295
0.17313184 0.7375583 0.007375583
0.17344111 0.73371713 0.0073371713
0.17375037 0.72858318 0.0072858318
0.17405963 0.71954014 0.0071954014
0.17436889 0.70942017 0.0070942017
0.17467815 0.70512187 0.0070512187
0.17498741 0.69988354 0.0069988354
0.17529667 0.69269093 0.0069269093
0.17560593 0.68597965 0.0068597965
0.17591518 0.68033439 0.0068033439
0.17622444 0.67409203 0.0067409203
0.17653369 0.66670316 0.0066670316
0.17684295 0.65998663 0.0065998663
0.1771522 0.65691352 0.0065691352
0.17746145 0.65070127 0.0065070127
0.1777707 0.64723451 0.0064723451
0.17807995 0.63582798 0.0063582798
0.1783892 0.62825435 0.0062825435
0.17869844 0.63029068 0.0063029068
0.17900769 0.62053427 0.0062053427
0.17931694 0.617706 0.00617706
0.17962618 0.6136226 0.006136226
0.17993542 0.60273151 0.0060273151
0.18024467 0.60423399 0.0060423399
0.18055391 0.59024782 0.0059024782
0.18086315 0.58581175 0.0058581175
0.18117239 0.57728348 0.0057728348
0.18148163 0.57676771 0.0057676771
0.18179086 0.56803151 0.0056803151
0.1821001 0.56317148 0.0056317148
0.18240934 0.56186826 0.0056186826
0.18271857 0.55536021 0.0055536021
0.1830278 0.54663459 0.0054663459
0.18333704 0.54740551 0.0054740551
0.18364627 0.53707871 0.0053707871
0.1839555 0.53579625 0.0053579625
0.18426473 0.52694132 0.0052694132
0.18457396 0.52231259 0.0052231259
0.18488318 0.51431704 0.0051431704
0.18519241 0.5086656 0.005086656
0.18550164 0.50906481 0.0050906481
0.18581086 0.50343081 0.0050343081
0.18612009 0.49560847 0.0049560847
0.18642931 0.49293667 0.0049293667
0.18673853 0.48691452 0.0048691452
0.18704775 0.4816689 0.004816689
0.18735697 0.47431593 0.0047431593
0.18766619 0.47306566 0.0047306566
0.1879754 0.46722507 0.0046722507
0.18828462 0.46136379 0.0046136379
0.18859384 0.45672456 0.0045672456
0.18890305 0.45250061 0.0045250061
0.18921226 0.45285418 0.0045285418
0.18952148 0.44579398 0.0044579398
0.18983069 0.44075775 0.0044075775
0.1901399 0.43562308 0.0043562308
0.19044911 0.43116603 0.0043116603
0.19075832 0.42727631 0.0042727631
0.19106752 0.42652277 0.0042652277
0.19137673 0.41864378 0.0041864378
0.19168593 0.41603553 0.0041603553
0.19199514 0.41033364 0.0041033364
0.19230434 0.40640462 0.0040640462
0.19261354 0.40379276 0.0040379276
0.19292274 0.39633163 0.0039633163
0.19323194 0.39131472 0.0039131472
0.19354114 0.3869519 0.003869519
0.19385034 0.38508326 0.0038508326
0.19415954 0.37898202 0.0037898202
0.19446873 0.37424842 0.0037424842
0.19477793 0.3730585 0.003730585
0.19508712 0.37016427 0.0037016427
0.19539631 0.3630529 0.003630529
0.1957055 0.36043793 0.0036043793
0.19601469 0.35842135 0.0035842135
0.19632388 0.35213861 0.0035213861
0.19663307 0.35084969 0.0035084969
0.19694226 0.34349823 0.0034349823
0.19725144 0.34379849 0.0034379849
0.19756063 0.33863555 0.0033863555
0.19786981 0.33204317 0.0033204317
0.19817899 0.32782073 0.0032782073
0.19848818 0.32727703 0.0032727703
0.19879736 0.32090455 0.0032090455
0.19910654 0.31794348 0.0031794348
0.19941572 0.31535273 0.0031535273
0.19972489 0.31350662 0.0031350662
0.20003407 0.30490705 0.0030490705
0.20034324 0.30193869 0.0030193869
0.20065242 0.30028011 0.0030028011
0.20096159 0.29309543 0.0029309543
0.20127076 0.29101637 0.0029101637
0.20157993 0.29238365 0.0029238365
0.2018891 0.28741545 0.0028741545
0.20219827 0.28295398 0.0028295398
0.20250744 0.28082132 0.0028082132
0.20281661 0.27810726 0.0027810726
0.20312577 0.27336086 0.0027336086
0.20343493 0.27179093 0.0027179093
0.2037441 0.26796033 0.0026796033
0.20405326 0.26464552 0.0026464552
0.20436242 0.26239156 0.0026239156
0.20467158 0.25699907 0.0025699907
0.20498074 0.25545059 0.0025545059
0.2052899 0.25206371 0.0025206371
0.20559905 0.24732741 0.0024732741
0.20590821 0.24241358 0.0024241358
0.20621736 0.23895612 0.0023895612
0.20652651 0.24030603 0.0024030603
0.20683567 0.23819822 0.0023819822
0.20714482 0.23389177 0.0023389177
0.20745397 0.23043052 0.0023043052
0.20776312 0.22970368 0.0022970368
0.20807226 0.22480017 0.0022480017
0.20838141 0.21793592 0.0021793592
0.20869055 0.21849334 0.0021849334
0.2089997 0.21518672 0.0021518672
0.20930884 0.21063428 0.0021063428
0.20961798 0.21463476 0.0021463476
0.20992712 0.21091792 0.0021091792
0.21023626 0.2056326 0.002056326
0.2105454 0.20255655 0.0020255655
0.21085454 0.20480176 0.0020480176
0.21116367 0.19553608 0.0019553608
0.21147281 0.19913492 0.0019913492
0.21178194 0.19032355 0.0019032355
0.21209107 0.18830257 0.0018830257
0.21240021 0.18883389 0.0018883389
0.21270934 0.18514841 0.0018514841
0.21301846 0.18236859 0.0018236859
0.21332759 0.18163404 0.0018163404
0.21363672 0.18075631 0.0018075631
0.21394584 0.17937127 0.0017937127
0.21425497 0.17114318 0.0017114318
0.21456409 0.17356718 0.0017356718
0.21487321 0.16894693 0.0016894693
0.21518234 0.16820367 0.0016820367
0.21549145 0.16638687 0.0016638687
0.21580057 0.1648921 0.001648921
0.21610969 0.16068627 0.0016068627
0.21641881 0.15955595 0.0015955595
0.21672792 0.15456483 0.0015456483
0.21703704 0.15417217 0.0015417217
0.21734615 0.15454568 0.0015454568
0.21765526 0.14841489 0.0014841489
0.21796437 0.14671246 0.0014671246
0.21827348 0.14652265 0.0014652265
0.21858259 0.14563311 0.0014563311
0.21889169 0.1399397 0.001399397
0.2192008 0.1395791 0.001395791
0.2195099 0.13743771 0.0013743771
0.21981901 0.13797852 0.0013797852
0.22012811 0.13526086 0.0013526086
0.22043721 0.13098644 0.0013098644
0.22074631 0.13068825 0.0013068825
0.22105541 0.12744016 0.0012744016
0.2213645 0.1287136 0.001287136
0.2216736 0.12844717 0.0012844717
0.22198269 0.12246361 0.0012246361
0.22229179 0.12629186 0.0012629186
0.22260088 0.12256432 0.0012256432
0.22290997 0.11866404 0.0011866404
0.22321906 0.11820476 0.0011820476
0.22352815 0.11580338 0.0011580338
0.22383724 0.11339639 0.0011339639
0.22414632 0.11505367 0.0011505367
0.22445541 0.10939178 0.0010939178
0.22476449 0.10967942 0.0010967942
0.22507357 0.11092998 0.0011092998
0.22538265 0.10136742 0.0010136742
0.22569174 0.10417272 0.0010417272
0.22600081 0.10130832 0.0010130832
0.22630989 0.1055805 0.001055805
0.22661897 0.099700246 0.00099700246
0.22692804 0.095780017 0.00095780017
0.22723712 0.094371498 0.00094371498
0.22754619 0.092823354 0.00092823354
0.22785526 0.093320673 0.00093320673
0.22816433 0.093678676 0.00093678676
0.2284734 0.092173912 0.00092173912
0.22878247 0.090630382 0.00090630382
0.22909153 0.086856092 0.00086856092
0.2294006 0.08410009 0.0008410009
0.22970966 0.084429451 0.00084429451
0.23001873 0.085269251 0.00085269251
0.23032779 0.08132056 0.0008132056
0.23063685 0.080564991 0.00080564991
0.23094591 0.079098186 0.00079098186
0.23125496 0.081001139 0.00081001139
0.23156402 0.077345053 0.00077345053
0.23187308 0.076442567 0.00076442567
0.23218213 0.07735365 0.0007735365
0.23249118 0.077447107 0.00077447107
0.23280023 0.073648289 0.00073648289
0.23310928 0.071679578 0.00071679578
0.23341833 0.070690886 0.00070690886
0.23372738 0.067092997 0.00067092997
0.23403643 0.069257346 0.00069257346
0.23434547 0.067478383 0.00067478383
0.23465451 0.069741948 0.00069741948
0.23496356 0.069266274 0.00069266274
0.2352726 0.062736177 0.00062736177
0.23558164 0.060440203 0.00060440203
0.23589068 0.061572901 0.00061572901
0.23619971 0.060775535 0.00060775535
0.23650875 0.061772557 0.00061772557
0.23681778 0.05925372 0.0005925372
0.23712682 0.059009285 0.00059009285
0.23743585 0.055658838 0.00055658838
0.23774488 0.055701311 0.00055701311
0.23805391 0.053308676 0.00053308676
0.23836294 0.053760222 0.00053760222
0.23867197 0.051113231 0.00051113231
0.23898099 0.053652564 0.00053652564
0.23929002 0.048941417 0.00048941417
0.23959904 0.050280398 0.00050280398
0.23990806 0.045750948 0.00045750948
0.24021708 0.047253011 0.00047253011
0.2405261 0.047252022 0.00047252022
0.24083512 0.04974875 0.0004974875
0.24114413 0.046400055 0.00046400055
0.24145315 0.046960446 0.00046960446
0.24176216 0.044883735 0.00044883735
0.24207118 0.045844639 0.00045844639
0.24238019 0.045299268 0.00045299268
0.2426892 0.043795505 0.00043795505
0.24299821 0.045161952 0.00045161952
0.24330721 0.044242726 0.00044242726
0.24361622 0.042012862 0.00042012862
0.24392522 0.040115509 0.00040115509
0.24423423 0.038927672 0.00038927672
0.24454323 0.040726066 0.00040726066
0.24485223 0.039460329 0.00039460329
0.24516123 0.040685938 0.00040685938
0.24547023 0.035033706 0.00035033706
0.24577922 0.037994865 0.00037994865
0.24608822 0.037472147 0.00037472147
0.24639721 0.037224681 0.00037224681
0.24670621 0.034474223 0.00034474223
0.2470152 0.03883138 0.0003883138
0.24732419 0.037207366 0.00037207366
0.24763318 0.03481323 0.0003481323
0.24794216 0.033076127 0.00033076127
0.24825115 0.03280186 0.0003280186
0.24856013 0.028086014 0.00028086014
0.24886912 0.031106013 0.00031106013
0.2491781 0.028739988 0.00028739988
0.24948708 0.028997584 0.00028997584
0.24979606 0.02792274 0.0002792274
0.25010504 0.027036388 0.00027036388
0.25041401 0.032791628 0.00032791628
0.25072299 0.026596737 0.00026596737
0.25103196 0.027962188 0.00027962188
0.25134093 0.028987354 0.00028987354
0.2516499 0.028688926 0.00028688926
0.25195887 0.026185245 0.00026185245
0.25226784 0.02132868 0.0002132868
0.25257681 0.024931461 0.00024931461
0.25288577 0.024574685 0.00024574685
0.25319474 0.027562319 0.00027562319
0.2535037 0.027471361 0.00027471361
0.25381266 0.02674662 0.0002674662
0.25412162 0.026468991 0.00026468991
0.25443058 0.021152534 0.00021152534
0.25473954 0.024909185 0.00024909185
0.25504849 0.024816148 0.00024816148
0.25535745 0.026448055 0.00026448055
0.2556664 0.026349202 0.00026349202
0.25597535 0.023818136 0.00023818136
0.2562843 0.020211468 0.00020211468
0.25659325 0.02371401 0.0002371401
0.2569022 0.022938085 0.00022938085
0.25721115 0.0227931 0.000227931
0.25752009 0.023907799 0.00023907799
0.25782903 0.02502551 0.0002502551
0.25813798 0.023023038 0.00023023038
0.25844692 0.021067855 0.00021067855
0.25875585 0.02243388 0.0002243388
0.25906479 0.020564079 0.00020564079
0.25937373 0.024547127 0.00024547127
0.25968266 0.025137662 0.00025137662
0.2599916 0.021152665 0.00021152665
0.26030053 0.021737158 0.00021737158
0.26060946 0.020799623 0.00020799623
0.26091839 0.018157691 0.00018157691
0.26122732 0.022142178 0.00022142178
0.26153624 0.023078866 0.00023078866
0.26184517 0.018754984 0.00018754984
0.26215409 0.019279479 0.00019279479
0.26246301 0.020220439 0.00020220439
0.26277193 0.020810394 0.00020810394
0.26308085 0.018589593 0.00018589593
0.26338977 0.018277173 0.00018277173
0.26369869 0.014316277 0.00014316277
0.2640076 0.01566454 0.0001566454
0.26431651 0.01456038 0.0001456038
0.26462543 0.014437848 0.00014437848
0.26493434 0.019718838 0.00019718838
0.26524325 0.013042728 0.00013042728
0.26555215 0.017592612 0.00017592612
0.26586106 0.016220822 0.00016220822
0.26616996 0.015532433 0.00015532433
0.26647887 0.019221691 0.00019221691
0.26678777 0.01644716 0.0001644716
0.26709667 0.015670444 0.00015670444
0.26740557 0.019494168 0.00019494168
0.26771447 0.016141166 0.00016141166
0.26802336 0.014686428 0.00014686428
0.26833226 0.015398668 0.00015398668
0.26864115 0.016477373 0.00016477373
0.26895004 0.017409496 0.00017409496
0.26925893 0.014201964 0.00014201964
0.26956782 0.014941898 0.00014941898
0.26987671 0.013078123 0.00013078123
0.27018559 0.017268411 0.00017268411
0.27049448 0.019400396 0.00019400396
0.27080336 0.017071827 0.00017071827
0.27111224 0.019801807 0.00019801807
0.27142112 0.016458252 0.00016458252
0.27173 0.014290632 0.00014290632
0.27203888 0.020786506 0.00020786506
0.27234775 0.016473507 0.00016473507
0.27265663 0.018871869 0.00018871869
0.2729655 0.015357533 0.00015357533
0.27327437 0.014849086 0.00014849086
0.27358324 0.019749885 0.00019749885
0.27389211 0.014499503 0.00014499503
0.27420098 0.014867611 0.00014867611
0.27450984 0.011769268 0.00011769268
0.2748187 0.016614468 0.00016614468
0.27512757 0.016249489 0.00016249489
0.27543643 0.015087119 0.00015087119
0.27574529 0.015557585 0.00015557585
0.27605414 0.015639615 0.00015639615
0.276363 0.017251724 0.00017251724
0.27667185 0.021167952 0.00021167952
0.27698071 0.014502428 0.00014502428
0.27728956 0.015585784 0.00015585784
0.27759841 0.013971191 0.00013971191
0.27790726 0.016291928 0.00016291928
0.2782161 0.016613564 0.00016613564
0.27852495 0.012862374 0.00012862374
0.27883379 0.017212395 0.00017212395
0.27914264 0.016246426 0.00016246426
0.27945148 0.015156255 0.00015156255
0.27976032 0.017692929 0.00017692929
0.28006915 0.018207078 0.00018207078
0.28037799 0.015609885 0.00015609885
0.28068683 0.017492342 0.00017492342
0.28099566 0.019950985 0.00019950985
0.28130449 0.014023494 0.00014023494
0.28161332 0.015815282 0.00015815282
0.28192215 0.014215692 0.00014215692
0.28223098 0.018795541 0.00018795541
0.2825398 0.020334429 0.00020334429
0.28284863 0.018082639 0.00018082639
0.28315745 0.022096058 0.00022096058
0.28346627 0.021883371 0.00021883371
0.28377509 0.012695025 0.00012695025
0.28408391 0.01982106 0.0001982106
0.28439272 0.0134222 0.000134222
0.28470154 0.018744383 0.00018744383
0.28501035 0.01967406 0.0001967406
0.28531916 0.016823991 0.00016823991
0.28562797 0.017138396 0.00017138396
0.28593678 0.018296208 0.00018296208
0.28624559 0.018218152 0.00018218152
0.2865544 0.018194658 0.00018194658
0.2868632 0.02037796 0.0002037796
0.287172 0.02374101 0.0002374101
0.2874808 0.019971543 0.00019971543
0.2877896 0.017769639 0.00017769639
0.2880984 0.019533719 0.00019533719
0.2884072 0.021695647 0.00021695647
0.28871599 0.019374604 0.00019374604
0.28902478 0.021099293 0.00021099293
0.28933358 0.019177056 0.00019177056
0.28964237 0.022788547 0.00022788547
0.28995115 0.02 0.0002
0.29025994 0.019195436 0.00019195436
0.29056873 0.023918496 0.00023918496
0.29087751 0.017189721 0.00017189721
0.29118629 0.020554776 0.00020554776
0.29149507 0.015033914 0.00015033914
0.29180385 0.021357368 0.00021357368
0.29211263 0.022313296 0.00022313296
0.2924214 0.021904801 0.00021904801
0.29273018 0.02307592 0.0002307592
0.29303895 0.017390239 0.00017390239
0.29334772 0.020547294 0.00020547294
0.29365649 0.025751498 0.00025751498
0.29396526 0.021673948 0.00021673948
0.29427402 0.021208505 0.00021208505
0.29458279 0.021199347 0.00021199347
0.29489155 0.018940428 0.00018940428
0.29520031 0.024338307 0.00024338307
0.29550907 0.019767145 0.00019767145
0.29581783 0.019981909 0.00019981909
0.29612659 0.02154359 0.0002154359
0.29643534 0.024037397 0.00024037397
0.2967441 0.02306864 0.0002306864
0.29705285 0.028078635 0.00028078635
0.2973616 0.021869506 0.00021869506
0.29767035 0.020723458 0.00020723458
0.29797909 0.020793695 0.00020793695
0.29828784 0.024584113 0.00024584113
0.29859658 0.023354113 0.00023354113
0.29890532 0.026475847 0.00026475847
0.29921406 0.026276037 0.00026276037
0.2995228 0.023972043 0.00023972043
0.29983154 0.027147389 0.00027147389
