0.010027023 0 1e-06
0.010059664 0 1e-06
0.010268595 0 1e-06
0.010369191 0 1e-06
0.010515988 0 1e-06
0.010678719 0 1e-06
0.010769341 0 1e-06
0.010988246 0 1e-06
0.011028797 0 1e-06
0.011294505 0 1e-06
0.011297773 0 1e-06
0.011566613 0 1e-06
0.0116073 0 1e-06
0.011845278 0 1e-06
0.011916828 0 1e-06
0.012130656 0 1e-06
0.012226355 0 1e-06
0.01242291 0 1e-06
0.012535882 0 1e-06
0.012722205 0 1e-06
0.012845409 0 1e-06
0.01302871 0 1e-06
0.013154936 0 1e-06
0.0133426 0 1e-06
0.013464463 0 1e-06
0.013664051 0 1e-06
0.013773989 0 1e-06
0.013993248 0 1e-06
0.014083516 0.021070675 0.00021070675
0.014330375 0.092554157 0.00092554157
0.014393043 0.10902594 0.0010902594
0.014675625 0.13629323 0.0013629323
0.014702569 0.13941498 0.0013941498
0.015012096 0.2237271 0.002237271
0.015029192 0.22986082 0.0022986082
0.015321622 0.33692542 0.0033692542
0.015391278 0.34417703 0.0034417703
0.015631148 0.3625078 0.003625078
0.015762087 0.39008692 0.0039008692
0.015940675 0.4316057 0.004316057
0.01614183 0.49491459 0.0049491459
0.016250201 0.52764735 0.0052764735
0.016530721 0.56773079 0.0056773079
0.016559727 0.5718684 0.005718684
0.016869253 0.63486643 0.0063486643
0.016928982 0.64208399 0.0064208399
0.017178779 0.67139639 0.0067139639
0.017336837 0.70835232 0.0070835232
0.017488304 0.74431606 0.0074431606
0.017754519 0.78692987 0.0078692987
0.01779783 0.79328838 0.0079328838
0.018107355 0.8189495 0.008189495
0.018182263 0.82802675 0.0082802675
0.018416881 0.85746603 0.0085746603
0.018620313 0.88307958 0.0088307958
0.018726406 0.89683554 0.0089683554
0.019035932 0.94719764 0.0094719764
0.019068917 0.95144218 0.0095144218
0.019345457 0.9864837 0.009864837
0.019528328 1.0154417 0.010154417
0.019654982 1.0355343 0.010355343
0.019964507 1.0804649 0.010804649
0.019998807 1.0818654 0.010818654
0.020274032 1.0909859 0.010909859
0.020480622 1.1242837 0.011242837
0.020583556 1.1406748 0.011406748
0.020893081 1.1497017 0.011497017
0.020974044 1.1610942 0.011610942
0.021202605 1.1936528 0.011936528
0.021479354 1.2049022 0.012049022
0.02151213 1.2063411 0.012063411
0.021821654 1.2378315 0.012378315
0.021996838 1.2618799 0.012618799
0.022131178 1.2801698 0.012801698
0.022440702 1.3029436 0.013029436
0.022526789 1.3158288 0.013158288
0.022750226 1.3483743 0.013483743
0.02305975 1.3543719 0.013543719
0.023069508 1.3557479 0.013557479
0.023369274 1.3980875 0.013980875
0.023625302 1.3979294 0.013979294
0.023678797 1.3981709 0.013981709
0.023988321 1.4482692 0.014482692
0.024194486 1.4616099 0.014616099
0.024297844 1.4673377 0.014673377
0.024607367 1.4873513 0.014873513
0.024777383 1.4891502 0.014891502
0.02491689 1.4903764 0.014903764
0.025226413 1.4968522 0.014968522
0.025374324 1.5098678 0.015098678
0.025535936 1.5249816 0.015249816
0.025845458 1.5522458 0.015522458
0.025985646 1.554942 0.01554942
0.026154981 1.5573064 0.015573064
0.026464503 1.5709005 0.015709005
0.026611696 1.5780017 0.015780017
0.026774025 1.5856813 0.015856813
0.027083547 1.5876865 0.015876865
0.027252829 1.5975233 0.015975233
0.027393069 1.6056366 0.016056366
0.027702591 1.6173283 0.016173283
0.027909409 1.6164426 0.016164426
0.028012112 1.616089 0.01616089
0.028321634 1.6264147 0.016264147
0.028581806 1.6399264 0.016399264
0.028631155 1.6420754 0.016420754
0.028940676 1.6322761 0.016322761
0.029250197 1.6219876 0.016219876
0.029270403 1.6235674 0.016235674
0.029559718 1.6489984 0.016489984
0.029869238 1.6473597 0.016473597
0.02997559 1.6548925 0.016548925
0.030178759 1.6685974 0.016685974
0.030488279 1.65916 0.0165916
0.030697767 1.6698687 0.016698687
0.030797799 1.6750118 0.016750118
0.031107319 1.6674526 0.016674526
0.031416839 1.6868319 0.016868319
0.031437342 1.6868287 0.016868287
0.031726359 1.6861887 0.016861887
0.032035878 1.6947588 0.016947588
0.032194735 1.6931879 0.016931879
0.032345397 1.691837 0.01691837
0.032654916 1.7065435 0.017065435
0.032964435 1.7047227 0.017047227
0.032970376 1.7047081 0.017047081
0.033273954 1.7034401 0.017034401
0.033583473 1.7068855 0.017068855
0.033764703 1.7071968 0.017071968
0.033892991 1.7075135 0.017075135
0.034202509 1.7189108 0.017189108
0.034512027 1.7103444 0.017103444
0.034578168 1.7140527 0.017140527
0.034821545 1.7277488 0.017277488
0.035131063 1.7142098 0.017142098
0.03541123 1.7222879 0.017222879
0.03544058 1.7231706 0.017231706
0.035750097 1.7344022 0.017344022
0.036059614 1.7284135 0.017284135
0.036264363 1.738118 0.01738118
0.036369131 1.742744 0.01742744
0.036678648 1.7406382 0.017406382
0.036988164 1.7366417 0.017366417
0.037138049 1.7347026 0.017347026
0.03729768 1.7330253 0.017330253
0.037607196 1.7378884 0.017378884
0.037916712 1.74516 0.0174516
0.038032785 1.7463802 0.017463802
0.038226228 1.7477157 0.017477157
0.038535743 1.7365491 0.017365491
0.038845259 1.738574 0.01738574
0.038949077 1.7351967 0.017351967
0.039154774 1.7287681 0.017287681
0.039464288 1.7476462 0.017476462
0.039773803 1.7283214 0.017283214
0.039887444 1.7322446 0.017322446
0.040083317 1.7393371 0.017393371
0.040392831 1.7320299 0.017320299
0.040702345 1.7402413 0.017402413
0.040848418 1.740513 0.01740513
0.041011859 1.740426 0.01740426
0.041321372 1.7306327 0.017306327
0.041630886 1.7361771 0.017361771
0.041832544 1.7326272 0.017326272
0.041940399 1.7309183 0.017309183
0.042249911 1.732917 0.01732917
0.042559424 1.7278275 0.017278275
0.04284038 1.7369716 0.017369716
0.042868936 1.7378175 0.017378175
0.043178448 1.7273295 0.017273295
0.04348796 1.727386 0.01727386
0.043797472 1.7227038 0.017227038
0.043872497 1.7203247 0.017203247
0.044106983 1.7132433 0.017132433
0.044416494 1.7224709 0.017224709
0.044726005 1.7174559 0.017174559
0.04492948 1.7145745 0.017145745
0.045035516 1.713016 0.01713016
0.045345026 1.7172463 0.017172463
0.045654536 1.7105374 0.017105374
0.045964046 1.7045462 0.017045462
0.046011928 1.7045149 0.017045149
0.046273556 1.7039019 0.017039019
0.046583065 1.6993948 0.016993948
0.046892575 1.6875498 0.016875498
0.047120454 1.6811603 0.016811603
0.047202083 1.6791347 0.016791347
0.047511592 1.6798396 0.016798396
0.0478211 1.6838164 0.016838164
0.048130609 1.6892785 0.016892785
0.048255688 1.6829125 0.016829125
0.048440116 1.672786 0.01672786
0.048749624 1.668168 0.01668168
0.049059131 1.6587467 0.016587467
0.049368638 1.6496563 0.016496563
0.049418271 1.6520947 0.016520947
0.049678145 1.6657591 0.016657591
0.049987652 1.6518299 0.016518299
0.050297158 1.6576415 0.016576415
0.050606664 1.6492459 0.016492459
0.050608864 1.6492734 0.016492734
0.05091617 1.6528351 0.016528351
0.051225675 1.6463148 0.016463148
0.05153518 1.6431929 0.016431929
0.05182814 1.6387077 0.016387077
0.051844685 1.6384526 0.016384526
0.05215419 1.6390834 0.016390834
0.052463694 1.6313129 0.016313129
0.052773198 1.6237019 0.016237019
0.053076791 1.6269645 0.016269645
0.053082702 1.6270298 0.016270298
0.053392205 1.6208514 0.016208514
0.053701708 1.6136872 0.016136872
0.054011211 1.6073375 0.016073375
0.054320713 1.6192083 0.016192083
0.054355526 1.6177562 0.016177562
0.054630216 1.605882 0.01605882
0.054939718 1.5906087 0.015906087
0.055249219 1.5997832 0.015997832
0.055558721 1.5949924 0.015949924
0.055665067 1.5944327 0.015944327
0.055868222 1.5934478 0.015934478
0.056177722 1.5853956 0.015853956
0.056487223 1.5780569 0.015780569
0.056796723 1.5817638 0.015817638
0.057006158 1.5744463 0.015744463
0.057106223 1.5708903 0.015708903
0.057415722 1.5670672 0.015670672
0.057725221 1.5618557 0.015618557
0.05803472 1.5647165 0.015647165
0.058344219 1.5484112 0.015484112
0.058379559 1.54836 0.0154836
0.058653717 1.5483238 0.015483238
0.058963215 1.5427302 0.015427302
0.059272713 1.5415176 0.015415176
0.05958221 1.5345396 0.015345396
0.059786049 1.5345459 0.015345459
0.059891707 1.5345144 0.015345144
0.060201203 1.5262506 0.015262506
0.0605107 1.5249173 0.015249173
0.060820196 1.5156782 0.015156782
0.061129691 1.5169263 0.015169263
0.061226423 1.5170262 0.015170262
0.061439187 1.5172792 0.015172792
0.061748681 1.5057563 0.015057563
0.062058176 1.5071062 0.015071062
0.06236767 1.5009711 0.015009711
0.062677164 1.5010502 0.015010502
0.0627015 1.5007617 0.015007617
0.062986658 1.4968868 0.014968868
0.063296151 1.4815081 0.014815081
0.063605644 1.4799705 0.014799705
0.063915137 1.4658696 0.014658696
0.064212114 1.4658694 0.014658694
0.064224629 1.4658967 0.014658967
0.064534121 1.4706332 0.014706332
0.064843612 1.4661852 0.014661852
0.065153103 1.461905 0.01461905
0.065462594 1.4554677 0.014554677
0.065759122 1.4537705 0.014537705
0.065772085 1.453674 0.01453674
0.066081575 1.4453093 0.014453093
0.066391064 1.4331845 0.014331845
0.066700554 1.4382931 0.014382931
0.067010043 1.4266935 0.014266935
0.067319531 1.4227126 0.014227126
0.0673434 1.422386 0.01422386
0.06762902 1.418677 0.01418677
0.067938508 1.4101241 0.014101241
0.068247995 1.4108705 0.014108705
0.068557482 1.4004632 0.014004632
0.068866969 1.4004678 0.014004678
0.068965848 1.398109 0.01398109
0.069176455 1.3931204 0.013931204
0.069485941 1.3887309 0.013887309
0.069795427 1.3859182 0.013859182
0.070104912 1.3797684 0.013797684
0.070414397 1.3792742 0.013792742
0.070627384 1.3752444 0.013752444
0.070723882 1.3733225 0.013733225
0.071033366 1.3648942 0.013648942
0.07134285 1.3624548 0.013624548
0.071652333 1.3520025 0.013520025
0.071961816 1.3444852 0.013444852
0.072271298 1.3403617 0.013403617
0.072328949 1.339999 0.01339999
0.07258078 1.338646 0.01338646
0.072890262 1.3302696 0.013302696
0.073199744 1.3266277 0.013266277
0.073509225 1.3268019 0.013268019
0.073818705 1.3226326 0.013226326
0.074071509 1.3150921 0.013150921
0.074128185 1.3133888 0.013133888
0.074437665 1.3069203 0.013069203
0.074747144 1.3106107 0.013106107
0.075056623 1.2972113 0.012972113
0.075366102 1.3015637 0.013015637
0.07567558 1.2889117 0.012889117
0.075856051 1.2868101 0.012868101
0.075985058 1.2852849 0.012852849
0.076294535 1.2791494 0.012791494
0.076604012 1.2749496 0.012749496
0.076913488 1.2694747 0.012694747
0.077222964 1.2660506 0.012660506
0.07753244 1.2634404 0.012634404
0.077683587 1.2554868 0.012554868
0.077841915 1.2472408 0.012472408
0.07815139 1.2469609 0.012469609
0.078460864 1.2444967 0.012444967
0.078770338 1.237999 0.01237999
0.079079812 1.2350145 0.012350145
0.079389285 1.232624 0.01232624
0.079555152 1.2305469 0.012305469
0.079698757 1.2286568 0.012286568
0.080008229 1.221606 0.01221606
0.080317701 1.2162644 0.012162644
0.080627172 1.209779 0.01209779
0.080936643 1.2072535 0.012072535
0.081246114 1.2014864 0.012014864
0.081471807 1.1964718 0.011964718
0.081555584 1.1946127 0.011946127
0.081865053 1.1896141 0.011896141
0.082174522 1.1885395 0.011885395
0.082483991 1.1779563 0.011779563
0.082793459 1.1748737 0.011748737
0.083102927 1.1724521 0.011724521
0.083412394 1.1623323 0.011623323
0.083434638 1.1619402 0.011619402
0.083721861 1.1569759 0.011569759
0.084031327 1.1571854 0.011571854
0.084340793 1.1527809 0.011527809
0.084650259 1.139877 0.01139877
0.084959724 1.1389826 0.011389826
0.085269188 1.1386174 0.011386174
0.085444758 1.1314081 0.011314081
0.085578652 1.1258829 0.011258829
0.085888116 1.1266962 0.011266962
0.086197579 1.1231389 0.011231389
0.086507042 1.1154691 0.011154691
0.086816504 1.1121107 0.011121107
0.087125966 1.1038089 0.011038089
0.087435427 1.0977685 0.010977685
0.087503306 1.0972876 0.010972876
0.087744888 1.0957168 0.010957168
0.088054348 1.0928045 0.010928045
0.088363808 1.0891099 0.010891099
0.088673267 1.0852174 0.010852174
0.088982726 1.0760176 0.010760176
0.089292184 1.0764916 0.010764916
0.089601642 1.0711733 0.010711733
0.089611449 1.0709168 0.010709168
0.089911099 1.0628431 0.010628431
0.090220556 1.0648815 0.010648815
0.090530013 1.0587252 0.010587252
0.090839469 1.0552112 0.010552112
0.091148924 1.0428141 0.010428141
0.091458379 1.0378097 0.010378097
0.091767833 1.0319424 0.010319424
0.091770381 1.0318879 0.010318879
0.092077287 1.0255427 0.010255427
0.092386741 1.0236544 0.010236544
0.092696194 1.0209518 0.010209518
0.093005646 1.014966 0.01014966
0.093315098 1.0169403 0.010169403
0.093624549 1.0110458 0.010110458
0.093934 1.0039151 0.010039151
0.093981327 1.0033595 0.010033595
0.09424345 1.000132 0.01000132
0.0945529 0.99352503 0.0099352503
0.09486235 0.99233905 0.0099233905
0.095171798 0.98766342 0.0098766342
0.095481247 0.9820113 0.009820113
0.095790694 0.97371575 0.0097371575
0.096100142 0.96653246 0.0096653246
0.09624554 0.96507687 0.0096507687
0.096409588 0.96353328 0.0096353328
0.096719035 0.96129355 0.0096129355
0.09702848 0.95548952 0.0095548952
0.097337925 0.95039669 0.0095039669
0.09764737 0.94705101 0.0094705101
0.097956814 0.93674334 0.0093674334
0.098266257 0.93715869 0.0093715869
0.098564302 0.93562587 0.0093562587
0.0985757 0.93556061 0.0093556061
0.098885143 0.92757753 0.0092757753
0.099194585 0.92157702 0.0092157702
0.099504026 0.92074201 0.0092074201
0.099813467 0.91300922 0.0091300922
0.10012291 0.90736731 0.0090736731
0.10043235 0.9053832 0.009053832
0.10074179 0.89936435 0.0089936435
0.10093893 0.89580935 0.0089580935
0.10105122 0.89383592 0.0089383592
0.10136066 0.88773585 0.0088773585
0.1016701 0.88310053 0.0088310053
0.10197954 0.88060925 0.0088060925
0.10228897 0.8774456 0.008774456
0.10259841 0.86919168 0.0086919168
0.10290785 0.87023304 0.0087023304
0.10321728 0.86380061 0.0086380061
0.10337076 0.86283782 0.0086283782
0.10352671 0.86181372 0.0086181372
0.10383615 0.8525529 0.008525529
0.10414558 0.8529111 0.008529111
0.10445501 0.84501993 0.0084501993
0.10476445 0.84057712 0.0084057712
0.10507388 0.83322759 0.0083322759
0.10538331 0.82977419 0.0082977419
0.10569274 0.82502329 0.0082502329
0.10586119 0.82397132 0.0082397132
0.10600217 0.8231383 0.008231383
0.1063116 0.81897464 0.0081897464
0.10662102 0.81246863 0.0081246863
0.10693045 0.8098769 0.008098769
0.10723988 0.80619111 0.0080619111
0.10754931 0.80416993 0.0080416993
0.10785873 0.79517016 0.0079517016
0.10816816 0.79416651 0.0079416651
0.10841161 0.79014828 0.0079014828
0.10847758 0.78904294 0.0078904294
0.10878701 0.7870089 0.007870089
0.10909643 0.77878815 0.0077878815
0.10940585 0.77554306 0.0077554306
0.10971528 0.77410963 0.0077410963
0.1100247 0.76638318 0.0076638318
0.11033412 0.76604267 0.0076604267
0.11064354 0.75880801 0.0075880801
0.11095296 0.75209719 0.0075209719
0.11102348 0.75096806 0.0075096806
0.11126238 0.74722182 0.0074722182
0.1115718 0.74635706 0.0074635706
0.11188122 0.73900946 0.0073900946
0.11219064 0.73815458 0.0073815458
0.11250005 0.73181838 0.0073181838
0.11280947 0.72458351 0.0072458351
0.11311889 0.72512369 0.0072512369
0.1134283 0.71700228 0.0071700228
0.11369828 0.71697201 0.0071697201
0.11373772 0.7169647 0.007169647
0.11404713 0.71560886 0.0071560886
0.11435654 0.70961142 0.0070961142
0.11466596 0.70215027 0.0070215027
0.11497537 0.69869723 0.0069869723
0.11528478 0.6993345 0.006993345
0.11559419 0.69119684 0.0069119684
0.1159036 0.68821942 0.0068821942
0.11621301 0.68566647 0.0068566647
0.11643751 0.6807979 0.006807979
0.11652242 0.67896173 0.0067896173
0.11683183 0.67638965 0.0067638965
0.11714124 0.67101623 0.0067101623
0.11745064 0.67064355 0.0067064355
0.11776005 0.66470593 0.0066470593
0.11806945 0.66136861 0.0066136861
0.11837886 0.65559633 0.0065559633
0.11868826 0.65134487 0.0065134487
0.11899767 0.64624195 0.0064624195
0.11924274 0.64494214 0.0064494214
0.11930707 0.64460791 0.0064460791
0.11961647 0.64168821 0.0064168821
0.11992588 0.63814843 0.0063814843
0.12023528 0.63734127 0.0063734127
0.12054468 0.62855846 0.0062855846
0.12085408 0.62667486 0.0062667486
0.12116348 0.62198804 0.0062198804
0.12147288 0.6203795 0.006203795
0.12178227 0.61585365 0.0061585365
0.12209167 0.61073501 0.0061073501
0.12211556 0.61042458 0.0061042458
0.12240107 0.60672625 0.0060672625
0.12271046 0.60521852 0.0060521852
0.12301986 0.60259088 0.0060259088
0.12332925 0.59364632 0.0059364632
0.12363865 0.58989789 0.0058989789
0.12394804 0.58882246 0.0058882246
0.12425743 0.58495835 0.0058495835
0.12456683 0.58447603 0.0058447603
0.12487622 0.5772263 0.005772263
0.12505758 0.57590247 0.0057590247
0.12518561 0.57498452 0.0057498452
0.125495 0.57219037 0.0057219037
0.12580439 0.56898394 0.0056898394
0.12611377 0.56194949 0.0056194949
0.12642316 0.56244774 0.0056244774
0.12673255 0.5569921 0.005569921
0.12704194 0.55545815 0.0055545815
0.12735132 0.54922462 0.0054922462
0.12766071 0.54715468 0.0054715468
0.12797009 0.54365708 0.0054365708
0.12807049 0.54331111 0.0054331111
0.12827947 0.54257333 0.0054257333
0.12858886 0.5378137 0.005378137
0.12889824 0.53431129 0.0053431129
0.12920762 0.52961189 0.0052961189
0.129517 0.5285362 0.005285362
0.12982638 0.52232028 0.0052232028
0.13013576 0.51807954 0.0051807954
0.13044514 0.51693246 0.0051693246
0.13075452 0.51177373 0.0051177373
0.1310639 0.5081079 0.005081079
0.13115598 0.50811414 0.0050811414
0.13137327 0.50817103 0.0050817103
0.13168265 0.50228848 0.0050228848
0.13199202 0.50114065 0.0050114065
0.1323014 0.49932583 0.0049932583
0.13261077 0.49545105 0.0049545105
0.13292015 0.48956345 0.0048956345
0.13322952 0.48813911 0.0048813911
0.13353889 0.48476306 0.0048476306
0.13384826 0.48072842 0.0048072842
0.13415763 0.47839111 0.0047839111
0.13431581 0.47635748 0.0047635748
0.134467 0.47443162 0.0047443162
0.13477637 0.47317922 0.0047317922
0.13508574 0.46948755 0.0046948755
0.1353951 0.4666084 0.004666084
0.13570447 0.46028444 0.0046028444
0.13601383 0.46422882 0.0046422882
0.1363232 0.45257644 0.0045257644
0.13663256 0.45450424 0.0045450424
0.13694193 0.44982525 0.0044982525
0.13725129 0.44363672 0.0044363672
0.13755177 0.44653035 0.0044653035
0.13756065 0.4466148 0.004466148
0.13787001 0.44102054 0.0044102054
0.13817937 0.43965204 0.0043965204
0.13848873 0.43277075 0.0043277075
0.13879809 0.43249187 0.0043249187
0.13910745 0.43381349 0.0043381349
0.13941681 0.42985192 0.0042985192
0.13972616 0.42353643 0.0042353643
0.14003552 0.41858183 0.0041858183
0.14034488 0.41556174 0.0041556174
0.14065423 0.41663859 0.0041663859
0.14086569 0.41320331 0.0041320331
0.14096358 0.41161684 0.0041161684
0.14127294 0.40830431 0.0040830431
0.14158229 0.40546886 0.0040546886
0.14189164 0.4039064 0.004039064
0.14220099 0.39798019 0.0039798019
0.14251034 0.39692668 0.0039692668
0.14281969 0.39430622 0.0039430622
0.14312904 0.39393308 0.0039393308
0.14343838 0.38946102 0.0038946102
0.14374773 0.38978906 0.0038978906
0.14405708 0.38397688 0.0038397688
0.14425945 0.380003 0.00380003
0.14436642 0.3779247 0.003779247
0.14467577 0.37914344 0.0037914344
0.14498511 0.37708127 0.0037708127
0.14529445 0.3732099 0.003732099
0.14560379 0.36816222 0.0036816222
0.14591314 0.36792283 0.0036792283
0.14622248 0.36508926 0.0036508926
0.14653182 0.36000814 0.0036000814
0.14684115 0.3597271 0.003597271
0.14715049 0.35692255 0.0035692255
0.14745983 0.35663773 0.0035663773
0.14773497 0.35111632 0.0035111632
0.14776917 0.35042979 0.0035042979
0.1480785 0.34991223 0.0034991223
0.14838784 0.34687697 0.0034687697
0.14869717 0.34254844 0.0034254844
0.1490065 0.33837972 0.0033837972
0.14931583 0.33813495 0.0033813495
0.14962517 0.33823769 0.0033823769
0.1499345 0.33367524 0.0033367524
0.15024383 0.33336085 0.0033336085
0.15055316 0.32805913 0.0032805913
0.15086248 0.3265031 0.003265031
0.15117181 0.32284253 0.0032284253
0.15129422 0.32136787 0.0032136787
0.15148114 0.31916434 0.0031916434
0.15179046 0.31876708 0.0031876708
0.15209979 0.31657257 0.0031657257
0.15240911 0.3142132 0.003142132
0.15271844 0.31291655 0.0031291655
0.15302776 0.31210137 0.0031210137
0.15333708 0.30832208 0.0030832208
0.1536464 0.30694285 0.0030694285
0.15395572 0.30198083 0.0030198083
0.15426504 0.30153711 0.0030153711
0.15457436 0.29993068 0.0029993068
0.15488367 0.29785024 0.0029785024
0.15493922 0.29752541 0.0029752541
0.15519299 0.2960076 0.002960076
0.15550231 0.29263988 0.0029263988
0.15581162 0.29167363 0.0029167363
0.15612093 0.28671334 0.0028671334
0.15643025 0.28437882 0.0028437882
0.15673956 0.280954 0.00280954
0.15704887 0.28065183 0.0028065183
0.15735818 0.28139969 0.0028139969
0.15766749 0.27903395 0.0027903395
0.1579768 0.276373 0.00276373
0.15828611 0.27365275 0.0027365275
0.15859542 0.26924034 0.0026924034
0.15867204 0.26962511 0.0026962511
0.15890472 0.2708407 0.002708407
0.15921403 0.26621985 0.0026621985
0.15952333 0.26452712 0.0026452712
0.15983264 0.26423719 0.0026423719
0.16014194 0.26218762 0.0026218762
0.16045124 0.26007541 0.0026007541
0.16076054 0.25594284 0.0025594284
0.16106984 0.25832987 0.0025832987
0.16137914 0.25315219 0.0025315219
0.16168844 0.2490761 0.002490761
0.16199774 0.248479 0.00248479
0.16230703 0.24591986 0.0024591986
0.16249479 0.24647333 0.0024647333
0.16261633 0.24683213 0.0024683213
0.16292562 0.24394083 0.0024394083
0.16323492 0.23955047 0.0023955047
0.16354421 0.24077069 0.0024077069
0.1638535 0.23760882 0.0023760882
0.16416279 0.23488621 0.0023488621
0.16447208 0.23249496 0.0023249496
0.16478137 0.23179163 0.0023179163
0.16509066 0.22824403 0.0022824403
0.16539995 0.2299458 0.002299458
0.16570924 0.2293829 0.002293829
0.16601852 0.22372168 0.0022372168
0.16632781 0.22321302 0.0022321302
0.16640964 0.22286397 0.0022286397
0.16663709 0.22189144 0.0022189144
0.16694637 0.21927979 0.0021927979
0.16725566 0.21647499 0.0021647499
0.16756494 0.21542909 0.0021542909
0.16787422 0.21302372 0.0021302372
0.1681835 0.21234283 0.0021234283
0.16849278 0.20819819 0.0020819819
0.16880205 0.21017674 0.0021017674
0.16911133 0.20641539 0.0020641539
0.16942061 0.20288618 0.0020288618
0.16972988 0.20120497 0.0020120497
0.17003916 0.20108158 0.0020108158
0.17034843 0.19925447 0.0019925447
0.17041881 0.19841911 0.0019841911
0.1706577 0.19559087 0.0019559087
0.17096697 0.19522616 0.0019522616
0.17127624 0.19500001 0.0019500001
0.17158551 0.19395819 0.0019395819
0.17189478 0.18951244 0.0018951244
0.17220405 0.18757947 0.0018757947
0.17251331 0.18681145 0.0018681145
0.17282258 0.18469551 0.0018469551
0.17313184 0.18440928 0.0018440928
0.17344111 0.18321988 0.0018321988
0.17375037 0.18045029 0.0018045029
0.17405963 0.17844318 0.0017844318
0.17436889 0.17656515 0.0017656515
0.17452457 0.17430353 0.0017430353
0.17467815 0.17211213 0.0017211213
0.17498741 0.17318844 0.0017318844
0.17529667 0.17712156 0.0017712156
0.17560593 0.17198519 0.0017198519
0.17591518 0.17019518 0.0017019518
0.17622444 0.17103232 0.0017103232
0.17653369 0.16932961 0.0016932961
0.17684295 0.16646304 0.0016646304
0.1771522 0.16618758 0.0016618758
0.17746145 0.16349202 0.0016349202
0.1777707 0.16304031 0.0016304031
0.17807995 0.15856222 0.0015856222
0.1783892 0.15881892 0.0015881892
0.17869844 0.15715493 0.0015715493
0.17872924 0.157182 0.00157182
0.17900769 0.15743114 0.0015743114
0.17931694 0.1555853 0.001555853
0.17962618 0.15311793 0.0015311793
0.17993542 0.15219677 0.0015219677
0.18024467 0.14984976 0.0014984976
0.18055391 0.15164131 0.0015164131
0.18086315 0.15001342 0.0015001342
0.18117239 0.15175629 0.0015175629
0.18148163 0.14323893 0.0014323893
0.18179086 0.1431502 0.001431502
0.1821001 0.14343468 0.0014343468
0.18240934 0.14152854 0.0014152854
0.18271857 0.14111611 0.0014111611
0.1830278 0.14020335 0.0014020335
0.18303521 0.14016226 0.0014016226
0.18333704 0.13847684 0.0013847684
0.18364627 0.13435814 0.0013435814
0.1839555 0.13706837 0.0013706837
0.18426473 0.13439024 0.0013439024
0.18457396 0.13559722 0.0013559722
0.18488318 0.13220488 0.0013220488
0.18519241 0.13507306 0.0013507306
0.18550164 0.131327 0.00131327
0.18581086 0.12750944 0.0012750944
0.18612009 0.12801919 0.0012801919
0.18642931 0.12744622 0.0012744622
0.18673853 0.12685566 0.0012685566
0.18704775 0.12554777 0.0012554777
0.18735697 0.12146084 0.0012146084
0.18744492 0.12153227 0.0012153227
0.18766619 0.12173119 0.0012173119
0.1879754 0.12013771 0.0012013771
0.18828462 0.12071151 0.0012071151
0.18859384 0.11662214 0.0011662214
0.18890305 0.11967693 0.0011967693
0.18921226 0.11528876 0.0011528876
0.18952148 0.1166863 0.001166863
0.18983069 0.11695313 0.0011695313
0.1901399 0.11383513 0.0011383513
0.19044911 0.11164873 0.0011164873
0.19075832 0.11001635 0.0011001635
0.19106752 0.11073049 0.0011073049
0.19137673 0.10777369 0.0010777369
0.19168593 0.10680576 0.0010680576
0.19196087 0.10525499 0.0010525499
0.19199514 0.10506603 0.0010506603
0.19230434 0.10617399 0.0010617399
0.19261354 0.10481338 0.0010481338
0.19292274 0.10413985 0.0010413985
0.19323194 0.10324123 0.0010324123
0.19354114 0.10286117 0.0010286117
0.19385034 0.10040549 0.0010040549
0.19415954 0.1022656 0.001022656
0.19446873 0.098405617 0.00098405617
0.19477793 0.098037671 0.00098037671
0.19508712 0.099290791 0.00099290791
0.19539631 0.098436118 0.00098436118
0.1957055 0.09365262 0.0009365262
0.19601469 0.09519861 0.0009519861
0.19632388 0.094827622 0.00094827622
0.19658562 0.092670836 0.00092670836
0.19663307 0.092278564 0.00092278564
0.19694226 0.09270715 0.0009270715
0.19725144 0.090785604 0.00090785604
0.19756063 0.090838356 0.00090838356
0.19786981 0.089282006 0.00089282006
0.19817899 0.089479969 0.00089479969
0.19848818 0.088333157 0.00088333157
0.19879736 0.086006726 0.00086006726
0.19910654 0.087131281 0.00087131281
0.19941572 0.086420495 0.00086420495
0.19972489 0.084359307 0.00084359307
0.20003407 0.082000753 0.00082000753
0.20034324 0.084526463 0.00084526463
0.20065242 0.083943245 0.00083943245
0.20096159 0.081814741 0.00081814741
0.20127076 0.078581564 0.00078581564
0.2013218 0.078813677 0.00078813677
0.20157993 0.080029175 0.00080029175
0.2018891 0.080912951 0.00080912951
0.20219827 0.080814857 0.00080814857
0.20250744 0.075528561 0.00075528561
0.20281661 0.075036309 0.00075036309
0.20312577 0.076274913 0.00076274913
0.20343493 0.074678505 0.00074678505
0.2037441 0.074298259 0.00074298259
0.20405326 0.07595907 0.0007595907
0.20436242 0.072851473 0.00072851473
0.20467158 0.072484171 0.00072484171
0.20498074 0.074208368 0.00074208368
0.2052899 0.070892438 0.00070892438
0.20559905 0.074135253 0.00074135253
0.20590821 0.071090323 0.00071090323
0.20617207 0.070088955 0.00070088955
0.20621736 0.06991226 0.0006991226
0.20652651 0.067923696 0.00067923696
0.20683567 0.067867103 0.00067867103
0.20714482 0.067168768 0.00067168768
0.20745397 0.061985538 0.00061985538
0.20776312 0.06562898 0.0006562898
0.20807226 0.065958291 0.00065958291
0.20838141 0.065098774 0.00065098774
0.20869055 0.062672633 0.00062672633
0.2089997 0.061509822 0.00061509822
0.20930884 0.063571937 0.00063571937
0.20961798 0.060505351 0.00060505351
0.20992712 0.060909702 0.00060909702
0.21023626 0.058719843 0.00058719843
0.2105454 0.060407857 0.00060407857
0.21085454 0.060136297 0.00060136297
0.2111392 0.057473009 0.00057473009
0.21116367 0.057248459 0.00057248459
0.21147281 0.055861724 0.00055861724
0.21178194 0.054231497 0.00054231497
0.21209107 0.056686374 0.00056686374
0.21240021 0.057675117 0.00057675117
0.21270934 0.05448283 0.0005448283
0.21301846 0.055219644 0.00055219644
0.21332759 0.054596045 0.00054596045
0.21363672 0.05877719 0.0005877719
0.21394584 0.055159612 0.00055159612
0.21425497 0.05320841 0.0005320841
0.21456409 0.054231905 0.00054231905
0.21487321 0.053002225 0.00053002225
0.21518234 0.051733059 0.00051733059
0.21549145 0.050217569 0.00050217569
0.21580057 0.051066765 0.00051066765
0.21610969 0.051869301 0.00051869301
0.216226 0.050926673 0.00050926673
0.21641881 0.049350652 0.00049350652
0.21672792 0.05157678 0.0005157678
0.21703704 0.047290444 0.00047290444
0.21734615 0.049112607 0.00049112607
0.21765526 0.049040115 0.00049040115
0.21796437 0.049925178 0.00049925178
0.21827348 0.04649951 0.0004649951
0.21858259 0.047840953 0.00047840953
0.21889169 0.047870554 0.00047870554
0.2192008 0.046318211 0.00046318211
0.2195099 0.043263748 0.00043263748
0.21981901 0.047291287 0.00047291287
0.22012811 0.045447525 0.00045447525
0.22043721 0.045480717 0.00045480717
0.22074631 0.043271368 0.00043271368
0.22105541 0.042458684 0.00042458684
0.2213645 0.041821967 0.00041821967
0.22143535 0.041729597 0.00041729597
0.2216736 0.041457199 0.00041457199
0.22198269 0.043364414 0.00043364414
0.22229179 0.041829839 0.00041829839
0.22260088 0.039994905 0.00039994905
0.22290997 0.041463704 0.00041463704
0.22321906 0.042130781 0.00042130781
0.22352815 0.041320832 0.00041320832
0.22383724 0.040263256 0.00040263256
0.22414632 0.041345139 0.00041345139
0.22445541 0.038900454 0.00038900454
0.22476449 0.036912512 0.00036912512
0.22507357 0.038846614 0.00038846614
0.22538265 0.036651478 0.00036651478
0.22569174 0.03989554 0.0003989554
0.22600081 0.037436244 0.00037436244
0.22630989 0.035155902 0.00035155902
0.22661897 0.039658351 0.00039658351
0.2267702 0.038316264 0.00038316264
0.22692804 0.03689391 0.0003689391
0.22723712 0.038673191 0.00038673191
0.22754619 0.035105403 0.00035105403
0.22785526 0.034510056 0.00034510056
0.22816433 0.037047041 0.00037047041
0.2284734 0.037300359 0.00037300359
0.22878247 0.0354355 0.000354355
0.22909153 0.034723199 0.00034723199
0.2294006 0.035159667 0.00035159667
0.22970966 0.035125628 0.00035125628
0.23001873 0.036180016 0.00036180016
0.23032779 0.030820473 0.00030820473
0.23063685 0.034281141 0.00034281141
0.23094591 0.033678017 0.00033678017
0.23125496 0.030746665 0.00030746665
0.23156402 0.033414504 0.00033414504
0.23187308 0.031536955 0.00031536955
0.23218213 0.029083799 0.00029083799
0.23223358 0.029562336 0.00029562336
0.23249118 0.032004192 0.00032004192
0.23280023 0.031770475 0.00031770475
0.23310928 0.031602686 0.00031602686
0.23341833 0.033258996 0.00033258996
0.23372738 0.031361023 0.00031361023
0.23403643 0.029271746 0.00029271746
0.23434547 0.027447064 0.00027447064
0.23465451 0.029014966 0.00029014966
0.23496356 0.028721959 0.00028721959
0.2352726 0.031029 0.00031029
0.23558164 0.027849905 0.00027849905
0.23589068 0.029187559 0.00029187559
0.23619971 0.027940964 0.00027940964
0.23650875 0.026394158 0.00026394158
0.23681778 0.028438747 0.00028438747
0.23712682 0.026277481 0.00026277481
0.23743585 0.029529995 0.00029529995
0.23774488 0.027978719 0.00027978719
0.23782859 0.027600985 0.00027600985
0.23805391 0.026575012 0.00026575012
0.23836294 0.029797089 0.00029797089
0.23867197 0.025990384 0.00025990384
0.23898099 0.029461683 0.00029461683
0.23929002 0.02530392 0.0002530392
0.23959904 0.025442859 0.00025442859
0.23990806 0.024463356 0.00024463356
0.24021708 0.025001801 0.00025001801
0.2405261 0.024952305 0.00024952305
0.24083512 0.027993377 0.00027993377
0.24114413 0.025873818 0.00025873818
0.24145315 0.024916892 0.00024916892
0.24176216 0.02495457 0.0002495457
0.24207118 0.025732409 0.00025732409
0.24238019 0.026909565 0.00026909565
0.2426892 0.024305791 0.00024305791
0.24299821 0.026572461 0.00026572461
0.24330721 0.026098429 0.00026098429
0.24355839 0.023937848 0.00023937848
0.24361622 0.023442856 0.00023442856
0.24392522 0.024547541 0.00024547541
0.24423423 0.023672764 0.00023672764
0.24454323 0.022371119 0.00022371119
0.24485223 0.02165904 0.0002165904
0.24516123 0.02547936 0.0002547936
0.24547023 0.023077595 0.00023077595
0.24577922 0.022392579 0.00022392579
0.24608822 0.023816941 0.00023816941
0.24639721 0.022634129 0.00022634129
0.24670621 0.02133811 0.0002133811
0.2470152 0.024037492 0.00024037492
0.24732419 0.021058694 0.00021058694
0.24763318 0.02249186 0.0002249186
0.24794216 0.024228469 0.00024228469
0.24825115 0.023827809 0.00023827809
0.24856013 0.022019666 0.00022019666
0.24886912 0.02367681 0.0002367681
0.2491781 0.023067499 0.00023067499
0.24942624 0.021937001 0.00021937001
0.24948708 0.021665087 0.00021665087
0.24979606 0.020041123 0.00020041123
0.25010504 0.021242302 0.00021242302
0.25041401 0.021288126 0.00021288126
0.25072299 0.026579694 0.00026579694
0.25103196 0.02333327 0.0002333327
0.25134093 0.02285378 0.0002285378
0.2516499 0.021016482 0.00021016482
0.25195887 0.021219583 0.00021219583
0.25226784 0.021857177 0.00021857177
0.25257681 0.023357716 0.00023357716
0.25288577 0.02206578 0.0002206578
0.25319474 0.023988419 0.00023988419
0.2535037 0.023021454 0.00023021454
0.25381266 0.021388584 0.00021388584
0.25412162 0.02269807 0.0002269807
0.25443058 0.023749336 0.00023749336
0.25473954 0.02336252 0.0002336252
0.25504849 0.023377392 0.00023377392
0.25535745 0.022976137 0.00022976137
0.25543545 0.023531541 0.00023531541
0.2556664 0.025156848 0.00025156848
0.25597535 0.023114908 0.00023114908
0.2562843 0.021144903 0.00021144903
0.25659325 0.023020949 0.00023020949
0.2569022 0.021305381 0.00021305381
0.25721115 0.021455639 0.00021455639
0.25752009 0.021368871 0.00021368871
0.25782903 0.019801898 0.00019801898
0.25813798 0.022895582 0.00022895582
0.25844692 0.026291688 0.00026291688
0.25875585 0.024341334 0.00024341334
0.25906479 0.022133851 0.00022133851
0.25937373 0.021464439 0.00021464439
0.25968266 0.022827404 0.00022827404
0.2599916 0.020872056 0.00020872056
0.26030053 0.023213938 0.00023213938
0.26060946 0.021870127 0.00021870127
0.26091839 0.024423433 0.00024423433
0.26122732 0.023816324 0.00023816324
0.26153624 0.021503392 0.00021503392
0.26158944 0.021611746 0.00021611746
0.26184517 0.022153333 0.00022153333
0.26215409 0.022599308 0.00022599308
0.26246301 0.022283677 0.00022283677
0.26277193 0.023168427 0.00023168427
0.26308085 0.021984535 0.00021984535
0.26338977 0.020721716 0.00020721716
0.26369869 0.019808033 0.00019808033
0.2640076 0.024186367 0.00024186367
0.26431651 0.023173491 0.00023173491
0.26462543 0.024221385 0.00024221385
0.26493434 0.019553855 0.00019553855
0.26524325 0.021158732 0.00021158732
0.26555215 0.018721376 0.00018721376
0.26586106 0.023158626 0.00023158626
0.26616996 0.021160032 0.00021160032
0.26647887 0.023266113 0.00023266113
0.26678777 0.024225942 0.00024225942
0.26709667 0.021636367 0.00021636367
0.26740557 0.024284984 0.00024284984
0.26771447 0.021746837 0.00021746837
0.2678917 0.023218896 0.00023218896
0.26802336 0.024306798 0.00024306798
0.26833226 0.019160933 0.00019160933
0.26864115 0.022826716 0.00022826716
0.26895004 0.022830399 0.00022830399
0.26925893 0.021734937 0.00021734937
0.26956782 0.021859185 0.00021859185
0.26987671 0.02475636 0.0002475636
0.27018559 0.026407024 0.00026407024
0.27049448 0.021780983 0.00021780983
0.27080336 0.020023611 0.00020023611
0.27111224 0.024315986 0.00024315986
0.27142112 0.020377556 0.00020377556
0.27173 0.023085631 0.00023085631
0.27203888 0.024091005 0.00024091005
0.27234775 0.023145736 0.00023145736
0.27265663 0.023889934 0.00023889934
0.2729655 0.023396884 0.00023396884
0.27327437 0.023175236 0.00023175236
0.27358324 0.021764311 0.00021764311
0.27389211 0.02576328 0.0002576328
0.27420098 0.02245157 0.0002245157
0.27434578 0.022908991 0.00022908991
0.27450984 0.023433196 0.00023433196
0.2748187 0.023803038 0.00023803038
0.27512757 0.024648346 0.00024648346
0.27543643 0.027983583 0.00027983583
0.27574529 0.025132504 0.00025132504
0.27605414 0.022678509 0.00022678509
0.276363 0.022384866 0.00022384866
0.27667185 0.024605916 0.00024605916
0.27698071 0.022662801 0.00022662801
0.27728956 0.026501564 0.00026501564
0.27759841 0.024071776 0.00024071776
0.27790726 0.021186403 0.00021186403
0.2782161 0.021281184 0.00021281184
0.27852495 0.023435427 0.00023435427
0.27883379 0.023640082 0.00023640082
0.27914264 0.024270986 0.00024270986
0.27945148 0.020130594 0.00020130594
0.27976032 0.023259046 0.00023259046
0.28006915 0.022740063 0.00022740063
0.28037799 0.022758015 0.00022758015
0.28068683 0.02520892 0.0002520892
0.28095536 0.024266482 0.00024266482
0.28099566 0.024123529 0.00024123529
0.28130449 0.026615313 0.00026615313
0.28161332 0.022257643 0.00022257643
0.28192215 0.022303218 0.00022303218
0.28223098 0.025323759 0.00025323759
0.2825398 0.024207473 0.00024207473
0.28284863 0.020782548 0.00020782548
0.28315745 0.026282244 0.00026282244
0.28346627 0.02499615 0.0002499615
0.28377509 0.025757159 0.00025757159
0.28408391 0.028616633 0.00028616633
0.28439272 0.025897659 0.00025897659
0.28470154 0.02601038 0.0002601038
0.28501035 0.023891683 0.00023891683
0.28531916 0.027362245 0.00027362245
0.28562797 0.02560265 0.0002560265
0.28593678 0.024184584 0.00024184584
0.28624559 0.022072155 0.00022072155
0.2865544 0.026309148 0.00026309148
0.2868632 0.024346743 0.00024346743
0.287172 0.027154773 0.00027154773
0.2874808 0.029037925 0.00029037925
0.28772418 0.023870533 0.00023870533
0.2877896 0.022484368 0.00022484368
0.2880984 0.026618758 0.00026618758
0.2884072 0.02744807 0.0002744807
0.28871599 0.026597457 0.00026597457
0.28902478 0.025000062 0.00025000062
0.28933358 0.026122526 0.00026122526
0.28964237 0.024202949 0.00024202949
0.28995115 0.020622167 0.00020622167
0.29025994 0.027119332 0.00027119332
0.29056873 0.025062369 0.00025062369
0.29087751 0.029039819 0.00029039819
0.29118629 0.027385948 0.00027385948
0.29149507 0.024949712 0.00024949712
0.29180385 0.024004424 0.00024004424
0.29211263 0.029814315 0.00029814315
0.2924214 0.027046848 0.00027046848
0.29273018 0.027733123 0.00027733123
0.29303895 0.026421111 0.00026421111
0.29334772 0.02411183 0.0002411183
0.29365649 0.026784581 0.00026784581
0.29396526 0.027048253 0.00027048253
0.29427402 0.024876957 0.00024876957
0.29458279 0.02537129 0.0002537129
0.29465608 0.025507516 0.00025507516
0.29489155 0.025936518 0.00025936518
0.29520031 0.029586173 0.00029586173
0.29550907 0.028236803 0.00028236803
0.29581783 0.028783623 0.00028783623
0.29612659 0.028865623 0.00028865623
0.29643534 0.029618453 0.00029618453
0.2967441 0.026618097 0.00026618097
0.29705285 0.029368502 0.00029368502
0.2973616 0.027342534 0.00027342534
0.29767035 0.025119342 0.00025119342
0.29797909 0.029037396 0.00029037396
0.29828784 0.025771807 0.00025771807
0.29859658 0.025460414 0.00025460414
0.29890532 0.025959906 0.00025959906
0.29921406 0.02721059 0.0002721059
0.2995228 0.02647363 0.0002647363
0.29983154 0.022930442 0.00022930442
