0.010059664 8.2309166 0.082309166
0.010369191 7.9085628 0.079085628
0.010678719 7.6942112 0.076942112
0.010988246 7.4646673 0.074646673
0.011297773 7.2565324 0.072565324
0.0116073 7.1085133 0.071085133
0.011916828 6.9715238 0.069715238
0.012226355 6.8094568 0.068094568
0.012535882 6.7539221 0.067539221
0.012845409 6.6339237 0.066339237
0.013154936 6.5586027 0.065586027
0.013464463 6.5345981 0.065345981
0.013773989 6.4582559 0.064582559
0.014083516 6.4139224 0.064139224
0.014393043 6.3298015 0.063298015
0.014702569 6.2963958 0.062963958
0.015012096 6.2656207 0.062656207
0.015321622 6.2207697 0.062207697
0.015631148 6.1544253 0.061544253
0.015940675 6.1698017 0.061698017
0.016250201 6.1214669 0.061214669
0.016559727 6.1334229 0.061334229
0.016869253 6.0690356 0.060690356
0.017178779 6.0451121 0.060451121
0.017488304 6.0247895 0.060247895
0.01779783 5.991922 0.05991922
0.018107355 6.0375296 0.060375296
0.018416881 6.0357366 0.060357366
0.018726406 5.9884643 0.059884643
0.019035932 5.9689082 0.059689082
0.019345457 5.9499026 0.059499026
0.019654982 5.913651 0.05913651
0.019964507 5.9082835 0.059082835
0.020274032 5.8957236 0.058957236
0.020583556 5.8986126 0.058986126
0.020893081 5.8412828 0.058412828
0.021202605 5.8712735 0.058712735
0.02151213 5.8319846 0.058319846
0.021821654 5.8634747 0.058634747
0.022131178 5.8455258 0.058455258
0.022440702 5.8597469 0.058597469
0.022750226 5.8642913 0.058642913
0.02305975 5.8330556 0.058330556
0.023369274 5.8384951 0.058384951
0.023678797 5.8070085 0.058070085
0.023988321 5.79873 0.0579873
0.024297844 5.8018294 0.058018294
0.024607367 5.7695619 0.057695619
0.02491689 5.7459044 0.057459044
0.025226413 5.7458917 0.057458917
0.025535936 5.7194127 0.057194127
0.025845458 5.7063484 0.057063484
0.026154981 5.7150794 0.057150794
0.026464503 5.6879269 0.056879269
0.026774025 5.6872676 0.056872676
0.027083547 5.6528366 0.056528366
0.027393069 5.6549193 0.056549193
0.027702591 5.6316777 0.056316777
0.028012112 5.612184 0.05612184
0.028321634 5.6080234 0.056080234
0.028631155 5.5725806 0.055725806
0.028940676 5.5610096 0.055610096
0.029250197 5.5446426 0.055446426
0.029559718 5.5270944 0.055270944
0.029869238 5.4965059 0.054965059
0.030178759 5.5036009 0.055036009
0.030488279 5.4848533 0.054848533
0.030797799 5.4665801 0.054665801
0.031107319 5.4392118 0.054392118
0.031416839 5.4255843 0.054255843
0.031726359 5.4338 0.054338
0.032035878 5.4165363 0.054165363
0.032345397 5.3961959 0.053961959
0.032654916 5.412952 0.05412952
0.032964435 5.3665555 0.053665555
0.033273954 5.3604654 0.053604654
0.033583473 5.3437432 0.053437432
0.033892991 5.3235635 0.053235635
0.034202509 5.3160775 0.053160775
0.034512027 5.2880335 0.052880335
0.034821545 5.2932844 0.052932844
0.035131063 5.282443 0.05282443
0.03544058 5.270098 0.05270098
0.035750097 5.2340321 0.052340321
0.036059614 5.2135448 0.052135448
0.036369131 5.2308891 0.052308891
0.036678648 5.2056498 0.052056498
0.036988164 5.1899365 0.051899365
0.03729768 5.1826172 0.051826172
0.037607196 5.1704415 0.051704415
0.037916712 5.1538034 0.051538034
0.038226228 5.132747 0.05132747
0.038535743 5.1335932 0.051335932
0.038845259 5.1151319 0.051151319
0.039154774 5.1019301 0.051019301
0.039464288 5.0865999 0.050865999
0.039773803 5.0550622 0.050550622
0.040083317 5.0427932 0.050427932
0.040392831 5.0156402 0.050156402
0.040702345 5.0190229 0.050190229
0.041011859 4.9896979 0.049896979
0.041321372 4.9813685 0.049813685
0.041630886 4.9692261 0.049692261
0.041940399 4.954749 0.04954749
0.042249911 4.9355907 0.049355907
0.042559424 4.9268208 0.049268208
0.042868936 4.9125318 0.049125318
0.043178448 4.8802858 0.048802858
0.04348796 4.8768566 0.048768566
0.043797472 4.8661103 0.048661103
0.044106983 4.8539467 0.048539467
0.044416494 4.8349434 0.048349434
0.044726005 4.8123474 0.048123474
0.045035516 4.7993406 0.047993406
0.045345026 4.788271 0.04788271
0.045654536 4.764961 0.04764961
0.045964046 4.7572435 0.047572435
0.046273556 4.7152646 0.047152646
0.046583065 4.7204612 0.047204612
0.046892575 4.6759347 0.046759347
0.047202083 4.6734483 0.046734483
0.047511592 4.6491151 0.046491151
0.0478211 4.6331657 0.046331657
0.048130609 4.637328 0.04637328
0.048440116 4.6013244 0.046013244
0.048749624 4.5787431 0.045787431
0.049059131 4.5790247 0.045790247
0.049368638 4.5329461 0.045329461
0.049678145 4.5669732 0.045669732
0.049987652 4.5218152 0.045218152
0.050297158 4.5145122 0.045145122
0.050606664 4.4932472 0.044932472
0.05091617 4.4854442 0.044854442
0.051225675 4.482252 0.04482252
0.05153518 4.4748968 0.044748968
0.051844685 4.448221 0.04448221
0.05215419 4.453307 0.04453307
0.052463694 4.4115175 0.044115175
0.052773198 4.3950793 0.043950793
0.053082702 4.3885296 0.043885296
0.053392205 4.3756719 0.043756719
0.053701708 4.3616175 0.043616175
0.054011211 4.3435603 0.043435603
0.054320713 4.3246298 0.043246298
0.054630216 4.2984878 0.042984878
0.054939718 4.2815318 0.042815318
0.055249219 4.2800731 0.042800731
0.055558721 4.2540888 0.042540888
0.055868222 4.2452117 0.042452117
0.056177722 4.2315824 0.042315824
0.056487223 4.2140099 0.042140099
0.056796723 4.2037169 0.042037169
0.057106223 4.1825355 0.041825355
0.057415722 4.1598736 0.041598736
0.057725221 4.1398221 0.041398221
0.05803472 4.1352625 0.041352625
0.058344219 4.1192253 0.041192253
0.058653717 4.1088344 0.041088344
0.058963215 4.0642159 0.040642159
0.059272713 4.0699576 0.040699576
0.05958221 4.0626452 0.040626452
0.059891707 4.0548439 0.040548439
0.060201203 4.0399059 0.040399059
0.0605107 4.0208621 0.040208621
0.060820196 3.9974689 0.039974689
0.061129691 3.975531 0.03975531
0.061439187 3.9846273 0.039846273
0.061748681 3.9528568 0.039528568
0.062058176 3.9542595 0.039542595
0.06236767 3.9209484 0.039209484
0.062677164 3.9233766 0.039233766
0.062986658 3.8875326 0.038875326
0.063296151 3.8802993 0.038802993
0.063605644 3.8720621 0.038720621
0.063915137 3.8545616 0.038545616
0.064224629 3.8289325 0.038289325
0.064534121 3.8218576 0.038218576
0.064843612 3.8058279 0.038058279
0.065153103 3.7907278 0.037907278
0.065462594 3.7650952 0.037650952
0.065772085 3.7661864 0.037661864
0.066081575 3.7428327 0.037428327
0.066391064 3.727816 0.03727816
0.066700554 3.7180554 0.037180554
0.067010043 3.6894893 0.036894893
0.067319531 3.688867 0.03688867
0.06762902 3.6683034 0.036683034
0.067938508 3.6465571 0.036465571
0.068247995 3.6383262 0.036383262
0.068557482 3.6308086 0.036308086
0.068866969 3.6050305 0.036050305
0.069176455 3.594568 0.03594568
0.069485941 3.5804115 0.035804115
0.069795427 3.5683495 0.035683495
0.070104912 3.5428134 0.035428134
0.070414397 3.5341737 0.035341737
0.070723882 3.5160971 0.035160971
0.071033366 3.4985188 0.034985188
0.07134285 3.4732163 0.034732163
0.071652333 3.4691023 0.034691023
0.071961816 3.4533441 0.034533441
0.072271298 3.4414787 0.034414787
0.07258078 3.4176603 0.034176603
0.072890262 3.3981053 0.033981053
0.073199744 3.3950411 0.033950411
0.073509225 3.3804283 0.033804283
0.073818705 3.3671511 0.033671511
0.074128185 3.3577648 0.033577648
0.074437665 3.3441389 0.033441389
0.074747144 3.3236562 0.033236562
0.075056623 3.2988081 0.032988081
0.075366102 3.2935831 0.032935831
0.07567558 3.2839084 0.032839084
0.075985058 3.2582305 0.032582305
0.076294535 3.2432668 0.032432668
0.076604012 3.2336797 0.032336797
0.076913488 3.2251545 0.032251545
0.077222964 3.2047529 0.032047529
0.07753244 3.1866002 0.031866002
0.077841915 3.1752088 0.031752088
0.07815139 3.1572997 0.031572997
0.078460864 3.1463748 0.031463748
0.078770338 3.1309123 0.031309123
0.079079812 3.1163141 0.031163141
0.079389285 3.1094495 0.031094495
0.079698757 3.08302 0.0308302
0.080008229 3.0774313 0.030774313
0.080317701 3.0685437 0.030685437
0.080627172 3.0461093 0.030461093
0.080936643 3.0333846 0.030333846
0.081246114 3.0145386 0.030145386
0.081555584 3.0072593 0.030072593
0.081865053 2.9825938 0.029825938
0.082174522 2.9816193 0.029816193
0.082483991 2.9601116 0.029601116
0.082793459 2.9438335 0.029438335
0.083102927 2.9357422 0.029357422
0.083412394 2.918201 0.02918201
0.083721861 2.9060236 0.029060236
0.084031327 2.8943113 0.028943113
0.084340793 2.8810427 0.028810427
0.084650259 2.8614 0.028614
0.084959724 2.8493499 0.028493499
0.085269188 2.8384401 0.028384401
0.085578652 2.819525 0.02819525
0.085888116 2.8077649 0.028077649
0.086197579 2.7976686 0.027976686
0.086507042 2.7821004 0.027821004
0.086816504 2.767821 0.02767821
0.087125966 2.7519492 0.027519492
0.087435427 2.743644 0.02743644
0.087744888 2.7244752 0.027244752
0.088054348 2.7159136 0.027159136
0.088363808 2.7025901 0.027025901
0.088673267 2.69209 0.0269209
0.088982726 2.6738822 0.026738822
0.089292184 2.6674094 0.026674094
0.089601642 2.6553048 0.026553048
0.089911099 2.6394251 0.026394251
0.090220556 2.6279856 0.026279856
0.090530013 2.6157197 0.026157197
0.090839469 2.6046092 0.026046092
0.091148924 2.5831734 0.025831734
0.091458379 2.5703791 0.025703791
0.091767833 2.5623564 0.025623564
0.092077287 2.5502377 0.025502377
0.092386741 2.5375069 0.025375069
0.092696194 2.5287696 0.025287696
0.093005646 2.5113746 0.025113746
0.093315098 2.5055958 0.025055958
0.093624549 2.4819488 0.024819488
0.093934 2.4606597 0.024606597
0.09424345 2.466081 0.02466081
0.0945529 2.4458751 0.024458751
0.09486235 2.4328519 0.024328519
0.095171798 2.4163952 0.024163952
0.095481247 2.4074304 0.024074304
0.095790694 2.4001199 0.024001199
0.096100142 2.3835383 0.023835383
0.096409588 2.3677612 0.023677612
0.096719035 2.3564224 0.023564224
0.09702848 2.3458454 0.023458454
0.097337925 2.3316632 0.023316632
0.09764737 2.3223927 0.023223927
0.097956814 2.306834 0.02306834
0.098266257 2.2965537 0.022965537
0.0985757 2.2860409 0.022860409
0.098885143 2.2728201 0.022728201
0.099194585 2.2590938 0.022590938
0.099504026 2.2477834 0.022477834
0.099813467 2.2344667 0.022344667
0.10012291 2.2193509 0.022193509
0.10043235 2.2096617 0.022096617
0.10074179 2.1941996 0.021941996
0.10105122 2.1852229 0.021852229
0.10136066 2.1712337 0.021712337
0.1016701 2.1598015 0.021598015
0.10197954 2.1556109 0.021556109
0.10228897 2.1411063 0.021411063
0.10259841 2.1292885 0.021292885
0.10290785 2.1144552 0.021144552
0.10321728 2.1132483 0.021132483
0.10352671 2.0955665 0.020955665
0.10383615 2.0860215 0.020860215
0.10414558 2.0665317 0.020665317
0.10445501 2.0562179 0.020562179
0.10476445 2.04109 0.0204109
0.10507388 2.0348878 0.020348878
0.10538331 2.0227666 0.020227666
0.10569274 2.0138108 0.020138108
0.10600217 2.0030578 0.020030578
0.1063116 1.9907168 0.019907168
0.10662102 1.9861025 0.019861025
0.10693045 1.9679138 0.019679138
0.10723988 1.9596686 0.019596686
0.10754931 1.9463747 0.019463747
0.10785873 1.9345555 0.019345555
0.10816816 1.9206892 0.019206892
0.10847758 1.9095946 0.019095946
0.10878701 1.8988372 0.018988372
0.10909643 1.8897299 0.018897299
0.10940585 1.8826171 0.018826171
0.10971528 1.8671472 0.018671472
0.1100247 1.8541318 0.018541318
0.11033412 1.8461175 0.018461175
0.11064354 1.8334492 0.018334492
0.11095296 1.8301223 0.018301223
0.11126238 1.8158376 0.018158376
0.1115718 1.8035457 0.018035457
0.11188122 1.7927035 0.017927035
0.11219064 1.782898 0.01782898
0.11250005 1.7728184 0.017728184
0.11280947 1.7629706 0.017629706
0.11311889 1.7541853 0.017541853
0.1134283 1.7440533 0.017440533
0.11373772 1.7345678 0.017345678
0.11404713 1.7220187 0.017220187
0.11435654 1.7085035 0.017085035
0.11466596 1.6995689 0.016995689
0.11497537 1.6944 0.016944
0.11528478 1.6825805 0.016825805
0.11559419 1.6722478 0.016722478
0.1159036 1.661714 0.01661714
0.11621301 1.6546373 0.016546373
0.11652242 1.6449963 0.016449963
0.11683183 1.6341303 0.016341303
0.11714124 1.619796 0.01619796
0.11745064 1.6114043 0.016114043
0.11776005 1.6045373 0.016045373
0.11806945 1.5966127 0.015966127
0.11837886 1.5824669 0.015824669
0.11868826 1.5756955 0.015756955
0.11899767 1.5650125 0.015650125
0.11930707 1.5561248 0.015561248
0.11961647 1.5429255 0.015429255
0.11992588 1.5318587 0.015318587
0.12023528 1.5252477 0.015252477
0.12054468 1.5149152 0.015149152
0.12085408 1.5077532 0.015077532
0.12116348 1.49473 0.0149473
0.12147288 1.4839138 0.014839138
0.12178227 1.4754714 0.014754714
0.12209167 1.4689322 0.014689322
0.12240107 1.4592614 0.014592614
0.12271046 1.4545935 0.014545935
0.12301986 1.4388994 0.014388994
0.12332925 1.4325001 0.014325001
0.12363865 1.4256899 0.014256899
0.12394804 1.4138912 0.014138912
0.12425743 1.4076175 0.014076175
0.12456683 1.3929677 0.013929677
0.12487622 1.3852931 0.013852931
0.12518561 1.3786086 0.013786086
0.125495 1.3675288 0.013675288
0.12580439 1.3648606 0.013648606
0.12611377 1.3535553 0.013535553
0.12642316 1.3425254 0.013425254
0.12673255 1.3335453 0.013335453
0.12704194 1.3249401 0.013249401
0.12735132 1.3182365 0.013182365
0.12766071 1.3112949 0.013112949
0.12797009 1.3012199 0.013012199
0.12827947 1.2942891 0.012942891
0.12858886 1.2871706 0.012871706
0.12889824 1.2775948 0.012775948
0.12920762 1.2673861 0.012673861
0.129517 1.2617551 0.012617551
0.12982638 1.2530376 0.012530376
0.13013576 1.2458047 0.012458047
0.13044514 1.2369714 0.012369714
0.13075452 1.2263999 0.012263999
0.1310639 1.2213012 0.012213012
0.13137327 1.208598 0.01208598
0.13168265 1.2030422 0.012030422
0.13199202 1.1984968 0.011984968
0.1323014 1.1879359 0.011879359
0.13261077 1.1817345 0.011817345
0.13292015 1.1722461 0.011722461
0.13322952 1.165639 0.01165639
0.13353889 1.1547224 0.011547224
0.13384826 1.1484059 0.011484059
0.13415763 1.1373475 0.011373475
0.134467 1.1327389 0.011327389
0.13477637 1.1261833 0.011261833
0.13508574 1.1164649 0.011164649
0.1353951 1.1108805 0.011108805
0.13570447 1.1048071 0.011048071
0.13601383 1.0912705 0.010912705
0.1363232 1.0878912 0.010878912
0.13663256 1.076998 0.01076998
0.13694193 1.0729051 0.010729051
0.13725129 1.0674842 0.010674842
0.13756065 1.0573735 0.010573735
0.13787001 1.0519789 0.010519789
0.13817937 1.043634 0.01043634
0.13848873 1.0344864 0.010344864
0.13879809 1.0278416 0.010278416
0.13910745 1.0225041 0.010225041
0.13941681 1.0132679 0.010132679
0.13972616 1.0088394 0.010088394
0.14003552 1.0002781 0.010002781
0.14034488 0.99629927 0.0099629927
0.14065423 0.98588877 0.0098588877
0.14096358 0.98060816 0.0098060816
0.14127294 0.97452417 0.0097452417
0.14158229 0.96520062 0.0096520062
0.14189164 0.95721373 0.0095721373
0.14220099 0.94849267 0.0094849267
0.14251034 0.94654771 0.0094654771
0.14281969 0.93695137 0.0093695137
0.14312904 0.9299029 0.009299029
0.14343838 0.92322219 0.0092322219
0.14374773 0.91603085 0.0091603085
0.14405708 0.9138027 0.009138027
0.14436642 0.90731267 0.0090731267
0.14467577 0.89999383 0.0089999383
0.14498511 0.89310331 0.0089310331
0.14529445 0.88432157 0.0088432157
0.14560379 0.87968404 0.0087968404
0.14591314 0.87103674 0.0087103674
0.14622248 0.86529642 0.0086529642
0.14653182 0.85991685 0.0085991685
0.14684115 0.85265195 0.0085265195
0.14715049 0.8500871 0.008500871
0.14745983 0.84233189 0.0084233189
0.14776917 0.8339518 0.008339518
0.1480785 0.82893639 0.0082893639
0.14838784 0.82337842 0.0082337842
0.14869717 0.81927012 0.0081927012
0.1490065 0.81357947 0.0081357947
0.14931583 0.80438615 0.0080438615
0.14962517 0.80064032 0.0080064032
0.1499345 0.79001084 0.0079001084
0.15024383 0.79009316 0.0079009316
0.15055316 0.77991602 0.0077991602
0.15086248 0.77609057 0.0077609057
0.15117181 0.76876344 0.0076876344
0.15148114 0.76507276 0.0076507276
0.15179046 0.75881422 0.0075881422
0.15209979 0.75065221 0.0075065221
0.15240911 0.74745426 0.0074745426
0.15271844 0.73851802 0.0073851802
0.15302776 0.73712568 0.0073712568
0.15333708 0.72782416 0.0072782416
0.1536464 0.72348733 0.0072348733
0.15395572 0.71823393 0.0071823393
0.15426504 0.71222833 0.0071222833
0.15457436 0.70809247 0.0070809247
0.15488367 0.70086758 0.0070086758
0.15519299 0.69496501 0.0069496501
0.15550231 0.69140082 0.0069140082
0.15581162 0.68335385 0.0068335385
0.15612093 0.67727905 0.0067727905
0.15643025 0.67535511 0.0067535511
0.15673956 0.66824713 0.0066824713
0.15704887 0.66157758 0.0066157758
0.15735818 0.65722845 0.0065722845
0.15766749 0.64979724 0.0064979724
0.1579768 0.64948263 0.0064948263
0.15828611 0.63961902 0.0063961902
0.15859542 0.63598727 0.0063598727
0.15890472 0.63574205 0.0063574205
0.15921403 0.62583945 0.0062583945
0.15952333 0.62354938 0.0062354938
0.15983264 0.62105188 0.0062105188
0.16014194 0.61524237 0.0061524237
0.16045124 0.60501793 0.0060501793
0.16076054 0.60443078 0.0060443078
0.16106984 0.59768218 0.0059768218
0.16137914 0.58914376 0.0058914376
0.16168844 0.59213111 0.0059213111
0.16199774 0.58496987 0.0058496987
0.16230703 0.57764112 0.0057764112
0.16261633 0.57467385 0.0057467385
0.16292562 0.56698434 0.0056698434
0.16323492 0.56495906 0.0056495906
0.16354421 0.56183971 0.0056183971
0.1638535 0.55409971 0.0055409971
0.16416279 0.55321194 0.0055321194
0.16447208 0.54354593 0.0054354593
0.16478137 0.53923731 0.0053923731
0.16509066 0.53904188 0.0053904188
0.16539995 0.53500212 0.0053500212
0.16570924 0.52987894 0.0052987894
0.16601852 0.52204234 0.0052204234
0.16632781 0.5184752 0.005184752
0.16663709 0.5156205 0.005156205
0.16694637 0.51032765 0.0051032765
0.16725566 0.50396206 0.0050396206
0.16756494 0.50268214 0.0050268214
0.16787422 0.49860322 0.0049860322
0.1681835 0.49140079 0.0049140079
0.16849278 0.48770719 0.0048770719
0.16880205 0.48633152 0.0048633152
0.16911133 0.48106478 0.0048106478
0.16942061 0.47863592 0.0047863592
0.16972988 0.47162221 0.0047162221
0.17003916 0.46879557 0.0046879557
0.17034843 0.46153032 0.0046153032
0.1706577 0.46207418 0.0046207418
0.17096697 0.45684929 0.0045684929
0.17127624 0.45234068 0.0045234068
0.17158551 0.44715662 0.0044715662
0.17189478 0.44235125 0.0044235125
0.17220405 0.44020098 0.0044020098
0.17251331 0.43541185 0.0043541185
0.17282258 0.43249593 0.0043249593
0.17313184 0.42927886 0.0042927886
0.17344111 0.4254993 0.004254993
0.17375037 0.42049759 0.0042049759
0.17405963 0.41516127 0.0041516127
0.17436889 0.41650422 0.0041650422
0.17467815 0.41077065 0.0041077065
0.17498741 0.40879495 0.0040879495
0.17529667 0.40546249 0.0040546249
0.17560593 0.39828133 0.0039828133
0.17591518 0.39467143 0.0039467143
0.17622444 0.39227686 0.0039227686
0.17653369 0.38885993 0.0038885993
0.17684295 0.38532841 0.0038532841
0.1771522 0.38299483 0.0038299483
0.17746145 0.37686398 0.0037686398
0.1777707 0.37298565 0.0037298565
0.17807995 0.37178996 0.0037178996
0.1783892 0.36844052 0.0036844052
0.17869844 0.36467329 0.0036467329
0.17900769 0.36101769 0.0036101769
0.17931694 0.35540528 0.0035540528
0.17962618 0.35515573 0.0035515573
0.17993542 0.34890515 0.0034890515
0.18024467 0.34787515 0.0034787515
0.18055391 0.34430457 0.0034430457
0.18086315 0.34078456 0.0034078456
0.18117239 0.33864936 0.0033864936
0.18148163 0.33403748 0.0033403748
0.18179086 0.33148659 0.0033148659
0.1821001 0.32897265 0.0032897265
0.18240934 0.32435204 0.0032435204
0.18271857 0.31807299 0.0031807299
0.1830278 0.31691219 0.0031691219
0.18333704 0.31560286 0.0031560286
0.18364627 0.31201113 0.0031201113
0.1839555 0.31006906 0.0031006906
0.18426473 0.30657776 0.0030657776
0.18457396 0.30133507 0.0030133507
0.18488318 0.30139047 0.0030139047
0.18519241 0.2966691 0.002966691
0.18550164 0.29260757 0.0029260757
0.18581086 0.28994971 0.0028994971
0.18612009 0.28995254 0.0028995254
0.18642931 0.28385929 0.0028385929
0.18673853 0.28195325 0.0028195325
0.18704775 0.2803782 0.002803782
0.18735697 0.27928468 0.0027928468
0.18766619 0.27425544 0.0027425544
0.1879754 0.27083357 0.0027083357
0.18828462 0.27043946 0.0027043946
0.18859384 0.26754888 0.0026754888
0.18890305 0.26548366 0.0026548366
0.18921226 0.26056473 0.0026056473
0.18952148 0.25847625 0.0025847625
0.18983069 0.25570448 0.0025570448
0.1901399 0.25265086 0.0025265086
0.19044911 0.24769027 0.0024769027
0.19075832 0.24729139 0.0024729139
0.19106752 0.24635875 0.0024635875
0.19137673 0.24261808 0.0024261808
0.19168593 0.23819214 0.0023819214
0.19199514 0.23827416 0.0023827416
0.19230434 0.23401311 0.0023401311
0.19261354 0.23459962 0.0023459962
0.19292274 0.23033606 0.0023033606
0.19323194 0.22902083 0.0022902083
0.19354114 0.22411196 0.0022411196
0.19385034 0.22356336 0.0022356336
0.19415954 0.21993702 0.0021993702
0.19446873 0.22035749 0.0022035749
0.19477793 0.21659839 0.0021659839
0.19508712 0.21106491 0.0021106491
0.19539631 0.21072015 0.0021072015
0.1957055 0.21042437 0.0021042437
0.19601469 0.20376935 0.0020376935
0.19632388 0.20445388 0.0020445388
0.19663307 0.20251437 0.0020251437
0.19694226 0.20105854 0.0020105854
0.19725144 0.1960608 0.001960608
0.19756063 0.19721094 0.0019721094
0.19786981 0.19341009 0.0019341009
0.19817899 0.19157277 0.0019157277
0.19848818 0.18857561 0.0018857561
0.19879736 0.18647292 0.0018647292
0.19910654 0.18538494 0.0018538494
0.19941572 0.18200721 0.0018200721
0.19972489 0.18090037 0.0018090037
0.20003407 0.17749954 0.0017749954
0.20034324 0.17414008 0.0017414008
0.20065242 0.17306052 0.0017306052
0.20096159 0.17106562 0.0017106562
0.20127076 0.17339397 0.0017339397
0.20157993 0.1696992 0.001696992
0.2018891 0.16504003 0.0016504003
0.20219827 0.1637274 0.001637274
0.20250744 0.16156367 0.0016156367
0.20281661 0.1625156 0.001625156
0.20312577 0.1590556 0.001590556
0.20343493 0.16018126 0.0016018126
0.2037441 0.15405413 0.0015405413
0.20405326 0.15253034 0.0015253034
0.20436242 0.14996124 0.0014996124
0.20467158 0.15137728 0.0015137728
0.20498074 0.14591402 0.0014591402
0.2052899 0.14594524 0.0014594524
0.20559905 0.14427356 0.0014427356
0.20590821 0.14276191 0.0014276191
0.20621736 0.14205305 0.0014205305
0.20652651 0.1368376 0.001368376
0.20683567 0.13835643 0.0013835643
0.20714482 0.13825574 0.0013825574
0.20745397 0.13407281 0.0013407281
0.20776312 0.13115928 0.0013115928
0.20807226 0.13097117 0.0013097117
0.20838141 0.12792567 0.0012792567
0.20869055 0.12778438 0.0012778438
0.2089997 0.12661749 0.0012661749
0.20930884 0.12593565 0.0012593565
0.20961798 0.12234575 0.0012234575
0.20992712 0.12192222 0.0012192222
0.21023626 0.12062009 0.0012062009
0.2105454 0.11786396 0.0011786396
0.21085454 0.1154864 0.001154864
0.21116367 0.11384429 0.0011384429
0.21147281 0.11401789 0.0011401789
0.21178194 0.11544286 0.0011544286
0.21209107 0.11098475 0.0011098475
0.21240021 0.1095915 0.001095915
0.21270934 0.10975061 0.0010975061
0.21301846 0.10956642 0.0010956642
0.21332759 0.10748418 0.0010748418
0.21363672 0.10468861 0.0010468861
0.21394584 0.10346893 0.0010346893
0.21425497 0.10415112 0.0010415112
0.21456409 0.10440887 0.0010440887
0.21487321 0.09673962 0.0009673962
0.21518234 0.098219983 0.00098219983
0.21549145 0.10015501 0.0010015501
0.21580057 0.0966908 0.000966908
0.21610969 0.094998314 0.00094998314
0.21641881 0.091992673 0.00091992673
0.21672792 0.091978334 0.00091978334
0.21703704 0.094150141 0.00094150141
0.21734615 0.089606075 0.00089606075
0.21765526 0.087640296 0.00087640296
0.21796437 0.086345307 0.00086345307
0.21827348 0.086551876 0.00086551876
0.21858259 0.083711802 0.00083711802
0.21889169 0.084294889 0.00084294889
0.2192008 0.084328305 0.00084328305
0.2195099 0.081228257 0.00081228257
0.21981901 0.08011434 0.0008011434
0.22012811 0.080277793 0.00080277793
0.22043721 0.07846124 0.0007846124
0.22074631 0.076652041 0.00076652041
0.22105541 0.075594739 0.00075594739
0.2213645 0.07710291 0.0007710291
0.2216736 0.076786223 0.00076786223
0.22198269 0.071037382 0.00071037382
0.22229179 0.071432684 0.00071432684
0.22260088 0.072134191 0.00072134191
0.22290997 0.072214259 0.00072214259
0.22321906 0.070341234 0.00070341234
0.22352815 0.07016774 0.0007016774
0.22383724 0.070533055 0.00070533055
0.22414632 0.068094667 0.00068094667
0.22445541 0.065905647 0.00065905647
0.22476449 0.066212035 0.00066212035
0.22507357 0.061513231 0.00061513231
0.22538265 0.064400894 0.00064400894
0.22569174 0.059335612 0.00059335612
0.22600081 0.062405039 0.00062405039
0.22630989 0.061631956 0.00061631956
0.22661897 0.059822798 0.00059822798
0.22692804 0.05888697 0.0005888697
0.22723712 0.058019248 0.00058019248
0.22754619 0.056179104 0.00056179104
0.22785526 0.053856993 0.00053856993
0.22816433 0.056286968 0.00056286968
0.2284734 0.056275524 0.00056275524
0.22878247 0.054772293 0.00054772293
0.22909153 0.052246053 0.00052246053
0.2294006 0.051977302 0.00051977302
0.22970966 0.051623682 0.00051623682
0.23001873 0.052537153 0.00052537153
0.23032779 0.048431175 0.00048431175
0.23063685 0.050917256 0.00050917256
0.23094591 0.047869893 0.00047869893
0.23125496 0.047138229 0.00047138229
0.23156402 0.047421572 0.00047421572
0.23187308 0.045470848 0.00045470848
0.23218213 0.043430519 0.00043430519
0.23249118 0.044677664 0.00044677664
0.23280023 0.043622656 0.00043622656
0.23310928 0.045469752 0.00045469752
0.23341833 0.041303239 0.00041303239
0.23372738 0.042013299 0.00042013299
0.23403643 0.041700134 0.00041700134
0.23434547 0.042754603 0.00042754603
0.23465451 0.041761999 0.00041761999
0.23496356 0.041903078 0.00041903078
0.2352726 0.038209669 0.00038209669
0.23558164 0.038406911 0.00038406911
0.23589068 0.038398044 0.00038398044
0.23619971 0.039934012 0.00039934012
0.23650875 0.036404329 0.00036404329
0.23681778 0.036930803 0.00036930803
0.23712682 0.036997063 0.00036997063
0.23743585 0.035577339 0.00035577339
0.23774488 0.032308917 0.00032308917
0.23805391 0.033116421 0.00033116421
0.23836294 0.030756728 0.00030756728
0.23867197 0.034998955 0.00034998955
0.23898099 0.03447121 0.0003447121
0.23929002 0.028586099 0.00028586099
0.23959904 0.030195836 0.00030195836
0.23990806 0.032471702 0.00032471702
0.24021708 0.032513281 0.00032513281
0.2405261 0.031071644 0.00031071644
0.24083512 0.030281913 0.00030281913
0.24114413 0.029666578 0.00029666578
0.24145315 0.028583435 0.00028583435
0.24176216 0.025765972 0.00025765972
0.24207118 0.029922062 0.00029922062
0.24238019 0.024308319 0.00024308319
0.2426892 0.027873379 0.00027873379
0.24299821 0.02753636 0.0002753636
0.24330721 0.028524847 0.00028524847
0.24361622 0.026756092 0.00026756092
0.24392522 0.028475532 0.00028475532
0.24423423 0.025999928 0.00025999928
0.24454323 0.02422825 0.0002422825
0.24485223 0.029606461 0.00029606461
0.24516123 0.0233965 0.000233965
0.24547023 0.026627957 0.00026627957
0.24577922 0.026500081 0.00026500081
0.24608822 0.024551475 0.00024551475
0.24639721 0.022926342 0.00022926342
0.24670621 0.023920889 0.00023920889
0.2470152 0.024073707 0.00024073707
0.24732419 0.026960837 0.00026960837
0.24763318 0.024181002 0.00024181002
0.24794216 0.022159895 0.00022159895
0.24825115 0.01909166 0.0001909166
0.24856013 0.017919333 0.00017919333
0.24886912 0.018528771 0.00018528771
0.2491781 0.021453494 0.00021453494
0.24948708 0.021849127 0.00021849127
0.24979606 0.018715757 0.00018715757
0.25010504 0.020413363 0.00020413363
0.25041401 0.022505366 0.00022505366
0.25072299 0.021005041 0.00021005041
0.25103196 0.021755736 0.00021755736
0.25134093 0.019043912 0.00019043912
0.2516499 0.024646953 0.00024646953
0.25195887 0.018560394 0.00018560394
0.25226784 0.02177454 0.0002177454
0.25257681 0.018569651 0.00018569651
0.25288577 0.017062264 0.00017062264
0.25319474 0.01994373 0.0001994373
0.2535037 0.018332814 0.00018332814
0.25381266 0.017531558 0.00017531558
0.25412162 0.018290027 0.00018290027
0.25443058 0.01620285 0.0001620285
0.25473954 0.017527765 0.00017527765
0.25504849 0.017267238 0.00017267238
0.25535745 0.018074171 0.00018074171
0.2556664 0.01429459 0.0001429459
0.25597535 0.018970165 0.00018970165
0.2562843 0.016150024 0.00016150024
0.25659325 0.016421738 0.00016421738
0.2569022 0.019980957 0.00019980957
0.25721115 0.016313178 0.00016313178
0.25752009 0.016509721 0.00016509721
0.25782903 0.01793125 0.0001793125
0.25813798 0.015623107 0.00015623107
0.25844692 0.015868722 0.00015868722
0.25875585 0.019348317 0.00019348317
0.25906479 0.016398999 0.00016398999
0.25937373 0.016839572 0.00016839572
0.25968266 0.014621977 0.00014621977
0.2599916 0.017742889 0.00017742889
0.26030053 0.017263304 0.00017263304
0.26060946 0.019964561 0.00019964561
0.26091839 0.019367988 0.00019367988
0.26122732 0.017518913 0.00017518913
0.26153624 0.017502293 0.00017502293
0.26184517 0.016324548 0.00016324548
0.26215409 0.016017905 0.00016017905
0.26246301 0.016363464 0.00016363464
0.26277193 0.014005285 0.00014005285
0.26308085 0.01340831 0.0001340831
0.26338977 0.017246516 0.00017246516
0.26369869 0.013606583 0.00013606583
0.2640076 0.016603761 0.00016603761
0.26431651 0.015250647 0.00015250647
0.26462543 0.016429245 0.00016429245
0.26493434 0.016668773 0.00016668773
0.26524325 0.015200427 0.00015200427
0.26555215 0.014775019 0.00014775019
0.26586106 0.01349942 0.0001349942
0.26616996 0.013717541 0.00013717541
0.26647887 0.015496061 0.00015496061
0.26678777 0.015120726 0.00015120726
0.26709667 0.014438307 0.00014438307
0.26740557 0.015641232 0.00015641232
0.26771447 0.013821744 0.00013821744
0.26802336 0.014252669 0.00014252669
0.26833226 0.01783383 0.0001783383
0.26864115 0.015024642 0.00015024642
0.26895004 0.013472549 0.00013472549
0.26925893 0.017660669 0.00017660669
0.26956782 0.016067885 0.00016067885
0.26987671 0.017476137 0.00017476137
0.27018559 0.015765684 0.00015765684
0.27049448 0.013146025 0.00013146025
0.27080336 0.016542059 0.00016542059
0.27111224 0.018842233 0.00018842233
0.27142112 0.011369047 0.00011369047
0.27173 0.011361962 0.00011361962
0.27203888 0.013333903 0.00013333903
0.27234775 0.017428364 0.00017428364
0.27265663 0.015148263 0.00015148263
0.2729655 0.015727493 0.00015727493
0.27327437 0.014163393 0.00014163393
0.27358324 0.015385303 0.00015385303
0.27389211 0.012433804 0.00012433804
0.27420098 0.015876315 0.00015876315
0.27450984 0.014535774 0.00014535774
0.2748187 0.017028757 0.00017028757
0.27512757 0.01198089 0.0001198089
0.27543643 0.015427619 0.00015427619
0.27574529 0.014168502 0.00014168502
0.27605414 0.017541699 0.00017541699
0.276363 0.019609955 0.00019609955
0.27667185 0.016892952 0.00016892952
0.27698071 0.014431406 0.00014431406
0.27728956 0.016121714 0.00016121714
0.27759841 0.017919557 0.00017919557
0.27790726 0.016938977 0.00016938977
0.2782161 0.018227664 0.00018227664
0.27852495 0.015227921 0.00015227921
0.27883379 0.018889067 0.00018889067
0.27914264 0.017031671 0.00017031671
0.27945148 0.014040351 0.00014040351
0.27976032 0.018935233 0.00018935233
0.28006915 0.018792858 0.00018792858
0.28037799 0.01710964 0.0001710964
0.28068683 0.018924756 0.00018924756
0.28099566 0.017118608 0.00017118608
0.28130449 0.016034135 0.00016034135
0.28161332 0.0120934 0.000120934
0.28192215 0.017270854 0.00017270854
0.28223098 0.019343516 0.00019343516
0.2825398 0.020293543 0.00020293543
0.28284863 0.017753606 0.00017753606
0.28315745 0.01975112 0.0001975112
0.28346627 0.018451969 0.00018451969
0.28377509 0.017714901 0.00017714901
0.28408391 0.016007041 0.00016007041
0.28439272 0.01829235 0.0001829235
0.28470154 0.017053091 0.00017053091
0.28501035 0.014516984 0.00014516984
0.28531916 0.0197323 0.000197323
0.28562797 0.014193118 0.00014193118
0.28593678 0.020029514 0.00020029514
0.28624559 0.019308437 0.00019308437
0.2865544 0.019654118 0.00019654118
0.2868632 0.017752176 0.00017752176
0.287172 0.01887175 0.0001887175
0.2874808 0.018070044 0.00018070044
0.2877896 0.015276429 0.00015276429
0.2880984 0.01892106 0.0001892106
0.2884072 0.019336423 0.00019336423
0.28871599 0.018524048 0.00018524048
0.28902478 0.020704577 0.00020704577
0.28933358 0.017853308 0.00017853308
0.28964237 0.017260995 0.00017260995
0.28995115 0.021657297 0.00021657297
0.29025994 0.020883498 0.00020883498
0.29056873 0.024311755 0.00024311755
0.29087751 0.017841059 0.00017841059
0.29118629 0.021113495 0.00021113495
0.29149507 0.019168263 0.00019168263
0.29180385 0.020254616 0.00020254616
0.29211263 0.021433355 0.00021433355
0.2924214 0.018513385 0.00018513385
0.29273018 0.021543146 0.00021543146
0.29303895 0.02221797 0.0002221797
0.29334772 0.02310206 0.0002310206
0.29365649 0.020819159 0.00020819159
0.29396526 0.020403532 0.00020403532
0.29427402 0.016405196 0.00016405196
0.29458279 0.019412404 0.00019412404
0.29489155 0.019343025 0.00019343025
0.29520031 0.02157807 0.0002157807
0.29550907 0.022888337 0.00022888337
0.29581783 0.021250524 0.00021250524
0.29612659 0.019591054 0.00019591054
0.29643534 0.021752344 0.00021752344
0.2967441 0.021742774 0.00021742774
0.29705285 0.019287596 0.00019287596
0.2973616 0.019690081 0.00019690081
0.29767035 0.024034191 0.00024034191
0.29797909 0.024035082 0.00024035082
0.29828784 0.022598746 0.00022598746
0.29859658 0.026546563 0.00026546563
0.29890532 0.018450207 0.00018450207
0.29921406 0.02313901 0.0002313901
0.2995228 0.024547423 0.00024547423
0.29983154 0.023512321 0.00023512321
