0.010059664 20.521014 0.20521014
0.010369191 19.364072 0.19364072
0.010678719 18.096313 0.18096313
0.010988246 16.793599 0.16793599
0.011297773 15.905853 0.15905853
0.0116073 15.063411 0.15063411
0.011916828 14.236462 0.14236462
0.012226355 13.529351 0.13529351
0.012535882 12.859228 0.12859228
0.012845409 12.242504 0.12242504
0.013154936 11.730975 0.11730975
0.013464463 11.405949 0.11405949
0.013773989 10.868987 0.10868987
0.014083516 10.46805 0.1046805
0.014393043 10.109854 0.10109854
0.014702569 9.7111315 0.097111315
0.015012096 9.3950005 0.093950005
0.015321622 9.147517 0.09147517
0.015631148 8.895054 0.08895054
0.015940675 8.6604456 0.086604456
0.016250201 8.3985181 0.083985181
0.016559727 8.2057207 0.082057207
0.016869253 8.0134399 0.080134399
0.017178779 7.8038512 0.078038512
0.017488304 7.6051984 0.076051984
0.01779783 7.4510901 0.074510901
0.018107355 7.3077006 0.073077006
0.018416881 7.1550542 0.071550542
0.018726406 7.0128581 0.070128581
0.019035932 6.8874832 0.068874832
0.019345457 6.7412024 0.067412024
0.019654982 6.6055678 0.066055678
0.019964507 6.5177649 0.065177649
0.020274032 6.4244676 0.064244676
0.020583556 6.2724907 0.062724907
0.020893081 6.2072374 0.062072374
0.021202605 6.0974736 0.060974736
0.02151213 6.0115386 0.060115386
0.021821654 5.9542928 0.059542928
0.022131178 5.867214 0.05867214
0.022440702 5.7946992 0.057946992
0.022750226 5.7480288 0.057480288
0.02305975 5.678758 0.05678758
0.023369274 5.6197909 0.056197909
0.023678797 5.5503943 0.055503943
0.023988321 5.4815667 0.054815667
0.024297844 5.4143065 0.054143065
0.024607367 5.3583325 0.053583325
0.02491689 5.3057808 0.053057808
0.025226413 5.239797 0.05239797
0.025535936 5.1878776 0.051878776
0.025845458 5.1537037 0.051537037
0.026154981 5.1050579 0.051050579
0.026464503 5.0737048 0.050737048
0.026774025 5.0151075 0.050151075
0.027083547 4.9598937 0.049598937
0.027393069 4.9105365 0.049105365
0.027702591 4.8785695 0.048785695
0.028012112 4.8425708 0.048425708
0.028321634 4.7915235 0.047915235
0.028631155 4.747598 0.04747598
0.028940676 4.7268271 0.047268271
0.029250197 4.6752722 0.046752722
0.029559718 4.6279201 0.046279201
0.029869238 4.5999777 0.045999777
0.030178759 4.5707142 0.045707142
0.030488279 4.5375646 0.045375646
0.030797799 4.4966156 0.044966156
0.031107319 4.4639784 0.044639784
0.031416839 4.4511405 0.044511405
0.031726359 4.4086386 0.044086386
0.032035878 4.3741831 0.043741831
0.032345397 4.3599834 0.043599834
0.032654916 4.3205626 0.043205626
0.032964435 4.2671157 0.042671157
0.033273954 4.2540088 0.042540088
0.033583473 4.2494369 0.042494369
0.033892991 4.1963843 0.041963843
0.034202509 4.169596 0.04169596
0.034512027 4.1713383 0.041713383
0.034821545 4.1353053 0.041353053
0.035131063 4.1276819 0.041276819
0.03544058 4.0883702 0.040883702
0.035750097 4.0727527 0.040727527
0.036059614 4.0347151 0.040347151
0.036369131 4.0361722 0.040361722
0.036678648 3.9962212 0.039962212
0.036988164 3.9800982 0.039800982
0.03729768 3.9696631 0.039696631
0.037607196 3.9272244 0.039272244
0.037916712 3.914023 0.03914023
0.038226228 3.8823046 0.038823046
0.038535743 3.877341 0.03877341
0.038845259 3.8622046 0.038622046
0.039154774 3.8324683 0.038324683
0.039464288 3.8073404 0.038073404
0.039773803 3.7785846 0.037785846
0.040083317 3.7785933 0.037785933
0.040392831 3.7666933 0.037666933
0.040702345 3.7302787 0.037302787
0.041011859 3.7231849 0.037231849
0.041321372 3.6802218 0.036802218
0.041630886 3.6635817 0.036635817
0.041940399 3.6588496 0.036588496
0.042249911 3.6512637 0.036512637
0.042559424 3.6096822 0.036096822
0.042868936 3.5991321 0.035991321
0.043178448 3.5845073 0.035845073
0.04348796 3.5636149 0.035636149
0.043797472 3.5402019 0.035402019
0.044106983 3.5386889 0.035386889
0.044416494 3.5263732 0.035263732
0.044726005 3.5105019 0.035105019
0.045035516 3.4908467 0.034908467
0.045345026 3.4751936 0.034751936
0.045654536 3.4420092 0.034420092
0.045964046 3.4215455 0.034215455
0.046273556 3.3974056 0.033974056
0.046583065 3.3889625 0.033889625
0.046892575 3.3549824 0.033549824
0.047202083 3.3487102 0.033487102
0.047511592 3.3468571 0.033468571
0.0478211 3.3213355 0.033213355
0.048130609 3.3188354 0.033188354
0.048440116 3.2860247 0.032860247
0.048749624 3.2841213 0.032841213
0.049059131 3.2596032 0.032596032
0.049368638 3.2352844 0.032352844
0.049678145 3.2454863 0.032454863
0.049987652 3.2137112 0.032137112
0.050297158 3.2052415 0.032052415
0.050606664 3.1804266 0.031804266
0.05091617 3.1715422 0.031715422
0.051225675 3.1763947 0.031763947
0.05153518 3.1483587 0.031483587
0.051844685 3.1292448 0.031292448
0.05215419 3.1315235 0.031315235
0.052463694 3.0973505 0.030973505
0.052773198 3.0911825 0.030911825
0.053082702 3.0813381 0.030813381
0.053392205 3.0674996 0.030674996
0.053701708 3.0526569 0.030526569
0.054011211 3.0372056 0.030372056
0.054320713 3.0198077 0.030198077
0.054630216 3.0138461 0.030138461
0.054939718 2.9827103 0.029827103
0.055249219 2.9858103 0.029858103
0.055558721 2.9586866 0.029586866
0.055868222 2.9556075 0.029556075
0.056177722 2.9531475 0.029531475
0.056487223 2.9249378 0.029249378
0.056796723 2.9120793 0.029120793
0.057106223 2.9022976 0.029022976
0.057415722 2.8817247 0.028817247
0.057725221 2.8723742 0.028723742
0.05803472 2.8726413 0.028726413
0.058344219 2.8606164 0.028606164
0.058653717 2.8296819 0.028296819
0.058963215 2.8096695 0.028096695
0.059272713 2.8007813 0.028007813
0.05958221 2.8180778 0.028180778
0.059891707 2.7893376 0.027893376
0.060201203 2.764852 0.02764852
0.0605107 2.75585 0.0275585
0.060820196 2.7529438 0.027529438
0.061129691 2.7294447 0.027294447
0.061439187 2.7259292 0.027259292
0.061748681 2.7095901 0.027095901
0.062058176 2.7149004 0.027149004
0.06236767 2.688018 0.02688018
0.062677164 2.6803582 0.026803582
0.062986658 2.6668974 0.026668974
0.063296151 2.6501628 0.026501628
0.063605644 2.6406139 0.026406139
0.063915137 2.6332041 0.026332041
0.064224629 2.619249 0.02619249
0.064534121 2.6062089 0.026062089
0.064843612 2.5961802 0.025961802
0.065153103 2.5819199 0.025819199
0.065462594 2.5785336 0.025785336
0.065772085 2.5628395 0.025628395
0.066081575 2.5494706 0.025494706
0.066391064 2.5358078 0.025358078
0.066700554 2.5113102 0.025113102
0.067010043 2.5072794 0.025072794
0.067319531 2.501116 0.02501116
0.06762902 2.4947394 0.024947394
0.067938508 2.4842193 0.024842193
0.068247995 2.4659126 0.024659126
0.068557482 2.4552766 0.024552766
0.068866969 2.4479174 0.024479174
0.069176455 2.437919 0.02437919
0.069485941 2.4261014 0.024261014
0.069795427 2.4091871 0.024091871
0.070104912 2.4035826 0.024035826
0.070414397 2.3762948 0.023762948
0.070723882 2.3730413 0.023730413
0.071033366 2.3677373 0.023677373
0.07134285 2.3479456 0.023479456
0.071652333 2.3472774 0.023472774
0.071961816 2.3304427 0.023304427
0.072271298 2.3220058 0.023220058
0.07258078 2.3041765 0.023041765
0.072890262 2.3008488 0.023008488
0.073199744 2.2906347 0.022906347
0.073509225 2.2710059 0.022710059
0.073818705 2.2637381 0.022637381
0.074128185 2.2594744 0.022594744
0.074437665 2.2414477 0.022414477
0.074747144 2.2387684 0.022387684
0.075056623 2.225837 0.02225837
0.075366102 2.2110797 0.022110797
0.07567558 2.2036016 0.022036016
0.075985058 2.1943357 0.021943357
0.076294535 2.1774566 0.021774566
0.076604012 2.1677416 0.021677416
0.076913488 2.1542255 0.021542255
0.077222964 2.1446806 0.021446806
0.07753244 2.1412832 0.021412832
0.077841915 2.1245586 0.021245586
0.07815139 2.1155122 0.021155122
0.078460864 2.1056831 0.021056831
0.078770338 2.0960031 0.020960031
0.079079812 2.0867278 0.020867278
0.079389285 2.0781933 0.020781933
0.079698757 2.064859 0.02064859
0.080008229 2.0597269 0.020597269
0.080317701 2.0508555 0.020508555
0.080627172 2.0394243 0.020394243
0.080936643 2.0284667 0.020284667
0.081246114 2.0116029 0.020116029
0.081555584 2.0012756 0.020012756
0.081865053 2.0065817 0.020065817
0.082174522 1.990152 0.01990152
0.082483991 1.9795119 0.019795119
0.082793459 1.9629231 0.019629231
0.083102927 1.9668805 0.019668805
0.083412394 1.9448356 0.019448356
0.083721861 1.9359477 0.019359477
0.084031327 1.9319522 0.019319522
0.084340793 1.9204086 0.019204086
0.084650259 1.9078365 0.019078365
0.084959724 1.9031496 0.019031496
0.085269188 1.8915689 0.018915689
0.085578652 1.8823901 0.018823901
0.085888116 1.8757357 0.018757357
0.086197579 1.8642431 0.018642431
0.086507042 1.8556675 0.018556675
0.086816504 1.8455194 0.018455194
0.087125966 1.8391927 0.018391927
0.087435427 1.8333403 0.018333403
0.087744888 1.8133471 0.018133471
0.088054348 1.8154725 0.018154725
0.088363808 1.8103568 0.018103568
0.088673267 1.7917016 0.017917016
0.088982726 1.7802273 0.017802273
0.089292184 1.7677103 0.017677103
0.089601642 1.7710755 0.017710755
0.089911099 1.7539226 0.017539226
0.090220556 1.7520123 0.017520123
0.090530013 1.7475324 0.017475324
0.090839469 1.7349514 0.017349514
0.091148924 1.7173551 0.017173551
0.091458379 1.715343 0.01715343
0.091767833 1.7110797 0.017110797
0.092077287 1.6996899 0.016996899
0.092386741 1.6900776 0.016900776
0.092696194 1.6867893 0.016867893
0.093005646 1.6715678 0.016715678
0.093315098 1.6599647 0.016599647
0.093624549 1.6585012 0.016585012
0.093934 1.6423888 0.016423888
0.09424345 1.6378151 0.016378151
0.0945529 1.6216558 0.016216558
0.09486235 1.6145913 0.016145913
0.095171798 1.6117818 0.016117818
0.095481247 1.6023593 0.016023593
0.095790694 1.5969078 0.015969078
0.096100142 1.5865677 0.015865677
0.096409588 1.5723258 0.015723258
0.096719035 1.5720349 0.015720349
0.09702848 1.5612208 0.015612208
0.097337925 1.5494113 0.015494113
0.09764737 1.5488624 0.015488624
0.097956814 1.5416257 0.015416257
0.098266257 1.5266354 0.015266354
0.0985757 1.521364 0.01521364
0.098885143 1.5141785 0.015141785
0.099194585 1.5046555 0.015046555
0.099504026 1.4963178 0.014963178
0.099813467 1.4892886 0.014892886
0.10012291 1.4859901 0.014859901
0.10043235 1.480406 0.01480406
0.10074179 1.453132 0.01453132
0.10105122 1.4560907 0.014560907
0.10136066 1.4483458 0.014483458
0.1016701 1.4465377 0.014465377
0.10197954 1.4316356 0.014316356
0.10228897 1.4256388 0.014256388
0.10259841 1.4233431 0.014233431
0.10290785 1.4105455 0.014105455
0.10321728 1.3993068 0.013993068
0.10352671 1.3985147 0.013985147
0.10383615 1.387228 0.01387228
0.10414558 1.3768932 0.013768932
0.10445501 1.3766198 0.013766198
0.10476445 1.3641095 0.013641095
0.10507388 1.3591906 0.013591906
0.10538331 1.3482474 0.013482474
0.10569274 1.3452277 0.013452277
0.10600217 1.3413452 0.013413452
0.1063116 1.3339823 0.013339823
0.10662102 1.3303189 0.013303189
0.10693045 1.3172538 0.013172538
0.10723988 1.3141422 0.013141422
0.10754931 1.3001996 0.013001996
0.10785873 1.2963143 0.012963143
0.10816816 1.2889529 0.012889529
0.10847758 1.2768128 0.012768128
0.10878701 1.2718589 0.012718589
0.10909643 1.2642115 0.012642115
0.10940585 1.2597801 0.012597801
0.10971528 1.2486281 0.012486281
0.1100247 1.2467737 0.012467737
0.11033412 1.2367038 0.012367038
0.11064354 1.2347298 0.012347298
0.11095296 1.2242579 0.012242579
0.11126238 1.2255004 0.012255004
0.1115718 1.2204418 0.012204418
0.11188122 1.2202895 0.012202895
0.11219064 1.2441096 0.012441096
0.11250005 1.3372897 0.013372897
0.11280947 1.6224927 0.016224927
0.11311889 2.0251439 0.020251439
0.1134283 1.4957227 0.014957227
0.11373772 1.2568863 0.012568863
0.11404713 1.1846653 0.011846653
0.11435654 1.157489 0.01157489
0.11466596 1.1483871 0.011483871
0.11497537 1.1419466 0.011419466
0.11528478 1.1303306 0.011303306
0.11559419 1.1316681 0.011316681
0.1159036 1.1164158 0.011164158
0.11621301 1.1163139 0.011163139
0.11652242 1.1026605 0.011026605
0.11683183 1.0914562 0.010914562
0.11714124 1.0938794 0.010938794
0.11745064 1.0877064 0.010877064
0.11776005 1.0775186 0.010775186
0.11806945 1.0712367 0.010712367
0.11837886 1.0673711 0.010673711
0.11868826 1.0597322 0.010597322
0.11899767 1.0538083 0.010538083
0.11930707 1.0411825 0.010411825
0.11961647 1.0431294 0.010431294
0.11992588 1.0399469 0.010399469
0.12023528 1.0257794 0.010257794
0.12054468 1.0249084 0.010249084
0.12085408 1.0161142 0.010161142
0.12116348 1.0164258 0.010164258
0.12147288 1.0070433 0.010070433
0.12178227 1.0039227 0.010039227
0.12209167 0.99837636 0.0099837636
0.12240107 0.98996643 0.0098996643
0.12271046 0.98531459 0.0098531459
0.12301986 0.9767657 0.009767657
0.12332925 0.97133299 0.0097133299
0.12363865 0.96013629 0.0096013629
0.12394804 0.9553917 0.009553917
0.12425743 0.95449977 0.0095449977
0.12456683 0.94670447 0.0094670447
0.12487622 0.94609814 0.0094609814
0.12518561 0.93554654 0.0093554654
0.125495 0.93040714 0.0093040714
0.12580439 0.91918626 0.0091918626
0.12611377 0.92270044 0.0092270044
0.12642316 0.91473199 0.0091473199
0.12673255 0.90914062 0.0090914062
0.12704194 0.90267651 0.0090267651
0.12735132 0.89535427 0.0089535427
0.12766071 0.89202921 0.0089202921
0.12797009 0.88572413 0.0088572413
0.12827947 0.88122222 0.0088122222
0.12858886 0.87716133 0.0087716133
0.12889824 0.86761789 0.0086761789
0.12920762 0.86894605 0.0086894605
0.129517 0.85972215 0.0085972215
0.12982638 0.85320742 0.0085320742
0.13013576 0.84621408 0.0084621408
0.13044514 0.8477804 0.008477804
0.13075452 0.83500998 0.0083500998
0.1310639 0.83060217 0.0083060217
0.13137327 0.82578209 0.0082578209
0.13168265 0.82442543 0.0082442543
0.13199202 0.81304908 0.0081304908
0.1323014 0.8123621 0.008123621
0.13261077 0.80748121 0.0080748121
0.13292015 0.79872655 0.0079872655
0.13322952 0.79570013 0.0079570013
0.13353889 0.79232079 0.0079232079
0.13384826 0.78785762 0.0078785762
0.13415763 0.78227479 0.0078227479
0.134467 0.77829227 0.0077829227
0.13477637 0.77533877 0.0077533877
0.13508574 0.76850768 0.0076850768
0.1353951 0.76442441 0.0076442441
0.13570447 0.756908 0.00756908
0.13601383 0.75100728 0.0075100728
0.1363232 0.74795937 0.0074795937
0.13663256 0.74103504 0.0074103504
0.13694193 0.74175322 0.0074175322
0.13725129 0.73230816 0.0073230816
0.13756065 0.72971048 0.0072971048
0.13787001 0.72378146 0.0072378146
0.13817937 0.72100035 0.0072100035
0.13848873 0.71506663 0.0071506663
0.13879809 0.71039138 0.0071039138
0.13910745 0.70774619 0.0070774619
0.13941681 0.70195218 0.0070195218
0.13972616 0.69706438 0.0069706438
0.14003552 0.69260248 0.0069260248
0.14034488 0.69113954 0.0069113954
0.14065423 0.68642055 0.0068642055
0.14096358 0.67741122 0.0067741122
0.14127294 0.67526986 0.0067526986
0.14158229 0.66890736 0.0066890736
0.14189164 0.66229606 0.0066229606
0.14220099 0.65920039 0.0065920039
0.14251034 0.65601398 0.0065601398
0.14281969 0.6548187 0.006548187
0.14312904 0.6466455 0.006466455
0.14343838 0.64534951 0.0064534951
0.14374773 0.63744289 0.0063744289
0.14405708 0.63977126 0.0063977126
0.14436642 0.63295651 0.0063295651
0.14467577 0.62564351 0.0062564351
0.14498511 0.62213142 0.0062213142
0.14529445 0.62114558 0.0062114558
0.14560379 0.61510594 0.0061510594
0.14591314 0.60957573 0.0060957573
0.14622248 0.60327047 0.0060327047
0.14653182 0.60275869 0.0060275869
0.14684115 0.60039922 0.0060039922
0.14715049 0.5949052 0.005949052
0.14745983 0.58803904 0.0058803904
0.14776917 0.58763587 0.0058763587
0.1480785 0.57744934 0.0057744934
0.14838784 0.57806834 0.0057806834
0.14869717 0.57288881 0.0057288881
0.1490065 0.571809 0.00571809
0.14931583 0.56786283 0.0056786283
0.14962517 0.55688516 0.0055688516
0.1499345 0.56115843 0.0056115843
0.15024383 0.55603888 0.0055603888
0.15055316 0.55245129 0.0055245129
0.15086248 0.54448756 0.0054448756
0.15117181 0.54425679 0.0054425679
0.15148114 0.53791426 0.0053791426
0.15179046 0.53707306 0.0053707306
0.15209979 0.53241834 0.0053241834
0.15240911 0.53135034 0.0053135034
0.15271844 0.52596485 0.0052596485
0.15302776 0.52060618 0.0052060618
0.15333708 0.51793278 0.0051793278
0.1536464 0.51446832 0.0051446832
0.15395572 0.51329232 0.0051329232
0.15426504 0.50892994 0.0050892994
0.15457436 0.50021749 0.0050021749
0.15488367 0.50526124 0.0050526124
0.15519299 0.49788884 0.0049788884
0.15550231 0.48961593 0.0048961593
0.15581162 0.48880155 0.0048880155
0.15612093 0.48246205 0.0048246205
0.15643025 0.48458028 0.0048458028
0.15673956 0.48186589 0.0048186589
0.15704887 0.48041965 0.0048041965
0.15735818 0.47712337 0.0047712337
0.15766749 0.47584178 0.0047584178
0.1579768 0.47143948 0.0047143948
0.15828611 0.47243372 0.0047243372
0.15859542 0.47554136 0.0047554136
0.15890472 0.48142464 0.0048142464
0.15921403 0.51831366 0.0051831366
0.15952333 0.70054418 0.0070054418
0.15983264 1.0809377 0.010809377
0.16014194 1.0176177 0.010176177
0.16045124 0.68183284 0.0068183284
0.16076054 0.50689143 0.0050689143
0.16106984 0.45504621 0.0045504621
0.16137914 0.44563783 0.0044563783
0.16168844 0.43909781 0.0043909781
0.16199774 0.42947779 0.0042947779
0.16230703 0.42611394 0.0042611394
0.16261633 0.42098014 0.0042098014
0.16292562 0.41306735 0.0041306735
0.16323492 0.41441676 0.0041441676
0.16354421 0.41019006 0.0041019006
0.1638535 0.406271 0.00406271
0.16416279 0.40226503 0.0040226503
0.16447208 0.39463348 0.0039463348
0.16478137 0.39919085 0.0039919085
0.16509066 0.39393779 0.0039393779
0.16539995 0.39118532 0.0039118532
0.16570924 0.39124656 0.0039124656
0.16601852 0.38690697 0.0038690697
0.16632781 0.38295296 0.0038295296
0.16663709 0.37868086 0.0037868086
0.16694637 0.37704753 0.0037704753
0.16725566 0.37129793 0.0037129793
0.16756494 0.37349292 0.0037349292
0.16787422 0.36875576 0.0036875576
0.1681835 0.36542127 0.0036542127
0.16849278 0.36242669 0.0036242669
0.16880205 0.35828387 0.0035828387
0.16911133 0.35465009 0.0035465009
0.16942061 0.3554138 0.003554138
0.16972988 0.35110141 0.0035110141
0.17003916 0.35048672 0.0035048672
0.17034843 0.3436641 0.003436641
0.1706577 0.3422104 0.003422104
0.17096697 0.34367629 0.0034367629
0.17127624 0.33995667 0.0033995667
0.17158551 0.3324265 0.003324265
0.17189478 0.33364207 0.0033364207
0.17220405 0.33249672 0.0033249672
0.17251331 0.32878442 0.0032878442
0.17282258 0.32293288 0.0032293288
0.17313184 0.32200546 0.0032200546
0.17344111 0.32145538 0.0032145538
0.17375037 0.31678368 0.0031678368
0.17405963 0.31666542 0.0031666542
0.17436889 0.3112277 0.003112277
0.17467815 0.30910854 0.0030910854
0.17498741 0.30767856 0.0030767856
0.17529667 0.30558802 0.0030558802
0.17560593 0.30783025 0.0030783025
0.17591518 0.3082224 0.003082224
0.17622444 0.30618675 0.0030618675
0.17653369 0.30618614 0.0030618614
0.17684295 0.30493985 0.0030493985
0.1771522 0.30468908 0.0030468908
0.17746145 0.31165326 0.0031165326
0.1777707 0.33507241 0.0033507241
0.17807995 0.43511646 0.0043511646
0.1783892 0.76060364 0.0076060364
0.17869844 1.1916522 0.011916522
0.17900769 1.1618299 0.011618299
0.17931694 0.6463424 0.006463424
0.17962618 0.38893222 0.0038893222
0.17993542 0.31447768 0.0031447768
0.18024467 0.29212083 0.0029212083
0.18055391 0.28126664 0.0028126664
0.18086315 0.27731188 0.0027731188
0.18117239 0.27340387 0.0027340387
0.18148163 0.26897702 0.0026897702
0.18179086 0.26509625 0.0026509625
0.1821001 0.27241736 0.0027241736
0.18240934 0.28496699 0.0028496699
0.18271857 0.32976653 0.0032976653
0.1830278 0.41980042 0.0041980042
0.18333704 0.46752388 0.0046752388
0.18364627 0.38095993 0.0038095993
0.1839555 0.29177574 0.0029177574
0.18426473 0.26314958 0.0026314958
0.18457396 0.25118196 0.0025118196
0.18488318 0.24494668 0.0024494668
0.18519241 0.23966701 0.0023966701
0.18550164 0.23628804 0.0023628804
0.18581086 0.23498078 0.0023498078
0.18612009 0.23308577 0.0023308577
0.18642931 0.22973382 0.0022973382
0.18673853 0.22814479 0.0022814479
0.18704775 0.22529297 0.0022529297
0.18735697 0.22368181 0.0022368181
0.18766619 0.22081458 0.0022081458
0.1879754 0.21936936 0.0021936936
0.18828462 0.21626277 0.0021626277
0.18859384 0.21817557 0.0021817557
0.18890305 0.21449562 0.0021449562
0.18921226 0.21193568 0.0021193568
0.18952148 0.21192667 0.0021192667
0.18983069 0.21046334 0.0021046334
0.1901399 0.20911644 0.0020911644
0.19044911 0.20597422 0.0020597422
0.19075832 0.2041971 0.002041971
0.19106752 0.20402204 0.0020402204
0.19137673 0.20030157 0.0020030157
0.19168593 0.19933645 0.0019933645
0.19199514 0.1950235 0.001950235
0.19230434 0.19347072 0.0019347072
0.19261354 0.19540336 0.0019540336
0.19292274 0.19088139 0.0019088139
0.19323194 0.18874215 0.0018874215
0.19354114 0.18600556 0.0018600556
0.19385034 0.18480129 0.0018480129
0.19415954 0.18914977 0.0018914977
0.19446873 0.18390888 0.0018390888
0.19477793 0.18035094 0.0018035094
0.19508712 0.17996229 0.0017996229
0.19539631 0.18292977 0.0018292977
0.1957055 0.1792339 0.001792339
0.19601469 0.1801132 0.001801132
0.19632388 0.1819154 0.001819154
0.19663307 0.1758368 0.001758368
0.19694226 0.1787019 0.001787019
0.19725144 0.17790065 0.0017790065
0.19756063 0.17565267 0.0017565267
0.19786981 0.17982175 0.0017982175
0.19817899 0.18056412 0.0018056412
0.19848818 0.18570138 0.0018570138
0.19879736 0.20036307 0.0020036307
0.19910654 0.24444769 0.0024444769
0.19941572 0.37856576 0.0037856576
0.19972489 0.61649469 0.0061649469
0.20003407 0.80847499 0.0080847499
0.20034324 0.52252161 0.0052252161
0.20065242 0.27987817 0.0027987817
0.20096159 0.20588535 0.0020588535
0.20127076 0.17891966 0.0017891966
0.20157993 0.1666199 0.001666199
0.2018891 0.15694135 0.0015694135
0.20219827 0.15609636 0.0015609636
0.20250744 0.15060663 0.0015060663
0.20281661 0.14557827 0.0014557827
0.20312577 0.14199749 0.0014199749
0.20343493 0.14419717 0.0014419717
0.2037441 0.14388898 0.0014388898
0.20405326 0.140564 0.00140564
0.20436242 0.13992371 0.0013992371
0.20467158 0.13501946 0.0013501946
0.20498074 0.13566858 0.0013566858
0.2052899 0.13369727 0.0013369727
0.20559905 0.13204991 0.0013204991
0.20590821 0.12981025 0.0012981025
0.20621736 0.13160283 0.0013160283
0.20652651 0.12864955 0.0012864955
0.20683567 0.12748902 0.0012748902
0.20714482 0.12555865 0.0012555865
0.20745397 0.12555337 0.0012555337
0.20776312 0.1255323 0.001255323
0.20807226 0.1253381 0.001253381
0.20838141 0.12136317 0.0012136317
0.20869055 0.11814592 0.0011814592
0.2089997 0.12100792 0.0012100792
0.20930884 0.1193561 0.001193561
0.20961798 0.11631182 0.0011631182
0.20992712 0.11921318 0.0011921318
0.21023626 0.11191886 0.0011191886
0.2105454 0.11501121 0.0011501121
0.21085454 0.11481228 0.0011481228
0.21116367 0.11208497 0.0011208497
0.21147281 0.1129715 0.001129715
0.21178194 0.1100845 0.001100845
0.21209107 0.10732799 0.0010732799
0.21240021 0.10631784 0.0010631784
0.21270934 0.10528447 0.0010528447
0.21301846 0.10636543 0.0010636543
0.21332759 0.10510618 0.0010510618
0.21363672 0.1019339 0.001019339
0.21394584 0.10162555 0.0010162555
0.21425497 0.10082557 0.0010082557
0.21456409 0.101719 0.00101719
0.21487321 0.098511144 0.00098511144
0.21518234 0.10093214 0.0010093214
0.21549145 0.098807115 0.00098807115
0.21580057 0.097248905 0.00097248905
0.21610969 0.095667151 0.00095667151
0.21641881 0.099318559 0.00099318559
0.21672792 0.093621306 0.00093621306
0.21703704 0.093292706 0.00093292706
0.21734615 0.092409781 0.00092409781
0.21765526 0.086813702 0.00086813702
0.21796437 0.091075785 0.00091075785
0.21827348 0.086643253 0.00086643253
0.21858259 0.08806427 0.0008806427
0.21889169 0.088637471 0.00088637471
0.2192008 0.091307093 0.00091307093
0.2195099 0.088887555 0.00088887555
0.21981901 0.092108277 0.00092108277
0.22012811 0.081412494 0.00081412494
0.22043721 0.08487715 0.0008487715
0.22074631 0.084443386 0.00084443386
0.22105541 0.085742454 0.00085742454
0.2213645 0.079905916 0.00079905916
0.2216736 0.08696968 0.0008696968
0.22198269 0.083046013 0.00083046013
0.22229179 0.078969861 0.00078969861
0.22260088 0.079259791 0.00079259791
0.22290997 0.07746299 0.0007746299
0.22321906 0.077000413 0.00077000413
0.22352815 0.083461042 0.00083461042
0.22383724 0.077392625 0.00077392625
0.22414632 0.08380947 0.0008380947
0.22445541 0.078971105 0.00078971105
0.22476449 0.080082314 0.00080082314
0.22507357 0.081626226 0.00081626226
0.22538265 0.10162946 0.0010162946
0.22569174 0.14890033 0.0014890033
0.22600081 0.22178263 0.0022178263
0.22630989 0.25952334 0.0025952334
0.22661897 0.17839128 0.0017839128
0.22692804 0.10567051 0.0010567051
0.22723712 0.083155531 0.00083155531
0.22754619 0.075243547 0.00075243547
0.22785526 0.070766606 0.00070766606
0.22816433 0.071163356 0.00071163356
0.2284734 0.071350942 0.00071350942
0.22878247 0.071178367 0.00071178367
0.22909153 0.066290841 0.00066290841
0.2294006 0.06829092 0.0006829092
0.22970966 0.072704766 0.00072704766
0.23001873 0.070022496 0.00070022496
0.23032779 0.06416495 0.0006416495
0.23063685 0.062413317 0.00062413317
0.23094591 0.064167547 0.00064167547
0.23125496 0.061647055 0.00061647055
0.23156402 0.06285289 0.0006285289
0.23187308 0.062437241 0.00062437241
0.23218213 0.059423456 0.00059423456
0.23249118 0.060950245 0.00060950245
0.23280023 0.058143476 0.00058143476
0.23310928 0.055779358 0.00055779358
0.23341833 0.058633382 0.00058633382
0.23372738 0.058264407 0.00058264407
0.23403643 0.058806658 0.00058806658
0.23434547 0.056715803 0.00056715803
0.23465451 0.056482481 0.00056482481
0.23496356 0.054964666 0.00054964666
0.2352726 0.055388848 0.00055388848
0.23558164 0.055816963 0.00055816963
0.23589068 0.052786556 0.00052786556
0.23619971 0.055228245 0.00055228245
0.23650875 0.052681659 0.00052681659
0.23681778 0.04932116 0.0004932116
0.23712682 0.054258065 0.00054258065
0.23743585 0.048376984 0.00048376984
0.23774488 0.051085029 0.00051085029
0.23805391 0.046351534 0.00046351534
0.23836294 0.054435082 0.00054435082
0.23867197 0.048105264 0.00048105264
0.23898099 0.049813182 0.00049813182
0.23929002 0.045168608 0.00045168608
0.23959904 0.049081805 0.00049081805
0.23990806 0.047914047 0.00047914047
0.24021708 0.048341904 0.00048341904
0.2405261 0.049127266 0.00049127266
0.24083512 0.048974823 0.00048974823
0.24114413 0.049742597 0.00049742597
0.24145315 0.049848581 0.00049848581
0.24176216 0.053101706 0.00053101706
0.24207118 0.054540765 0.00054540765
0.24238019 0.072772586 0.00072772586
0.2426892 0.11937901 0.0011937901
0.24299821 0.23975591 0.0023975591
0.24330721 0.30103003 0.0030103003
0.24361622 0.19789511 0.0019789511
0.24392522 0.097147642 0.00097147642
0.24423423 0.059225919 0.00059225919
0.24454323 0.05114621 0.0005114621
0.24485223 0.04842727 0.0004842727
0.24516123 0.042053221 0.00042053221
0.24547023 0.040575623 0.00040575623
0.24577922 0.040634665 0.00040634665
0.24608822 0.04310526 0.0004310526
0.24639721 0.038527949 0.00038527949
0.24670621 0.038821329 0.00038821329
0.2470152 0.041424594 0.00041424594
0.24732419 0.040808789 0.00040808789
0.24763318 0.038497693 0.00038497693
0.24794216 0.036610868 0.00036610868
0.24825115 0.037178483 0.00037178483
0.24856013 0.040264755 0.00040264755
0.24886912 0.035929233 0.00035929233
0.2491781 0.03731645 0.0003731645
0.24948708 0.040643162 0.00040643162
0.24979606 0.039967834 0.00039967834
0.25010504 0.038246152 0.00038246152
0.25041401 0.038180177 0.00038180177
0.25072299 0.038075599 0.00038075599
0.25103196 0.034747437 0.00034747437
0.25134093 0.036363755 0.00036363755
0.2516499 0.039032045 0.00039032045
0.25195887 0.04653191 0.0004653191
0.25226784 0.071101946 0.00071101946
0.25257681 0.13968642 0.0013968642
0.25288577 0.25103543 0.0025103543
0.25319474 0.18340642 0.0018340642
0.2535037 0.083692968 0.00083692968
0.25381266 0.046347753 0.00046347753
0.25412162 0.038252534 0.00038252534
0.25443058 0.033604233 0.00033604233
0.25473954 0.030921346 0.00030921346
0.25504849 0.033729529 0.00033729529
0.25535745 0.036111604 0.00036111604
0.2556664 0.030074928 0.00030074928
0.25597535 0.036579372 0.00036579372
0.2562843 0.029542382 0.00029542382
0.25659325 0.034529069 0.00034529069
0.2569022 0.03199476 0.0003199476
0.25721115 0.029938186 0.00029938186
0.25752009 0.030339312 0.00030339312
0.25782903 0.029618828 0.00029618828
0.25813798 0.028222123 0.00028222123
0.25844692 0.026967307 0.00026967307
0.25875585 0.030825363 0.00030825363
0.25906479 0.027384769 0.00027384769
0.25937373 0.032092473 0.00032092473
0.25968266 0.033843436 0.00033843436
0.2599916 0.031618943 0.00031618943
0.26030053 0.028892022 0.00028892022
0.26060946 0.027105415 0.00027105415
0.26091839 0.030333033 0.00030333033
0.26122732 0.028886433 0.00028886433
0.26153624 0.028464856 0.00028464856
0.26184517 0.026092018 0.00026092018
0.26215409 0.029992802 0.00029992802
0.26246301 0.025776219 0.00025776219
0.26277193 0.023663326 0.00023663326
0.26308085 0.025278144 0.00025278144
0.26338977 0.023430491 0.00023430491
0.26369869 0.029604643 0.00029604643
0.2640076 0.027986549 0.00027986549
0.26431651 0.023861891 0.00023861891
0.26462543 0.026894326 0.00026894326
0.26493434 0.029631074 0.00029631074
0.26524325 0.026743061 0.00026743061
0.26555215 0.027754869 0.00027754869
0.26586106 0.027239543 0.00027239543
0.26616996 0.022534045 0.00022534045
0.26647887 0.021683611 0.00021683611
0.26678777 0.024667448 0.00024667448
0.26709667 0.024798343 0.00024798343
0.26740557 0.028786622 0.00028786622
0.26771447 0.028527312 0.00028527312
0.26802336 0.024754797 0.00024754797
0.26833226 0.024945596 0.00024945596
0.26864115 0.022499883 0.00022499883
0.26895004 0.025679039 0.00025679039
0.26925893 0.024880488 0.00024880488
0.26956782 0.02144639 0.0002144639
0.26987671 0.022969224 0.00022969224
0.27018559 0.023426102 0.00023426102
0.27049448 0.025096198 0.00025096198
0.27080336 0.024497674 0.00024497674
0.27111224 0.017524276 0.00017524276
0.27142112 0.020022157 0.00020022157
0.27173 0.021550274 0.00021550274
0.27203888 0.026126754 0.00026126754
0.27234775 0.021708774 0.00021708774
0.27265663 0.018837656 0.00018837656
0.2729655 0.024512554 0.00024512554
0.27327437 0.02520663 0.0002520663
0.27358324 0.024663621 0.00024663621
0.27389211 0.025688778 0.00025688778
0.27420098 0.023849227 0.00023849227
0.27450984 0.02219032 0.0002219032
0.2748187 0.021620704 0.00021620704
0.27512757 0.02431862 0.0002431862
0.27543643 0.0234553 0.000234553
0.27574529 0.023068984 0.00023068984
0.27605414 0.023920394 0.00023920394
0.276363 0.02095026 0.0002095026
0.27667185 0.022879232 0.00022879232
0.27698071 0.02331386 0.0002331386
0.27728956 0.022108352 0.00022108352
0.27759841 0.023265043 0.00023265043
0.27790726 0.027058475 0.00027058475
0.2782161 0.031279037 0.00031279037
0.27852495 0.040846641 0.00040846641
0.27883379 0.046629815 0.00046629815
0.27914264 0.071771213 0.00071771213
0.27945148 0.18184623 0.0018184623
0.27976032 0.5144038 0.005144038
0.28006915 0.59670893 0.0059670893
0.28037799 0.28803875 0.0028803875
0.28068683 0.095076617 0.00095076617
0.28099566 0.050620354 0.00050620354
0.28130449 0.036088693 0.00036088693
0.28161332 0.032698257 0.00032698257
0.28192215 0.027105984 0.00027105984
0.28223098 0.023936369 0.00023936369
0.2825398 0.024758274 0.00024758274
0.28284863 0.016853855 0.00016853855
0.28315745 0.025089066 0.00025089066
0.28346627 0.022221062 0.00022221062
0.28377509 0.019618251 0.00019618251
0.28408391 0.0197958 0.000197958
0.28439272 0.016996394 0.00016996394
0.28470154 0.016048902 0.00016048902
0.28501035 0.023708696 0.00023708696
0.28531916 0.018152201 0.00018152201
0.28562797 0.016572327 0.00016572327
0.28593678 0.018624016 0.00018624016
0.28624559 0.021817932 0.00021817932
0.2865544 0.020223078 0.00020223078
0.2868632 0.026468779 0.00026468779
0.287172 0.022260929 0.00022260929
0.2874808 0.021618002 0.00021618002
0.2877896 0.040548196 0.00040548196
0.2880984 0.068108717 0.00068108717
0.2884072 0.17333126 0.0017333126
0.28871599 0.083757463 0.00083757463
0.28902478 0.038416084 0.00038416084
0.28933358 0.021707753 0.00021707753
0.28964237 0.018004189 0.00018004189
0.28995115 0.02 0.0002
0.29025994 0.015538963 0.00015538963
0.29056873 0.018303471 0.00018303471
0.29087751 0.021606633 0.00021606633
0.29118629 0.025436806 0.00025436806
0.29149507 0.017917255 0.00017917255
0.29180385 0.020601044 0.00020601044
0.29211263 0.016406457 0.00016406457
0.2924214 0.016312142 0.00016312142
0.29273018 0.017630403 0.00017630403
0.29303895 0.015381928 0.00015381928
0.29334772 0.020301311 0.00020301311
0.29365649 0.014750155 0.00014750155
0.29396526 0.017313584 0.00017313584
0.29427402 0.016514779 0.00016514779
0.29458279 0.018911873 0.00018911873
0.29489155 0.019620421 0.00019620421
0.29520031 0.017613172 0.00017613172
0.29550907 0.018986761 0.00018986761
0.29581783 0.015605748 0.00015605748
0.29612659 0.017763292 0.00017763292
0.29643534 0.0128556 0.000128556
0.2967441 0.019994681 0.00019994681
0.29705285 0.019845359 0.00019845359
0.2973616 0.017328382 0.00017328382
0.29767035 0.014686945 0.00014686945
0.29797909 0.01686195 0.0001686195
0.29828784 0.013869786 0.00013869786
0.29859658 0.017266413 0.00017266413
0.29890532 0.014069294 0.00014069294
0.29921406 0.013578302 0.00013578302
0.2995228 0.014420951 0.00014420951
0.29983154 0.015455701 0.00015455701
