0.010059664 9.4952993 0.094952993
0.010369191 9.6829239 0.096829239
0.010678719 9.894566 0.09894566
0.010988246 10.058447 0.10058447
0.011297773 10.270641 0.10270641
0.0116073 10.387903 0.10387903
0.011916828 10.548421 0.10548421
0.012226355 10.63819 0.1063819
0.012535882 10.782235 0.10782235
0.012845409 10.804036 0.10804036
0.013154936 10.834881 0.10834881
0.013464463 10.9826 0.109826
0.013773989 11.09093 0.1109093
0.014083516 11.135965 0.11135965
0.014393043 11.186523 0.11186523
0.014702569 11.261806 0.11261806
0.015012096 11.245595 0.11245595
0.015321622 11.266048 0.11266048
0.015631148 11.332224 0.11332224
0.015940675 11.404994 0.11404994
0.016250201 11.400918 0.11400918
0.016559727 11.464924 0.11464924
0.016869253 11.452428 0.11452428
0.017178779 11.44643 0.1144643
0.017488304 11.491563 0.11491563
0.01779783 11.479555 0.11479555
0.018107355 11.581034 0.11581034
0.018416881 11.576896 0.11576896
0.018726406 11.511803 0.11511803
0.019035932 11.516628 0.11516628
0.019345457 11.537249 0.11537249
0.019654982 11.53905 0.1153905
0.019964507 11.58145 0.1158145
0.020274032 11.55655 0.1155655
0.020583556 11.566401 0.11566401
0.020893081 11.571605 0.11571605
0.021202605 11.522285 0.11522285
0.02151213 11.508369 0.11508369
0.021821654 11.538252 0.11538252
0.022131178 11.517744 0.11517744
0.022440702 11.522554 0.11522554
0.022750226 11.533973 0.11533973
0.02305975 11.502252 0.11502252
0.023369274 11.466693 0.11466693
0.023678797 11.444896 0.11444896
0.023988321 11.425755 0.11425755
0.024297844 11.421798 0.11421798
0.024607367 11.404478 0.11404478
0.02491689 11.380106 0.11380106
0.025226413 11.379214 0.11379214
0.025535936 11.354576 0.11354576
0.025845458 11.341582 0.11341582
0.026154981 11.281996 0.11281996
0.026464503 11.27493 0.1127493
0.026774025 11.27529 0.1127529
0.027083547 11.253806 0.11253806
0.027393069 11.259038 0.11259038
0.027702591 11.242799 0.11242799
0.028012112 11.198553 0.11198553
0.028321634 11.162356 0.11162356
0.028631155 11.165207 0.11165207
0.028940676 11.142461 0.11142461
0.029250197 11.060429 0.11060429
0.029559718 11.094271 0.11094271
0.029869238 11.051977 0.11051977
0.030178759 11.037185 0.11037185
0.030488279 11.024111 0.11024111
0.030797799 10.987845 0.10987845
0.031107319 10.945452 0.10945452
0.031416839 10.934917 0.10934917
0.031726359 10.892194 0.10892194
0.032035878 10.889334 0.10889334
0.032345397 10.852614 0.10852614
0.032654916 10.8367 0.108367
0.032964435 10.7732 0.107732
0.033273954 10.753162 0.10753162
0.033583473 10.72784 0.1072784
0.033892991 10.681189 0.10681189
0.034202509 10.688469 0.10688469
0.034512027 10.638119 0.10638119
0.034821545 10.621443 0.10621443
0.035131063 10.578448 0.10578448
0.03544058 10.559173 0.10559173
0.035750097 10.502828 0.10502828
0.036059614 10.485372 0.10485372
0.036369131 10.477733 0.10477733
0.036678648 10.436685 0.10436685
0.036988164 10.411986 0.10411986
0.03729768 10.37978 0.1037978
0.037607196 10.345679 0.10345679
0.037916712 10.30372 0.1030372
0.038226228 10.293106 0.10293106
0.038535743 10.261176 0.10261176
0.038845259 10.215847 0.10215847
0.039154774 10.195033 0.10195033
0.039464288 10.163979 0.10163979
0.039773803 10.112978 0.10112978
0.040083317 10.099923 0.10099923
0.040392831 10.066826 0.10066826
0.040702345 10.018835 0.10018835
0.041011859 10.008302 0.10008302
0.041321372 9.9514938 0.099514938
0.041630886 9.9467895 0.099467895
0.041940399 9.8984637 0.098984637
0.042249911 9.8625276 0.098625276
0.042559424 9.848703 0.09848703
0.042868936 9.7969445 0.097969445
0.043178448 9.7734946 0.097734946
0.04348796 9.7292186 0.097292186
0.043797472 9.7092239 0.097092239
0.044106983 9.6827518 0.096827518
0.044416494 9.6608643 0.096608643
0.044726005 9.6302365 0.096302365
0.045035516 9.5797669 0.095797669
0.045345026 9.5516614 0.095516614
0.045654536 9.5107325 0.095107325
0.045964046 9.470809 0.09470809
0.046273556 9.4137003 0.094137003
0.046583065 9.3988031 0.093988031
0.046892575 9.3508672 0.093508672
0.047202083 9.3225006 0.093225006
0.047511592 9.272881 0.09272881
0.0478211 9.250959 0.09250959
0.048130609 9.2252735 0.092252735
0.048440116 9.1863001 0.091863001
0.048749624 9.1658566 0.091658566
0.049059131 9.1268351 0.091268351
0.049368638 9.0545122 0.090545122
0.049678145 9.0895815 0.090895815
0.049987652 9.0176583 0.090176583
0.050297158 9.0166756 0.090166756
0.050606664 8.9678506 0.089678506
0.05091617 8.9383667 0.089383667
0.051225675 8.9326785 0.089326785
0.05153518 8.9046698 0.089046698
0.051844685 8.8518972 0.088518972
0.05215419 8.8469006 0.088469006
0.052463694 8.7872799 0.087872799
0.052773198 8.7620306 0.087620306
0.053082702 8.7423918 0.087423918
0.053392205 8.6926061 0.086926061
0.053701708 8.6667309 0.086667309
0.054011211 8.6246576 0.086246576
0.054320713 8.6019366 0.086019366
0.054630216 8.5716267 0.085716267
0.054939718 8.5172601 0.085172601
0.055249219 8.5058965 0.085058965
0.055558721 8.4653756 0.084653756
0.055868222 8.4446483 0.084446483
0.056177722 8.4121742 0.084121742
0.056487223 8.3663893 0.083663893
0.056796723 8.3271297 0.083271297
0.057106223 8.324907 0.08324907
0.057415722 8.2706135 0.082706135
0.057725221 8.2394571 0.082394571
0.05803472 8.2292616 0.082292616
0.058344219 8.2049056 0.082049056
0.058653717 8.1845232 0.081845232
0.058963215 8.0914267 0.080914267
0.059272713 8.0918861 0.080918861
0.05958221 8.080384 0.08080384
0.059891707 8.0582035 0.080582035
0.060201203 8.0098476 0.080098476
0.0605107 7.996918 0.07996918
0.060820196 7.952884 0.07952884
0.061129691 7.9043403 0.079043403
0.061439187 7.9178546 0.079178546
0.061748681 7.8702864 0.078702864
0.062058176 7.8674954 0.078674954
0.06236767 7.816938 0.07816938
0.062677164 7.7937151 0.077937151
0.062986658 7.7636938 0.077636938
0.063296151 7.7235582 0.077235582
0.063605644 7.7005884 0.077005884
0.063915137 7.6798867 0.076798867
0.064224629 7.6408934 0.076408934
0.064534121 7.612339 0.07612339
0.064843612 7.5830986 0.075830986
0.065153103 7.5492928 0.075492928
0.065462594 7.5198278 0.075198278
0.065772085 7.4989901 0.074989901
0.066081575 7.46619 0.0746619
0.066391064 7.4382974 0.074382974
0.066700554 7.4039898 0.074039898
0.067010043 7.3683011 0.073683011
0.067319531 7.3446172 0.073446172
0.06762902 7.3175944 0.073175944
0.067938508 7.2931201 0.072931201
0.068247995 7.2632815 0.072632815
0.068557482 7.2206286 0.072206286
0.068866969 7.1993733 0.071993733
0.069176455 7.1735211 0.071735211
0.069485941 7.1448588 0.071448588
0.069795427 7.1149266 0.071149266
0.070104912 7.0787465 0.070787465
0.070414397 7.0468023 0.070468023
0.070723882 7.0265892 0.070265892
0.071033366 6.999106 0.06999106
0.07134285 6.9555454 0.069555454
0.071652333 6.9502118 0.069502118
0.071961816 6.9141797 0.069141797
0.072271298 6.8797575 0.068797575
0.07258078 6.8478674 0.068478674
0.072890262 6.8219912 0.068219912
0.073199744 6.8107996 0.068107996
0.073509225 6.7712286 0.067712286
0.073818705 6.7409336 0.067409336
0.074128185 6.7075926 0.067075926
0.074437665 6.674442 0.06674442
0.074747144 6.6671939 0.066671939
0.075056623 6.6300308 0.066300308
0.075366102 6.6053952 0.066053952
0.07567558 6.5905135 0.065905135
0.075985058 6.5544742 0.065544742
0.076294535 6.5217965 0.065217965
0.076604012 6.4887125 0.064887125
0.076913488 6.4729941 0.064729941
0.077222964 6.4374717 0.064374717
0.07753244 6.411903 0.06411903
0.077841915 6.3909839 0.063909839
0.07815139 6.3612592 0.063612592
0.078460864 6.3408219 0.063408219
0.078770338 6.3058166 0.063058166
0.079079812 6.2813491 0.062813491
0.079389285 6.2676279 0.062676279
0.079698757 6.2250762 0.062250762
0.080008229 6.2117087 0.062117087
0.080317701 6.1824619 0.061824619
0.080627172 6.1434665 0.061434665
0.080936643 6.1228924 0.061228924
0.081246114 6.0946128 0.060946128
0.081555584 6.0731711 0.060731711
0.081865053 6.0437557 0.060437557
0.082174522 6.0182045 0.060182045
0.082483991 6.0020253 0.060020253
0.082793459 5.969561 0.05969561
0.083102927 5.9483291 0.059483291
0.083412394 5.9143682 0.059143682
0.083721861 5.8844786 0.058844786
0.084031327 5.871942 0.05871942
0.084340793 5.8410392 0.058410392
0.084650259 5.8141535 0.058141535
0.084959724 5.7977171 0.057977171
0.085269188 5.762504 0.05762504
0.085578652 5.7362861 0.057362861
0.085888116 5.719698 0.05719698
0.086197579 5.6860577 0.056860577
0.086507042 5.657827 0.05657827
0.086816504 5.6316764 0.056316764
0.087125966 5.6147331 0.056147331
0.087435427 5.5888205 0.055888205
0.087744888 5.5666485 0.055666485
0.088054348 5.5566991 0.055566991
0.088363808 5.5132524 0.055132524
0.088673267 5.4853925 0.054853925
0.088982726 5.4728947 0.054728947
0.089292184 5.4476167 0.054476167
0.089601642 5.4267222 0.054267222
0.089911099 5.4015865 0.054015865
0.090220556 5.3824091 0.053824091
0.090530013 5.352405 0.05352405
0.090839469 5.3317714 0.053317714
0.091148924 5.3051926 0.053051926
0.091458379 5.2879345 0.052879345
0.091767833 5.2538132 0.052538132
0.092077287 5.2235455 0.052235455
0.092386741 5.2177629 0.052177629
0.092696194 5.1888066 0.051888066
0.093005646 5.1622701 0.051622701
0.093315098 5.1331363 0.051331363
0.093624549 5.1174035 0.051174035
0.093934 5.095418 0.05095418
0.09424345 5.0628771 0.050628771
0.0945529 5.0509355 0.050509355
0.09486235 5.0157442 0.050157442
0.095171798 5.00239 0.0500239
0.095481247 4.9746138 0.049746138
0.095790694 4.9511394 0.049511394
0.096100142 4.9296398 0.049296398
0.096409588 4.9042874 0.049042874
0.096719035 4.8848034 0.048848034
0.09702848 4.8542714 0.048542714
0.097337925 4.8384955 0.048384955
0.09764737 4.8187357 0.048187357
0.097956814 4.7952235 0.047952235
0.098266257 4.7784341 0.047784341
0.0985757 4.7371095 0.047371095
0.098885143 4.7254148 0.047254148
0.099194585 4.6986083 0.046986083
0.099504026 4.6825948 0.046825948
0.099813467 4.6547967 0.046547967
0.10012291 4.6348739 0.046348739
0.10043235 4.6196439 0.046196439
0.10074179 4.5957678 0.045957678
0.10105122 4.5636143 0.045636143
0.10136066 4.5452792 0.045452792
0.1016701 4.5313426 0.045313426
0.10197954 4.5066042 0.045066042
0.10228897 4.4849354 0.044849354
0.10259841 4.4635105 0.044635105
0.10290785 4.4342352 0.044342352
0.10321728 4.4214611 0.044214611
0.10352671 4.3960707 0.043960707
0.10383615 4.384588 0.04384588
0.10414558 4.3630152 0.043630152
0.10445501 4.3384294 0.043384294
0.10476445 4.3238294 0.043238294
0.10507388 4.2948545 0.042948545
0.10538331 4.273855 0.04273855
0.10569274 4.2497185 0.042497185
0.10600217 4.2331747 0.042331747
0.1063116 4.2146804 0.042146804
0.10662102 4.1949103 0.041949103
0.10693045 4.1637342 0.041637342
0.10723988 4.1460936 0.041460936
0.10754931 4.1297858 0.041297858
0.10785873 4.1115445 0.041115445
0.10816816 4.0909872 0.040909872
0.10847758 4.063305 0.04063305
0.10878701 4.0462421 0.040462421
0.10909643 4.031368 0.04031368
0.10940585 4.0064937 0.040064937
0.10971528 3.9794128 0.039794128
0.1100247 3.9685655 0.039685655
0.11033412 3.9480246 0.039480246
0.11064354 3.9227389 0.039227389
0.11095296 3.905952 0.03905952
0.11126238 3.883583 0.03883583
0.1115718 3.8632115 0.038632115
0.11188122 3.8454268 0.038454268
0.11219064 3.8240482 0.038240482
0.11250005 3.8053698 0.038053698
0.11280947 3.7859375 0.037859375
0.11311889 3.7668116 0.037668116
0.1134283 3.7430236 0.037430236
0.11373772 3.7305878 0.037305878
0.11404713 3.7098066 0.037098066
0.11435654 3.692763 0.03692763
0.11466596 3.6736207 0.036736207
0.11497537 3.6517371 0.036517371
0.11528478 3.6301274 0.036301274
0.11559419 3.6116872 0.036116872
0.1159036 3.5948421 0.035948421
0.11621301 3.5780219 0.035780219
0.11652242 3.5542485 0.035542485
0.11683183 3.5327582 0.035327582
0.11714124 3.5208273 0.035208273
0.11745064 3.5024027 0.035024027
0.11776005 3.4751898 0.034751898
0.11806945 3.4714709 0.034714709
0.11837886 3.4427269 0.034427269
0.11868826 3.4255261 0.034255261
0.11899767 3.4102383 0.034102383
0.11930707 3.3888467 0.033888467
0.11961647 3.3675481 0.033675481
0.11992588 3.3523777 0.033523777
0.12023528 3.335102 0.03335102
0.12054468 3.3185003 0.033185003
0.12085408 3.2969651 0.032969651
0.12116348 3.2792895 0.032792895
0.12147288 3.2611692 0.032611692
0.12178227 3.2421057 0.032421057
0.12209167 3.2250207 0.032250207
0.12240107 3.2047055 0.032047055
0.12271046 3.196068 0.03196068
0.12301986 3.1760373 0.031760373
0.12332925 3.1547151 0.031547151
0.12363865 3.1365277 0.031365277
0.12394804 3.1225504 0.031225504
0.12425743 3.1037937 0.031037937
0.12456683 3.0835784 0.030835784
0.12487622 3.0643921 0.030643921
0.12518561 3.0512819 0.030512819
0.125495 3.0328449 0.030328449
0.12580439 3.0159137 0.030159137
0.12611377 3.0025288 0.030025288
0.12642316 2.9866374 0.029866374
0.12673255 2.9716217 0.029716217
0.12704194 2.9439103 0.029439103
0.12735132 2.9314858 0.029314858
0.12766071 2.916001 0.02916001
0.12797009 2.9027211 0.029027211
0.12827947 2.8872298 0.028872298
0.12858886 2.8656831 0.028656831
0.12889824 2.8519225 0.028519225
0.12920762 2.8301574 0.028301574
0.129517 2.8134355 0.028134355
0.12982638 2.7978624 0.027978624
0.13013576 2.7806942 0.027806942
0.13044514 2.7666767 0.027666767
0.13075452 2.7569026 0.027569026
0.1310639 2.7367569 0.027367569
0.13137327 2.7191577 0.027191577
0.13168265 2.7026191 0.027026191
0.13199202 2.6864303 0.026864303
0.1323014 2.6738721 0.026738721
0.13261077 2.6553386 0.026553386
0.13292015 2.6447692 0.026447692
0.13322952 2.6195187 0.026195187
0.13353889 2.605804 0.02605804
0.13384826 2.5881013 0.025881013
0.13415763 2.5778181 0.025778181
0.134467 2.5655473 0.025655473
0.13477637 2.5467969 0.025467969
0.13508574 2.5338707 0.025338707
0.1353951 2.5160537 0.025160537
0.13570447 2.500295 0.02500295
0.13601383 2.4828687 0.024828687
0.1363232 2.4715254 0.024715254
0.13663256 2.4523656 0.024523656
0.13694193 2.4376989 0.024376989
0.13725129 2.4269622 0.024269622
0.13756065 2.4057442 0.024057442
0.13787001 2.3988102 0.023988102
0.13817937 2.3780404 0.023780404
0.13848873 2.3600609 0.023600609
0.13879809 2.347669 0.02347669
0.13910745 2.3367648 0.023367648
0.13941681 2.3193376 0.023193376
0.13972616 2.3072178 0.023072178
0.14003552 2.2995714 0.022995714
0.14034488 2.2738354 0.022738354
0.14065423 2.2628664 0.022628664
0.14096358 2.2480815 0.022480815
0.14127294 2.2298107 0.022298107
0.14158229 2.2165377 0.022165377
0.14189164 2.2053182 0.022053182
0.14220099 2.1903348 0.021903348
0.14251034 2.1749009 0.021749009
0.14281969 2.1622046 0.021622046
0.14312904 2.1454831 0.021454831
0.14343838 2.129295 0.02129295
0.14374773 2.1238318 0.021238318
0.14405708 2.1084288 0.021084288
0.14436642 2.0922467 0.020922467
0.14467577 2.0781796 0.020781796
0.14498511 2.0655429 0.020655429
0.14529445 2.049756 0.02049756
0.14560379 2.0362934 0.020362934
0.14591314 2.0241327 0.020241327
0.14622248 2.0083155 0.020083155
0.14653182 1.9940686 0.019940686
0.14684115 1.9803011 0.019803011
0.14715049 1.9694489 0.019694489
0.14745983 1.9547652 0.019547652
0.14776917 1.9356674 0.019356674
0.1480785 1.9250293 0.019250293
0.14838784 1.9157807 0.019157807
0.14869717 1.9021297 0.019021297
0.1490065 1.8859316 0.018859316
0.14931583 1.875022 0.01875022
0.14962517 1.8647162 0.018647162
0.1499345 1.8486927 0.018486927
0.15024383 1.8375539 0.018375539
0.15055316 1.8252036 0.018252036
0.15086248 1.8096897 0.018096897
0.15117181 1.7997059 0.017997059
0.15148114 1.7848067 0.017848067
0.15179046 1.7723358 0.017723358
0.15209979 1.7602614 0.017602614
0.15240911 1.7494102 0.017494102
0.15271844 1.7340544 0.017340544
0.15302776 1.7171946 0.017171946
0.15333708 1.7050794 0.017050794
0.1536464 1.7016965 0.017016965
0.15395572 1.6872614 0.016872614
0.15426504 1.6710608 0.016710608
0.15457436 1.6609869 0.016609869
0.15488367 1.6473716 0.016473716
0.15519299 1.6383438 0.016383438
0.15550231 1.6235206 0.016235206
0.15581162 1.6095018 0.016095018
0.15612093 1.5973287 0.015973287
0.15643025 1.5784386 0.015784386
0.15673956 1.5693458 0.015693458
0.15704887 1.5618742 0.015618742
0.15735818 1.5503324 0.015503324
0.15766749 1.5392335 0.015392335
0.1579768 1.5253745 0.015253745
0.15828611 1.5100524 0.015100524
0.15859542 1.5010116 0.015010116
0.15890472 1.491044 0.01491044
0.15921403 1.484675 0.01484675
0.15952333 1.4676105 0.014676105
0.15983264 1.4575446 0.014575446
0.16014194 1.4476741 0.014476741
0.16045124 1.4335537 0.014335537
0.16076054 1.4256118 0.014256118
0.16106984 1.4128152 0.014128152
0.16137914 1.4028471 0.014028471
0.16168844 1.3914252 0.013914252
0.16199774 1.3781379 0.013781379
0.16230703 1.3694783 0.013694783
0.16261633 1.3613788 0.013613788
0.16292562 1.3454109 0.013454109
0.16323492 1.3369444 0.013369444
0.16354421 1.3269314 0.013269314
0.1638535 1.3151023 0.013151023
0.16416279 1.3048298 0.013048298
0.16447208 1.2919117 0.012919117
0.16478137 1.2783417 0.012783417
0.16509066 1.2695053 0.012695053
0.16539995 1.2620274 0.012620274
0.16570924 1.2534765 0.012534765
0.16601852 1.2415337 0.012415337
0.16632781 1.2304243 0.012304243
0.16663709 1.2214776 0.012214776
0.16694637 1.2112418 0.012112418
0.16725566 1.2016349 0.012016349
0.16756494 1.192544 0.01192544
0.16787422 1.180749 0.01180749
0.1681835 1.170032 0.01170032
0.16849278 1.1600924 0.011600924
0.16880205 1.1548231 0.011548231
0.16911133 1.1365055 0.011365055
0.16942061 1.1297956 0.011297956
0.16972988 1.1210687 0.011210687
0.17003916 1.1104233 0.011104233
0.17034843 1.1008048 0.011008048
0.1706577 1.0927678 0.010927678
0.17096697 1.0839378 0.010839378
0.17127624 1.0760845 0.010760845
0.17158551 1.065584 0.01065584
0.17189478 1.0537371 0.010537371
0.17220405 1.0444864 0.010444864
0.17251331 1.0382931 0.010382931
0.17282258 1.0308836 0.010308836
0.17313184 1.0151271 0.010151271
0.17344111 1.0102069 0.010102069
0.17375037 1.0000873 0.010000873
0.17405963 0.98692296 0.0098692296
0.17436889 0.98295395 0.0098295395
0.17467815 0.97455967 0.0097455967
0.17498741 0.96450723 0.0096450723
0.17529667 0.95352972 0.0095352972
0.17560593 0.95057011 0.0095057011
0.17591518 0.94071747 0.0094071747
0.17622444 0.93350106 0.0093350106
0.17653369 0.92011509 0.0092011509
0.17684295 0.90982405 0.0090982405
0.1771522 0.90240455 0.0090240455
0.17746145 0.89562323 0.0089562323
0.1777707 0.88676473 0.0088676473
0.17807995 0.87906185 0.0087906185
0.1783892 0.8696491 0.008696491
0.17869844 0.86036474 0.0086036474
0.17900769 0.85257894 0.0085257894
0.17931694 0.84839686 0.0084839686
0.17962618 0.84053321 0.0084053321
0.17993542 0.83132492 0.0083132492
0.18024467 0.81923528 0.0081923528
0.18055391 0.81279016 0.0081279016
0.18086315 0.80559503 0.0080559503
0.18117239 0.79854284 0.0079854284
0.18148163 0.78977914 0.0078977914
0.18179086 0.78285707 0.0078285707
0.1821001 0.77491542 0.0077491542
0.18240934 0.76224607 0.0076224607
0.18271857 0.75828684 0.0075828684
0.1830278 0.74644824 0.0074644824
0.18333704 0.74347525 0.0074347525
0.18364627 0.73349827 0.0073349827
0.1839555 0.72859801 0.0072859801
0.18426473 0.71711724 0.0071711724
0.18457396 0.71518198 0.0071518198
0.18488318 0.7032811 0.007032811
0.18519241 0.70037212 0.0070037212
0.18550164 0.69395931 0.0069395931
0.18581086 0.68193428 0.0068193428
0.18612009 0.67803439 0.0067803439
0.18642931 0.67129859 0.0067129859
0.18673853 0.66178021 0.0066178021
0.18704775 0.6567337 0.006567337
0.18735697 0.64941795 0.0064941795
0.18766619 0.6436027 0.006436027
0.1879754 0.63427825 0.0063427825
0.18828462 0.6279476 0.006279476
0.18859384 0.62284716 0.0062284716
0.18890305 0.61394716 0.0061394716
0.18921226 0.60767732 0.0060767732
0.18952148 0.60214164 0.0060214164
0.18983069 0.59721422 0.0059721422
0.1901399 0.59094508 0.0059094508
0.19044911 0.58163153 0.0058163153
0.19075832 0.57797082 0.0057797082
0.19106752 0.56814112 0.0056814112
0.19137673 0.5622743 0.005622743
0.19168593 0.55776735 0.0055776735
0.19199514 0.55215986 0.0055215986
0.19230434 0.54279864 0.0054279864
0.19261354 0.54072973 0.0054072973
0.19292274 0.53274183 0.0053274183
0.19323194 0.52674152 0.0052674152
0.19354114 0.52317729 0.0052317729
0.19385034 0.5153068 0.005153068
0.19415954 0.50646916 0.0050646916
0.19446873 0.50416989 0.0050416989
0.19477793 0.49533081 0.0049533081
0.19508712 0.49039319 0.0049039319
0.19539631 0.48323627 0.0048323627
0.1957055 0.4775788 0.004775788
0.19601469 0.47753273 0.0047753273
0.19632388 0.46721686 0.0046721686
0.19663307 0.46330458 0.0046330458
0.19694226 0.45761521 0.0045761521
0.19725144 0.45185737 0.0045185737
0.19756063 0.44313785 0.0044313785
0.19786981 0.44220533 0.0044220533
0.19817899 0.43599742 0.0043599742
0.19848818 0.42820366 0.0042820366
0.19879736 0.4212741 0.004212741
0.19910654 0.41892566 0.0041892566
0.19941572 0.41235069 0.0041235069
0.19972489 0.41117272 0.0041117272
0.20003407 0.40137729 0.0040137729
0.20034324 0.39787961 0.0039787961
0.20065242 0.39457037 0.0039457037
0.20096159 0.38932538 0.0038932538
0.20127076 0.3836121 0.003836121
0.20157993 0.3785219 0.003785219
0.2018891 0.37304186 0.0037304186
0.20219827 0.36917529 0.0036917529
0.20250744 0.36359096 0.0036359096
0.20281661 0.36277627 0.0036277627
0.20312577 0.35576661 0.0035576661
0.20343493 0.3512449 0.003512449
0.2037441 0.34390986 0.0034390986
0.20405326 0.33960952 0.0033960952
0.20436242 0.3358517 0.003358517
0.20467158 0.33173396 0.0033173396
0.20498074 0.32804002 0.0032804002
0.2052899 0.32276923 0.0032276923
0.20559905 0.31851349 0.0031851349
0.20590821 0.31685611 0.0031685611
0.20621736 0.31321047 0.0031321047
0.20652651 0.30451859 0.0030451859
0.20683567 0.30158054 0.0030158054
0.20714482 0.29988378 0.0029988378
0.20745397 0.29317799 0.0029317799
0.20776312 0.29000383 0.0029000383
0.20807226 0.2868522 0.002868522
0.20838141 0.28399434 0.0028399434
0.20869055 0.2781225 0.002781225
0.2089997 0.27528323 0.0027528323
0.20930884 0.26890954 0.0026890954
0.20961798 0.2693135 0.002693135
0.20992712 0.26248863 0.0026248863
0.21023626 0.26174808 0.0026174808
0.2105454 0.25651359 0.0025651359
0.21085454 0.25010876 0.0025010876
0.21116367 0.2474732 0.002474732
0.21147281 0.24623505 0.0024623505
0.21178194 0.24115557 0.0024115557
0.21209107 0.23798036 0.0023798036
0.21240021 0.23354228 0.0023354228
0.21270934 0.2337987 0.002337987
0.21301846 0.22711689 0.0022711689
0.21332759 0.22405212 0.0022405212
0.21363672 0.22245202 0.0022245202
0.21394584 0.21814993 0.0021814993
0.21425497 0.21562048 0.0021562048
0.21456409 0.21198208 0.0021198208
0.21487321 0.20992054 0.0020992054
0.21518234 0.20307948 0.0020307948
0.21549145 0.20301433 0.0020301433
0.21580057 0.19972837 0.0019972837
0.21610969 0.19702109 0.0019702109
0.21641881 0.19659311 0.0019659311
0.21672792 0.18967225 0.0018967225
0.21703704 0.18907627 0.0018907627
0.21734615 0.18350997 0.0018350997
0.21765526 0.17999997 0.0017999997
0.21796437 0.1804334 0.001804334
0.21827348 0.17444638 0.0017444638
0.21858259 0.17023215 0.0017023215
0.21889169 0.1684313 0.001684313
0.2192008 0.16767467 0.0016767467
0.2195099 0.16591347 0.0016591347
0.21981901 0.15945206 0.0015945206
0.22012811 0.15738006 0.0015738006
0.22043721 0.15634062 0.0015634062
0.22074631 0.15371478 0.0015371478
0.22105541 0.15296291 0.0015296291
0.2213645 0.15040128 0.0015040128
0.2216736 0.14763482 0.0014763482
0.22198269 0.14468053 0.0014468053
0.22229179 0.14476065 0.0014476065
0.22260088 0.14040017 0.0014040017
0.22290997 0.13629305 0.0013629305
0.22321906 0.13517984 0.0013517984
0.22352815 0.13091336 0.0013091336
0.22383724 0.13158947 0.0013158947
0.22414632 0.13082181 0.0013082181
0.22445541 0.12611149 0.0012611149
0.22476449 0.12602575 0.0012602575
0.22507357 0.12412784 0.0012412784
0.22538265 0.12013641 0.0012013641
0.22569174 0.12024785 0.0012024785
0.22600081 0.11661251 0.0011661251
0.22630989 0.11167526 0.0011167526
0.22661897 0.11216915 0.0011216915
0.22692804 0.10894224 0.0010894224
0.22723712 0.10710625 0.0010710625
0.22754619 0.10446596 0.0010446596
0.22785526 0.1014033 0.001014033
0.22816433 0.10449578 0.0010449578
0.2284734 0.10201499 0.0010201499
0.22878247 0.099890443 0.00099890443
0.22909153 0.094033046 0.00094033046
0.2294006 0.097987715 0.00097987715
0.22970966 0.094601482 0.00094601482
0.23001873 0.093796354 0.00093796354
0.23032779 0.089395682 0.00089395682
0.23063685 0.087290561 0.00087290561
0.23094591 0.082293569 0.00082293569
0.23125496 0.083972684 0.00083972684
0.23156402 0.084183595 0.00084183595
0.23187308 0.082542781 0.00082542781
0.23218213 0.07937118 0.0007937118
0.23249118 0.081096159 0.00081096159
0.23280023 0.077623441 0.00077623441
0.23310928 0.075427035 0.00075427035
0.23341833 0.07573218 0.0007573218
0.23372738 0.076950444 0.00076950444
0.23403643 0.07530445 0.0007530445
0.23434547 0.067328154 0.00067328154
0.23465451 0.067434136 0.00067434136
0.23496356 0.068592126 0.00068592126
0.2352726 0.064926108 0.00064926108
0.23558164 0.065253335 0.00065253335
0.23589068 0.066655101 0.00066655101
0.23619971 0.065720235 0.00065720235
0.23650875 0.059403932 0.00059403932
0.23681778 0.059539813 0.00059539813
0.23712682 0.059379475 0.00059379475
0.23743585 0.058732916 0.00058732916
0.23774488 0.056124284 0.00056124284
0.23805391 0.055908858 0.00055908858
0.23836294 0.049538025 0.00049538025
0.23867197 0.052027148 0.00052027148
0.23898099 0.051957665 0.00051957665
0.23929002 0.057767267 0.00057767267
0.23959904 0.054077528 0.00054077528
0.23990806 0.050696163 0.00050696163
0.24021708 0.050756556 0.00050756556
0.2405261 0.044309665 0.00044309665
0.24083512 0.043380025 0.00043380025
0.24114413 0.045158966 0.00045158966
0.24145315 0.046508309 0.00046508309
0.24176216 0.046960289 0.00046960289
0.24207118 0.045850863 0.00045850863
0.24238019 0.041496598 0.00041496598
0.2426892 0.040421898 0.00040421898
0.24299821 0.041450049 0.00041450049
0.24330721 0.043936871 0.00043936871
0.24361622 0.038383576 0.00038383576
0.24392522 0.036626736 0.00036626736
0.24423423 0.037983982 0.00037983982
0.24454323 0.036651628 0.00036651628
0.24485223 0.035453502 0.00035453502
0.24516123 0.032079975 0.00032079975
0.24547023 0.034927769 0.00034927769
0.24577922 0.032501548 0.00032501548
0.24608822 0.032304765 0.00032304765
0.24639721 0.030245681 0.00030245681
0.24670621 0.034237769 0.00034237769
0.2470152 0.029465138 0.00029465138
0.24732419 0.029552263 0.00029552263
0.24763318 0.030476479 0.00030476479
0.24794216 0.029039046 0.00029039046
0.24825115 0.029781004 0.00029781004
0.24856013 0.023875685 0.00023875685
0.24886912 0.027078996 0.00027078996
0.2491781 0.030243185 0.00030243185
0.24948708 0.02856915 0.0002856915
0.24979606 0.026904033 0.00026904033
0.25010504 0.025416528 0.00025416528
0.25041401 0.022520035 0.00022520035
0.25072299 0.02224346 0.0002224346
0.25103196 0.022726932 0.00022726932
0.25134093 0.021600055 0.00021600055
0.2516499 0.024802718 0.00024802718
0.25195887 0.024826506 0.00024826506
0.25226784 0.021312854 0.00021312854
0.25257681 0.023222451 0.00023222451
0.25288577 0.021376008 0.00021376008
0.25319474 0.020105957 0.00020105957
0.2535037 0.023958718 0.00023958718
0.25381266 0.019860331 0.00019860331
0.25412162 0.017591221 0.00017591221
0.25443058 0.02431816 0.0002431816
0.25473954 0.018494147 0.00018494147
0.25504849 0.021964612 0.00021964612
0.25535745 0.016943593 0.00016943593
0.2556664 0.016270037 0.00016270037
0.25597535 0.020438809 0.00020438809
0.2562843 0.018347499 0.00018347499
0.25659325 0.019043455 0.00019043455
0.2569022 0.019187059 0.00019187059
0.25721115 0.014742183 0.00014742183
0.25752009 0.016957927 0.00016957927
0.25782903 0.016787538 0.00016787538
0.25813798 0.014073163 0.00014073163
0.25844692 0.020412612 0.00020412612
0.25875585 0.020170356 0.00020170356
0.25906479 0.016428575 0.00016428575
0.25937373 0.015134757 0.00015134757
0.25968266 0.017325407 0.00017325407
0.2599916 0.018747288 0.00018747288
0.26030053 0.01394322 0.0001394322
0.26060946 0.019562894 0.00019562894
0.26091839 0.017092804 0.00017092804
0.26122732 0.015730709 0.00015730709
0.26153624 0.014101523 0.00014101523
0.26184517 0.016784895 0.00016784895
0.26215409 0.018174913 0.00018174913
0.26246301 0.015972886 0.00015972886
0.26277193 0.014459731 0.00014459731
0.26308085 0.015759685 0.00015759685
0.26338977 0.016909921 0.00016909921
0.26369869 0.016424323 0.00016424323
0.2640076 0.013290337 0.00013290337
0.26431651 0.012776979 0.00012776979
0.26462543 0.013994413 0.00013994413
0.26493434 0.012572765 0.00012572765
0.26524325 0.014856175 0.00014856175
0.26555215 0.014841929 0.00014841929
0.26586106 0.012716079 0.00012716079
0.26616996 0.014367875 0.00014367875
0.26647887 0.013888347 0.00013888347
0.26678777 0.014352533 0.00014352533
0.26709667 0.013703017 0.00013703017
0.26740557 0.012424887 0.00012424887
0.26771447 0.013083891 0.00013083891
0.26802336 0.018564571 0.00018564571
0.26833226 0.013448869 0.00013448869
0.26864115 0.011937002 0.00011937002
0.26895004 0.014236172 0.00014236172
0.26925893 0.013075747 0.00013075747
0.26956782 0.015645792 0.00015645792
0.26987671 0.017142049 0.00017142049
0.27018559 0.015557867 0.00015557867
0.27049448 0.014545885 0.00014545885
0.27080336 0.015409003 0.00015409003
0.27111224 0.014463525 0.00014463525
0.27142112 0.012847429 0.00012847429
0.27173 0.014173897 0.00014173897
0.27203888 0.015380213 0.00015380213
0.27234775 0.014498458 0.00014498458
0.27265663 0.013612585 0.00013612585
0.2729655 0.012849822 0.00012849822
0.27327437 0.011048025 0.00011048025
0.27358324 0.018735511 0.00018735511
0.27389211 0.015994306 0.00015994306
0.27420098 0.013590184 0.00013590184
0.27450984 0.01487051 0.0001487051
0.2748187 0.014230268 0.00014230268
0.27512757 0.011047368 0.00011047368
0.27543643 0.018219699 0.00018219699
0.27574529 0.016096187 0.00016096187
0.27605414 0.013180666 0.00013180666
0.276363 0.015548545 0.00015548545
0.27667185 0.01301121 0.0001301121
0.27698071 0.012466249 0.00012466249
0.27728956 0.015499967 0.00015499967
0.27759841 0.021043307 0.00021043307
0.27790726 0.016671375 0.00016671375
0.2782161 0.016615211 0.00016615211
0.27852495 0.016354051 0.00016354051
0.27883379 0.017089853 0.00017089853
0.27914264 0.020054512 0.00020054512
0.27945148 0.016638713 0.00016638713
0.27976032 0.018798988 0.00018798988
0.28006915 0.013820125 0.00013820125
0.28037799 0.018612768 0.00018612768
0.28068683 0.019375526 0.00019375526
0.28099566 0.014056661 0.00014056661
0.28130449 0.018509665 0.00018509665
0.28161332 0.017335988 0.00017335988
0.28192215 0.01859877 0.0001859877
0.28223098 0.020855495 0.00020855495
0.2825398 0.016095063 0.00016095063
0.28284863 0.01379227 0.0001379227
0.28315745 0.019658694 0.00019658694
0.28346627 0.01703866 0.0001703866
0.28377509 0.017795993 0.00017795993
0.28408391 0.01711573 0.0001711573
0.28439272 0.015912997 0.00015912997
0.28470154 0.020790415 0.00020790415
0.28501035 0.021172355 0.00021172355
0.28531916 0.019467316 0.00019467316
0.28562797 0.019940211 0.00019940211
0.28593678 0.015775485 0.00015775485
0.28624559 0.016883458 0.00016883458
0.2865544 0.019749056 0.00019749056
0.2868632 0.019880989 0.00019880989
0.287172 0.019460485 0.00019460485
0.2874808 0.023052215 0.00023052215
0.2877896 0.018573878 0.00018573878
0.2880984 0.016291918 0.00016291918
0.2884072 0.021779869 0.00021779869
0.28871599 0.017820843 0.00017820843
0.28902478 0.017416748 0.00017416748
0.28933358 0.018097747 0.00018097747
0.28964237 0.01826906 0.0001826906
0.28995115 0.02 0.0002
0.29025994 0.017550115 0.00017550115
0.29056873 0.021661342 0.00021661342
0.29087751 0.017429292 0.00017429292
0.29118629 0.019701003 0.00019701003
0.29149507 0.022635169 0.00022635169
0.29180385 0.02405621 0.0002405621
0.29211263 0.024603589 0.00024603589
0.2924214 0.021397363 0.00021397363
0.29273018 0.020203583 0.00020203583
0.29303895 0.022081209 0.00022081209
0.29334772 0.022328657 0.00022328657
0.29365649 0.023089429 0.00023089429
0.29396526 0.018161512 0.00018161512
0.29427402 0.023560889 0.00023560889
0.29458279 0.021208943 0.00021208943
0.29489155 0.022756329 0.00022756329
0.29520031 0.021974247 0.00021974247
0.29550907 0.024835278 0.00024835278
0.29581783 0.019148293 0.00019148293
0.29612659 0.023688808 0.00023688808
0.29643534 0.01784275 0.0001784275
0.2967441 0.020160119 0.00020160119
0.29705285 0.019485104 0.00019485104
0.2973616 0.024738292 0.00024738292
0.29767035 0.024065318 0.00024065318
0.29797909 0.025466694 0.00025466694
0.29828784 0.024778853 0.00024778853
0.29859658 0.023031998 0.00023031998
0.29890532 0.022019131 0.00022019131
0.29921406 0.02732202 0.0002732202
0.2995228 0.027580639 0.00027580639
0.29983154 0.021521932 0.00021521932
