0.010059664 18.631157 0.18631157
0.010369191 17.230879 0.17230879
0.010678719 15.797986 0.15797986
0.010988246 14.708863 0.14708863
0.011297773 13.660968 0.13660968
0.0116073 12.858716 0.12858716
0.011916828 12.069199 0.12069199
0.012226355 11.277957 0.11277957
0.012535882 10.802155 0.10802155
0.012845409 10.098007 0.10098007
0.013154936 9.5515333 0.095515333
0.013464463 9.0643722 0.090643722
0.013773989 8.6506661 0.086506661
0.014083516 8.2535898 0.082535898
0.014393043 7.8218282 0.078218282
0.014702569 7.5568762 0.075568762
0.015012096 7.2133035 0.072133035
0.015321622 6.8986411 0.068986411
0.015631148 6.6974105 0.066974105
0.015940675 6.4529615 0.064529615
0.016250201 6.2760908 0.062760908
0.016559727 5.9931856 0.059931856
0.016869253 5.7852795 0.057852795
0.017178779 5.6479527 0.056479527
0.017488304 5.4339599 0.054339599
0.01779783 5.2499511 0.052499511
0.018107355 5.145776 0.05145776
0.018416881 4.9925704 0.049925704
0.018726406 4.8828868 0.048828868
0.019035932 4.746695 0.04746695
0.019345457 4.6221532 0.046221532
0.019654982 4.4957771 0.044957771
0.019964507 4.3895648 0.043895648
0.020274032 4.3222221 0.043222221
0.020583556 4.2109149 0.042109149
0.020893081 4.1006345 0.041006345
0.021202605 4.0276475 0.040276475
0.02151213 3.9878979 0.039878979
0.021821654 3.9253702 0.039253702
0.022131178 3.8246698 0.038246698
0.022440702 3.7197256 0.037197256
0.022750226 3.7081714 0.037081714
0.02305975 3.6070716 0.036070716
0.023369274 3.5959374 0.035959374
0.023678797 3.463011 0.03463011
0.023988321 3.4284659 0.034284659
0.024297844 3.3835532 0.033835532
0.024607367 3.3644923 0.033644923
0.02491689 3.2984336 0.032984336
0.025226413 3.2445253 0.032445253
0.025535936 3.2098943 0.032098943
0.025845458 3.1640759 0.031640759
0.026154981 3.1482328 0.031482328
0.026464503 3.0695805 0.030695805
0.026774025 3.0411495 0.030411495
0.027083547 3.0058175 0.030058175
0.027393069 2.950406 0.02950406
0.027702591 2.8999146 0.028999146
0.028012112 2.8672715 0.028672715
0.028321634 2.8572803 0.028572803
0.028631155 2.8213481 0.028213481
0.028940676 2.7942854 0.027942854
0.029250197 2.7399572 0.027399572
0.029559718 2.7511042 0.027511042
0.029869238 2.6903971 0.026903971
0.030178759 2.6812724 0.026812724
0.030488279 2.6447002 0.026447002
0.030797799 2.6433696 0.026433696
0.031107319 2.5890119 0.025890119
0.031416839 2.5780216 0.025780216
0.031726359 2.5477877 0.025477877
0.032035878 2.5392801 0.025392801
0.032345397 2.5110364 0.025110364
0.032654916 2.4812044 0.024812044
0.032964435 2.4490828 0.024490828
0.033273954 2.4595609 0.024595609
0.033583473 2.4081529 0.024081529
0.033892991 2.3911614 0.023911614
0.034202509 2.3727901 0.023727901
0.034512027 2.3572954 0.023572954
0.034821545 2.3265927 0.023265927
0.035131063 2.3206149 0.023206149
0.03544058 2.3053898 0.023053898
0.035750097 2.2743919 0.022743919
0.036059614 2.2604925 0.022604925
0.036369131 2.2549663 0.022549663
0.036678648 2.2372291 0.022372291
0.036988164 2.2202806 0.022202806
0.03729768 2.1858978 0.021858978
0.037607196 2.1891344 0.021891344
0.037916712 2.1855968 0.021855968
0.038226228 2.1514814 0.021514814
0.038535743 2.1470729 0.021470729
0.038845259 2.1344495 0.021344495
0.039154774 2.1079819 0.021079819
0.039464288 2.0938549 0.020938549
0.039773803 2.0860273 0.020860273
0.040083317 2.0751364 0.020751364
0.040392831 2.0683676 0.020683676
0.040702345 2.0377616 0.020377616
0.041011859 2.0574828 0.020574828
0.041321372 2.0138792 0.020138792
0.041630886 2.0192043 0.020192043
0.041940399 1.9979176 0.019979176
0.042249911 1.9636983 0.019636983
0.042559424 1.9768572 0.019768572
0.042868936 1.9618205 0.019618205
0.043178448 1.9460491 0.019460491
0.04348796 1.94107 0.0194107
0.043797472 1.9364308 0.019364308
0.044106983 1.9217865 0.019217865
0.044416494 1.912727 0.01912727
0.044726005 1.9055964 0.019055964
0.045035516 1.9017597 0.019017597
0.045345026 1.8712503 0.018712503
0.045654536 1.8478204 0.018478204
0.045964046 1.8598284 0.018598284
0.046273556 1.8522018 0.018522018
0.046583065 1.8239913 0.018239913
0.046892575 1.815076 0.01815076
0.047202083 1.8114725 0.018114725
0.047511592 1.8116522 0.018116522
0.0478211 1.7923009 0.017923009
0.048130609 1.7997203 0.017997203
0.048440116 1.7929118 0.017929118
0.048749624 1.7481775 0.017481775
0.049059131 1.7413353 0.017413353
0.049368638 1.7300484 0.017300484
0.049678145 1.7512707 0.017512707
0.049987652 1.7297943 0.017297943
0.050297158 1.7250565 0.017250565
0.050606664 1.7072624 0.017072624
0.05091617 1.7053116 0.017053116
0.051225675 1.6909624 0.016909624
0.05153518 1.6829744 0.016829744
0.051844685 1.684979 0.01684979
0.05215419 1.687255 0.01687255
0.052463694 1.6726156 0.016726156
0.052773198 1.6559772 0.016559772
0.053082702 1.6481214 0.016481214
0.053392205 1.6496887 0.016496887
0.053701708 1.6255701 0.016255701
0.054011211 1.6322127 0.016322127
0.054320713 1.6200539 0.016200539
0.054630216 1.6221099 0.016221099
0.054939718 1.5961684 0.015961684
0.055249219 1.5944092 0.015944092
0.055558721 1.5902991 0.015902991
0.055868222 1.576336 0.01576336
0.056177722 1.567057 0.01567057
0.056487223 1.5582512 0.015582512
0.056796723 1.5565165 0.015565165
0.057106223 1.5502203 0.015502203
0.057415722 1.5388248 0.015388248
0.057725221 1.5449563 0.015449563
0.05803472 1.5268245 0.015268245
0.058344219 1.5249573 0.015249573
0.058653717 1.5141903 0.015141903
0.058963215 1.4988696 0.014988696
0.059272713 1.5204482 0.015204482
0.05958221 1.4897901 0.014897901
0.059891707 1.4941244 0.014941244
0.060201203 1.4883256 0.014883256
0.0605107 1.4840834 0.014840834
0.060820196 1.4722066 0.014722066
0.061129691 1.462311 0.01462311
0.061439187 1.4637122 0.014637122
0.061748681 1.4520042 0.014520042
0.062058176 1.4456154 0.014456154
0.06236767 1.4464488 0.014464488
0.062677164 1.4427221 0.014427221
0.062986658 1.4167363 0.014167363
0.063296151 1.4158789 0.014158789
0.063605644 1.4071704 0.014071704
0.063915137 1.4148485 0.014148485
0.064224629 1.402101 0.01402101
0.064534121 1.3984811 0.013984811
0.064843612 1.3890173 0.013890173
0.065153103 1.3788399 0.013788399
0.065462594 1.3662038 0.013662038
0.065772085 1.3635948 0.013635948
0.066081575 1.3732687 0.013732687
0.066391064 1.3558367 0.013558367
0.066700554 1.3665133 0.013665133
0.067010043 1.341234 0.01341234
0.067319531 1.3327669 0.013327669
0.06762902 1.3305643 0.013305643
0.067938508 1.3239972 0.013239972
0.068247995 1.3104752 0.013104752
0.068557482 1.3186454 0.013186454
0.068866969 1.3069701 0.013069701
0.069176455 1.303636 0.01303636
0.069485941 1.3029458 0.013029458
0.069795427 1.2846293 0.012846293
0.070104912 1.2802359 0.012802359
0.070414397 1.2707297 0.012707297
0.070723882 1.2726905 0.012726905
0.071033366 1.2673406 0.012673406
0.07134285 1.262447 0.01262447
0.071652333 1.2451608 0.012451608
0.071961816 1.2513742 0.012513742
0.072271298 1.235616 0.01235616
0.07258078 1.2432804 0.012432804
0.072890262 1.2329462 0.012329462
0.073199744 1.2280496 0.012280496
0.073509225 1.2177737 0.012177737
0.073818705 1.2118043 0.012118043
0.074128185 1.2013756 0.012013756
0.074437665 1.2082269 0.012082269
0.074747144 1.2032961 0.012032961
0.075056623 1.1934121 0.011934121
0.075366102 1.1819844 0.011819844
0.07567558 1.1875549 0.011875549
0.075985058 1.1722994 0.011722994
0.076294535 1.1703815 0.011703815
0.076604012 1.1717128 0.011717128
0.076913488 1.1551151 0.011551151
0.077222964 1.1487457 0.011487457
0.07753244 1.1501405 0.011501405
0.077841915 1.1512306 0.011512306
0.07815139 1.1328836 0.011328836
0.078460864 1.1336191 0.011336191
0.078770338 1.1274439 0.011274439
0.079079812 1.1239333 0.011239333
0.079389285 1.1267665 0.011267665
0.079698757 1.1155975 0.011155975
0.080008229 1.1066679 0.011066679
0.080317701 1.0987015 0.010987015
0.080627172 1.0999633 0.010999633
0.080936643 1.0942918 0.010942918
0.081246114 1.0936701 0.010936701
0.081555584 1.0765324 0.010765324
0.081865053 1.079442 0.01079442
0.082174522 1.0731658 0.010731658
0.082483991 1.0658407 0.010658407
0.082793459 1.0624448 0.010624448
0.083102927 1.0685701 0.010685701
0.083412394 1.0551704 0.010551704
0.083721861 1.045214 0.01045214
0.084031327 1.0406562 0.010406562
0.084340793 1.0316201 0.010316201
0.084650259 1.0353317 0.010353317
0.084959724 1.0323095 0.010323095
0.085269188 1.0205636 0.010205636
0.085578652 1.0218613 0.010218613
0.085888116 1.0153349 0.010153349
0.086197579 1.0050092 0.010050092
0.086507042 1.0078577 0.010078577
0.086816504 0.99664616 0.0099664616
0.087125966 0.99099563 0.0099099563
0.087435427 0.99118281 0.0099118281
0.087744888 0.98325107 0.0098325107
0.088054348 0.98060255 0.0098060255
0.088363808 0.97319391 0.0097319391
0.088673267 0.96677859 0.0096677859
0.088982726 0.9592073 0.009592073
0.089292184 0.96028558 0.0096028558
0.089601642 0.95368076 0.0095368076
0.089911099 0.95361992 0.0095361992
0.090220556 0.95340867 0.0095340867
0.090530013 0.94242423 0.0094242423
0.090839469 0.9506157 0.009506157
0.091148924 0.93227449 0.0093227449
0.091458379 0.93778513 0.0093778513
0.091767833 0.92776648 0.0092776648
0.092077287 0.92519215 0.0092519215
0.092386741 0.92133983 0.0092133983
0.092696194 0.91668808 0.0091668808
0.093005646 0.91054553 0.0091054553
0.093315098 0.89994729 0.0089994729
0.093624549 0.90022476 0.0090022476
0.093934 0.89641081 0.0089641081
0.09424345 0.88897511 0.0088897511
0.0945529 0.88165662 0.0088165662
0.09486235 0.87658389 0.0087658389
0.095171798 0.88210219 0.0088210219
0.095481247 0.87896262 0.0087896262
0.095790694 0.86681223 0.0086681223
0.096100142 0.86112108 0.0086112108
0.096409588 0.85967324 0.0085967324
0.096719035 0.85579213 0.0085579213
0.09702848 0.84911032 0.0084911032
0.097337925 0.85174146 0.0085174146
0.09764737 0.84125361 0.0084125361
0.097956814 0.85065589 0.0085065589
0.098266257 0.83616232 0.0083616232
0.0985757 0.83592304 0.0083592304
0.098885143 0.82112256 0.0082112256
0.099194585 0.81810345 0.0081810345
0.099504026 0.81862953 0.0081862953
0.099813467 0.8174842 0.008174842
0.10012291 0.81140743 0.0081140743
0.10043235 0.80421433 0.0080421433
0.10074179 0.7990745 0.007990745
0.10105122 0.79809075 0.0079809075
0.10136066 0.80310565 0.0080310565
0.1016701 0.78574131 0.0078574131
0.10197954 0.78774824 0.0078774824
0.10228897 0.78968122 0.0078968122
0.10259841 0.77337992 0.0077337992
0.10290785 0.77888849 0.0077888849
0.10321728 0.77270123 0.0077270123
0.10352671 0.77283985 0.0077283985
0.10383615 0.76668704 0.0076668704
0.10414558 0.76643135 0.0076643135
0.10445501 0.74860345 0.0074860345
0.10476445 0.75077242 0.0075077242
0.10507388 0.74822061 0.0074822061
0.10538331 0.74638102 0.0074638102
0.10569274 0.74737849 0.0074737849
0.10600217 0.73973836 0.0073973836
0.1063116 0.73978846 0.0073978846
0.10662102 0.73217728 0.0073217728
0.10693045 0.72471678 0.0072471678
0.10723988 0.72525351 0.0072525351
0.10754931 0.7161777 0.007161777
0.10785873 0.71682073 0.0071682073
0.10816816 0.71370805 0.0071370805
0.10847758 0.70973574 0.0070973574
0.10878701 0.70456227 0.0070456227
0.10909643 0.69694628 0.0069694628
0.10940585 0.70059286 0.0070059286
0.10971528 0.69722577 0.0069722577
0.1100247 0.69728241 0.0069728241
0.11033412 0.69197066 0.0069197066
0.11064354 0.68338229 0.0068338229
0.11095296 0.67885054 0.0067885054
0.11126238 0.69051778 0.0069051778
0.1115718 0.68983375 0.0068983375
0.11188122 0.69933258 0.0069933258
0.11219064 0.75399296 0.0075399296
0.11250005 0.999964 0.00999964
0.11280947 1.82721 0.0182721
0.11311889 2.2963529 0.022963529
0.1134283 1.5324063 0.015324063
0.11373772 0.91943139 0.0091943139
0.11404713 0.69405417 0.0069405417
0.11435654 0.6586517 0.006586517
0.11466596 0.63994308 0.0063994308
0.11497537 0.63375278 0.0063375278
0.11528478 0.62711091 0.0062711091
0.11559419 0.62685127 0.0062685127
0.1159036 0.62263913 0.0062263913
0.11621301 0.6188557 0.006188557
0.11652242 0.61280788 0.0061280788
0.11683183 0.61689929 0.0061689929
0.11714124 0.61079467 0.0061079467
0.11745064 0.60587081 0.0060587081
0.11776005 0.60318469 0.0060318469
0.11806945 0.6000711 0.006000711
0.11837886 0.59512016 0.0059512016
0.11868826 0.58382958 0.0058382958
0.11899767 0.58825641 0.0058825641
0.11930707 0.58387846 0.0058387846
0.11961647 0.58829664 0.0058829664
0.11992588 0.57265961 0.0057265961
0.12023528 0.57604984 0.0057604984
0.12054468 0.56693846 0.0056693846
0.12085408 0.57383476 0.0057383476
0.12116348 0.56744482 0.0056744482
0.12147288 0.56766265 0.0056766265
0.12178227 0.56079369 0.0056079369
0.12209167 0.56025102 0.0056025102
0.12240107 0.55312276 0.0055312276
0.12271046 0.54822875 0.0054822875
0.12301986 0.54824386 0.0054824386
0.12332925 0.54704178 0.0054704178
0.12363865 0.53907401 0.0053907401
0.12394804 0.54130152 0.0054130152
0.12425743 0.5294538 0.005294538
0.12456683 0.53719165 0.0053719165
0.12487622 0.53918547 0.0053918547
0.12518561 0.53226579 0.0053226579
0.125495 0.5279306 0.005279306
0.12580439 0.52981563 0.0052981563
0.12611377 0.51438755 0.0051438755
0.12642316 0.5166665 0.005166665
0.12673255 0.50871365 0.0050871365
0.12704194 0.51806584 0.0051806584
0.12735132 0.51073969 0.0051073969
0.12766071 0.50339019 0.0050339019
0.12797009 0.49975277 0.0049975277
0.12827947 0.5035683 0.005035683
0.12858886 0.49372917 0.0049372917
0.12889824 0.49082059 0.0049082059
0.12920762 0.48671062 0.0048671062
0.129517 0.48561199 0.0048561199
0.12982638 0.48706053 0.0048706053
0.13013576 0.48718882 0.0048718882
0.13044514 0.47994291 0.0047994291
0.13075452 0.4787036 0.004787036
0.1310639 0.4787457 0.004787457
0.13137327 0.47585188 0.0047585188
0.13168265 0.46366652 0.0046366652
0.13199202 0.46721555 0.0046721555
0.1323014 0.46115495 0.0046115495
0.13261077 0.46326521 0.0046326521
0.13292015 0.45882829 0.0045882829
0.13322952 0.45599071 0.0045599071
0.13353889 0.45292693 0.0045292693
0.13384826 0.4532465 0.004532465
0.13415763 0.44743966 0.0044743966
0.134467 0.44486788 0.0044486788
0.13477637 0.44635666 0.0044635666
0.13508574 0.43996715 0.0043996715
0.1353951 0.43771867 0.0043771867
0.13570447 0.43814601 0.0043814601
0.13601383 0.43352143 0.0043352143
0.1363232 0.43304321 0.0043304321
0.13663256 0.42876912 0.0042876912
0.13694193 0.4198813 0.004198813
0.13725129 0.42144868 0.0042144868
0.13756065 0.42499031 0.0042499031
0.13787001 0.41173679 0.0041173679
0.13817937 0.41573263 0.0041573263
0.13848873 0.41060166 0.0041060166
0.13879809 0.40871952 0.0040871952
0.13910745 0.41144251 0.0041144251
0.13941681 0.40623243 0.0040623243
0.13972616 0.40739713 0.0040739713
0.14003552 0.40153408 0.0040153408
0.14034488 0.3987616 0.003987616
0.14065423 0.40161046 0.0040161046
0.14096358 0.38851101 0.0038851101
0.14127294 0.38907194 0.0038907194
0.14158229 0.3912056 0.003912056
0.14189164 0.38966247 0.0038966247
0.14220099 0.38351771 0.0038351771
0.14251034 0.38640211 0.0038640211
0.14281969 0.375344 0.00375344
0.14312904 0.37495789 0.0037495789
0.14343838 0.37709012 0.0037709012
0.14374773 0.36861458 0.0036861458
0.14405708 0.3700077 0.003700077
0.14436642 0.3739684 0.003739684
0.14467577 0.36857787 0.0036857787
0.14498511 0.3609041 0.003609041
0.14529445 0.36144603 0.0036144603
0.14560379 0.36053686 0.0036053686
0.14591314 0.36022484 0.0036022484
0.14622248 0.35293259 0.0035293259
0.14653182 0.3544336 0.003544336
0.14684115 0.34925706 0.0034925706
0.14715049 0.34585492 0.0034585492
0.14745983 0.34639953 0.0034639953
0.14776917 0.3474822 0.003474822
0.1480785 0.34837841 0.0034837841
0.14838784 0.33725334 0.0033725334
0.14869717 0.34255309 0.0034255309
0.1490065 0.33728145 0.0033728145
0.14931583 0.33783543 0.0033783543
0.14962517 0.33056264 0.0033056264
0.1499345 0.3299344 0.003299344
0.15024383 0.32239243 0.0032239243
0.15055316 0.32910712 0.0032910712
0.15086248 0.33137731 0.0033137731
0.15117181 0.3211094 0.003211094
0.15148114 0.32311501 0.0032311501
0.15179046 0.31879277 0.0031879277
0.15209979 0.32018924 0.0032018924
0.15240911 0.31677735 0.0031677735
0.15271844 0.31389077 0.0031389077
0.15302776 0.31234226 0.0031234226
0.15333708 0.3110559 0.003110559
0.1536464 0.30677592 0.0030677592
0.15395572 0.30505058 0.0030505058
0.15426504 0.2962248 0.002962248
0.15457436 0.30347669 0.0030347669
0.15488367 0.30256428 0.0030256428
0.15519299 0.30288313 0.0030288313
0.15550231 0.29768684 0.0029768684
0.15581162 0.29098363 0.0029098363
0.15612093 0.29084711 0.0029084711
0.15643025 0.2928408 0.002928408
0.15673956 0.28677789 0.0028677789
0.15704887 0.29034737 0.0029034737
0.15735818 0.29004732 0.0029004732
0.15766749 0.29217854 0.0029217854
0.1579768 0.29122143 0.0029122143
0.15828611 0.30050447 0.0030050447
0.15859542 0.30521706 0.0030521706
0.15890472 0.34752365 0.0034752365
0.15921403 0.54261307 0.0054261307
0.15952333 1.1231998 0.011231998
0.15983264 1.489539 0.01489539
0.16014194 1.2531225 0.012531225
0.16045124 0.66798534 0.0066798534
0.16076054 0.39143148 0.0039143148
0.16106984 0.30677864 0.0030677864
0.16137914 0.2854639 0.002854639
0.16168844 0.27396808 0.0027396808
0.16199774 0.26841027 0.0026841027
0.16230703 0.26491138 0.0026491138
0.16261633 0.25547969 0.0025547969
0.16292562 0.25646582 0.0025646582
0.16323492 0.25217996 0.0025217996
0.16354421 0.24923783 0.0024923783
0.1638535 0.25043295 0.0025043295
0.16416279 0.24869872 0.0024869872
0.16447208 0.24853654 0.0024853654
0.16478137 0.24740241 0.0024740241
0.16509066 0.23837135 0.0023837135
0.16539995 0.24273848 0.0024273848
0.16570924 0.24253982 0.0024253982
0.16601852 0.23405092 0.0023405092
0.16632781 0.24456954 0.0024456954
0.16663709 0.23720399 0.0023720399
0.16694637 0.23709007 0.0023709007
0.16725566 0.2282504 0.002282504
0.16756494 0.22748213 0.0022748213
0.16787422 0.22780389 0.0022780389
0.1681835 0.22495018 0.0022495018
0.16849278 0.22788434 0.0022788434
0.16880205 0.22767446 0.0022767446
0.16911133 0.22616779 0.0022616779
0.16942061 0.22636088 0.0022636088
0.16972988 0.21691945 0.0021691945
0.17003916 0.2193931 0.002193931
0.17034843 0.21700252 0.0021700252
0.1706577 0.21364254 0.0021364254
0.17096697 0.21629493 0.0021629493
0.17127624 0.21466476 0.0021466476
0.17158551 0.21135807 0.0021135807
0.17189478 0.21551194 0.0021551194
0.17220405 0.20732712 0.0020732712
0.17251331 0.20518122 0.0020518122
0.17282258 0.20315946 0.0020315946
0.17313184 0.20595769 0.0020595769
0.17344111 0.20586874 0.0020586874
0.17375037 0.20535038 0.0020535038
0.17405963 0.20423302 0.0020423302
0.17436889 0.20540555 0.0020540555
0.17467815 0.20225184 0.0020225184
0.17498741 0.19991627 0.0019991627
0.17529667 0.20412294 0.0020412294
0.17560593 0.19962109 0.0019962109
0.17591518 0.20375001 0.0020375001
0.17622444 0.20290965 0.0020290965
0.17653369 0.20369495 0.0020369495
0.17684295 0.21604769 0.0021604769
0.1771522 0.22757072 0.0022757072
0.17746145 0.24765339 0.0024765339
0.1777707 0.32821678 0.0032821678
0.17807995 0.62400209 0.0062400209
0.1783892 1.7328195 0.017328195
0.17869844 3.5321172 0.035321172
0.17900769 3.3874249 0.033874249
0.17931694 1.714821 0.01714821
0.17962618 0.54608018 0.0054608018
0.17993542 0.28807674 0.0028807674
0.18024467 0.23472489 0.0023472489
0.18055391 0.20818509 0.0020818509
0.18086315 0.19676614 0.0019676614
0.18117239 0.19501475 0.0019501475
0.18148163 0.1901149 0.001901149
0.18179086 0.19124323 0.0019124323
0.1821001 0.19475508 0.0019475508
0.18240934 0.203601 0.00203601
0.18271857 0.23676319 0.0023676319
0.1830278 0.38979611 0.0038979611
0.18333704 0.72670033 0.0072670033
0.18364627 0.91615004 0.0091615004
0.1839555 0.5765073 0.005765073
0.18426473 0.27875455 0.0027875455
0.18457396 0.19535074 0.0019535074
0.18488318 0.17747004 0.0017747004
0.18519241 0.16951213 0.0016951213
0.18550164 0.16375264 0.0016375264
0.18581086 0.15895459 0.0015895459
0.18612009 0.16260394 0.0016260394
0.18642931 0.15765861 0.0015765861
0.18673853 0.15364743 0.0015364743
0.18704775 0.15363139 0.0015363139
0.18735697 0.14454465 0.0014454465
0.18766619 0.14738084 0.0014738084
0.1879754 0.15092761 0.0015092761
0.18828462 0.14651997 0.0014651997
0.18859384 0.14330492 0.0014330492
0.18890305 0.14804898 0.0014804898
0.18921226 0.14790474 0.0014790474
0.18952148 0.14086545 0.0014086545
0.18983069 0.14448884 0.0014448884
0.1901399 0.13625159 0.0013625159
0.19044911 0.14666896 0.0014666896
0.19075832 0.13959915 0.0013959915
0.19106752 0.14136284 0.0014136284
0.19137673 0.14317544 0.0014317544
0.19168593 0.13700305 0.0013700305
0.19199514 0.13332127 0.0013332127
0.19230434 0.13512502 0.0013512502
0.19261354 0.13583398 0.0013583398
0.19292274 0.13372066 0.0013372066
0.19323194 0.13784967 0.0013784967
0.19354114 0.13362528 0.0013362528
0.19385034 0.1259925 0.001259925
0.19415954 0.13053066 0.0013053066
0.19446873 0.12663698 0.0012663698
0.19477793 0.13202565 0.0013202565
0.19508712 0.13125359 0.0013125359
0.19539631 0.12865232 0.0012865232
0.1957055 0.12766423 0.0012766423
0.19601469 0.12761522 0.0012761522
0.19632388 0.12429628 0.0012429628
0.19663307 0.12592283 0.0012592283
0.19694226 0.13179845 0.0013179845
0.19725144 0.12716126 0.0012716126
0.19756063 0.1279489 0.001279489
0.19786981 0.13178925 0.0013178925
0.19817899 0.13264758 0.0013264758
0.19848818 0.14578434 0.0014578434
0.19879736 0.15800263 0.0015800263
0.19910654 0.20955647 0.0020955647
0.19941572 0.39011748 0.0039011748
0.19972489 1.0016677 0.010016677
0.20003407 2.1398266 0.021398266
0.20034324 2.493793 0.02493793
0.20065242 1.2726794 0.012726794
0.20096159 0.47361688 0.0047361688
0.20127076 0.21335469 0.0021335469
0.20157993 0.15523537 0.0015523537
0.2018891 0.13103922 0.0013103922
0.20219827 0.12483601 0.0012483601
0.20250744 0.122039 0.00122039
0.20281661 0.11279969 0.0011279969
0.20312577 0.11405312 0.0011405312
0.20343493 0.10871235 0.0010871235
0.2037441 0.10646697 0.0010646697
0.20405326 0.10291876 0.0010291876
0.20436242 0.10165889 0.0010165889
0.20467158 0.10152217 0.0010152217
0.20498074 0.09864003 0.0009864003
0.2052899 0.099140606 0.00099140606
0.20559905 0.095489324 0.00095489324
0.20590821 0.097328259 0.00097328259
0.20621736 0.099625727 0.00099625727
0.20652651 0.096296599 0.00096296599
0.20683567 0.094329689 0.00094329689
0.20714482 0.091746321 0.00091746321
0.20745397 0.092946796 0.00092946796
0.20776312 0.091723603 0.00091723603
0.20807226 0.092346685 0.00092346685
0.20838141 0.094083263 0.00094083263
0.20869055 0.092318061 0.00092318061
0.2089997 0.088621138 0.00088621138
0.20930884 0.089888937 0.00089888937
0.20961798 0.088467917 0.00088467917
0.20992712 0.090191575 0.00090191575
0.21023626 0.090361849 0.00090361849
0.2105454 0.084124654 0.00084124654
0.21085454 0.088769278 0.00088769278
0.21116367 0.087537897 0.00087537897
0.21147281 0.086037786 0.00086037786
0.21178194 0.080911605 0.00080911605
0.21209107 0.083513212 0.00083513212
0.21240021 0.083028753 0.00083028753
0.21270934 0.082099595 0.00082099595
0.21301846 0.079165621 0.00079165621
0.21332759 0.084337048 0.00084337048
0.21363672 0.079185804 0.00079185804
0.21394584 0.072042016 0.00072042016
0.21425497 0.081427411 0.00081427411
0.21456409 0.08086761 0.0008086761
0.21487321 0.075498054 0.00075498054
0.21518234 0.075567704 0.00075567704
0.21549145 0.079039142 0.00079039142
0.21580057 0.074642224 0.00074642224
0.21610969 0.078725416 0.00078725416
0.21641881 0.0727483 0.000727483
0.21672792 0.072338567 0.00072338567
0.21703704 0.076978277 0.00076978277
0.21734615 0.074131385 0.00074131385
0.21765526 0.072521751 0.00072521751
0.21796437 0.069345952 0.00069345952
0.21827348 0.072898024 0.00072898024
0.21858259 0.069063249 0.00069063249
0.21889169 0.069508396 0.00069508396
0.2192008 0.069102133 0.00069102133
0.2195099 0.074795832 0.00074795832
0.21981901 0.070029011 0.00070029011
0.22012811 0.071603621 0.00071603621
0.22043721 0.073278699 0.00073278699
0.22074631 0.069993859 0.00069993859
0.22105541 0.071495861 0.00071495861
0.2213645 0.067196388 0.00067196388
0.2216736 0.065854505 0.00065854505
0.22198269 0.065126963 0.00065126963
0.22229179 0.067002923 0.00067002923
0.22260088 0.06752621 0.0006752621
0.22290997 0.065811471 0.00065811471
0.22321906 0.068770141 0.00068770141
0.22352815 0.064908581 0.00064908581
0.22383724 0.065408958 0.00065408958
0.22414632 0.068023342 0.00068023342
0.22445541 0.06989642 0.0006989642
0.22476449 0.074551105 0.00074551105
0.22507357 0.079840655 0.00079840655
0.22538265 0.12571229 0.0012571229
0.22569174 0.27776684 0.0027776684
0.22600081 0.6404747 0.006404747
0.22630989 0.64715707 0.0064715707
0.22661897 0.28924674 0.0028924674
0.22692804 0.11974228 0.0011974228
0.22723712 0.078128285 0.00078128285
0.22754619 0.069816804 0.00069816804
0.22785526 0.062614577 0.00062614577
0.22816433 0.057754848 0.00057754848
0.2284734 0.063581501 0.00063581501
0.22878247 0.058102188 0.00058102188
0.22909153 0.059179858 0.00059179858
0.2294006 0.06933058 0.0006933058
0.22970966 0.069318187 0.00069318187
0.23001873 0.080259825 0.00080259825
0.23032779 0.062318778 0.00062318778
0.23063685 0.054848728 0.00054848728
0.23094591 0.058292577 0.00058292577
0.23125496 0.053629106 0.00053629106
0.23156402 0.055208114 0.00055208114
0.23187308 0.052404926 0.00052404926
0.23218213 0.051409813 0.00051409813
0.23249118 0.051738971 0.00051738971
0.23280023 0.054741341 0.00054741341
0.23310928 0.048583788 0.00048583788
0.23341833 0.048452297 0.00048452297
0.23372738 0.04713025 0.0004713025
0.23403643 0.050123261 0.00050123261
0.23434547 0.047692087 0.00047692087
0.23465451 0.045559086 0.00045559086
0.23496356 0.046250816 0.00046250816
0.2352726 0.048248112 0.00048248112
0.23558164 0.048484429 0.00048484429
0.23589068 0.051038842 0.00051038842
0.23619971 0.049661277 0.00049661277
0.23650875 0.047140238 0.00047140238
0.23681778 0.048619959 0.00048619959
0.23712682 0.047855389 0.00047855389
0.23743585 0.05143412 0.0005143412
0.23774488 0.04561079 0.0004561079
0.23805391 0.04656726 0.0004656726
0.23836294 0.047450575 0.00047450575
0.23867197 0.046820034 0.00046820034
0.23898099 0.053287834 0.00053287834
0.23929002 0.047982334 0.00047982334
0.23959904 0.04070123 0.0004070123
0.23990806 0.044768125 0.00044768125
0.24021708 0.043502635 0.00043502635
0.2405261 0.043146676 0.00043146676
0.24083512 0.044817651 0.00044817651
0.24114413 0.047837579 0.00047837579
0.24145315 0.045203805 0.00045203805
0.24176216 0.048767171 0.00048767171
0.24207118 0.057793861 0.00057793861
0.24238019 0.072877625 0.00072877625
0.2426892 0.12757243 0.0012757243
0.24299821 0.32755188 0.0032755188
0.24330721 0.65398052 0.0065398052
0.24361622 0.66421123 0.0066421123
0.24392522 0.34706446 0.0034706446
0.24423423 0.12340692 0.0012340692
0.24454323 0.06626155 0.0006626155
0.24485223 0.048772156 0.00048772156
0.24516123 0.042754134 0.00042754134
0.24547023 0.041844783 0.00041844783
0.24577922 0.037821202 0.00037821202
0.24608822 0.039736189 0.00039736189
0.24639721 0.041774952 0.00041774952
0.24670621 0.037048764 0.00037048764
0.2470152 0.036035594 0.00036035594
0.24732419 0.035582088 0.00035582088
0.24763318 0.035294664 0.00035294664
0.24794216 0.035418153 0.00035418153
0.24825115 0.042546354 0.00042546354
0.24856013 0.032910715 0.00032910715
0.24886912 0.041880517 0.00041880517
0.2491781 0.039968448 0.00039968448
0.24948708 0.039284375 0.00039284375
0.24979606 0.033090457 0.00033090457
0.25010504 0.038137576 0.00038137576
0.25041401 0.032683779 0.00032683779
0.25072299 0.02869922 0.0002869922
0.25103196 0.037875609 0.00037875609
0.25134093 0.037170103 0.00037170103
0.2516499 0.047537928 0.00047537928
0.25195887 0.067049106 0.00067049106
0.25226784 0.14003293 0.0014003293
0.25257681 0.36033872 0.0036033872
0.25288577 0.55909192 0.0055909192
0.25319474 0.33095418 0.0033095418
0.2535037 0.11256149 0.0011256149
0.25381266 0.057636886 0.00057636886
0.25412162 0.043824415 0.00043824415
0.25443058 0.036172144 0.00036172144
0.25473954 0.030284862 0.00030284862
0.25504849 0.030685802 0.00030685802
0.25535745 0.032230173 0.00032230173
0.2556664 0.036901059 0.00036901059
0.25597535 0.031167404 0.00031167404
0.2562843 0.033543486 0.00033543486
0.25659325 0.028784845 0.00028784845
0.2569022 0.029552305 0.00029552305
0.25721115 0.02923331 0.0002923331
0.25752009 0.032902379 0.00032902379
0.25782903 0.027708517 0.00027708517
0.25813798 0.02573944 0.0002573944
0.25844692 0.027640825 0.00027640825
0.25875585 0.02908902 0.0002908902
0.25906479 0.029893178 0.00029893178
0.25937373 0.026849567 0.00026849567
0.25968266 0.027862016 0.00027862016
0.2599916 0.03061729 0.0003061729
0.26030053 0.027074194 0.00027074194
0.26060946 0.027220998 0.00027220998
0.26091839 0.026430579 0.00026430579
0.26122732 0.022764451 0.00022764451
0.26153624 0.023792707 0.00023792707
0.26184517 0.025857555 0.00025857555
0.26215409 0.023589935 0.00023589935
0.26246301 0.031393996 0.00031393996
0.26277193 0.02191092 0.0002191092
0.26308085 0.020468225 0.00020468225
0.26338977 0.028342027 0.00028342027
0.26369869 0.023880864 0.00023880864
0.2640076 0.023138717 0.00023138717
0.26431651 0.023009675 0.00023009675
0.26462543 0.024897739 0.00024897739
0.26493434 0.02696944 0.0002696944
0.26524325 0.026308575 0.00026308575
0.26555215 0.022942539 0.00022942539
0.26586106 0.023501696 0.00023501696
0.26616996 0.029271824 0.00029271824
0.26647887 0.020992787 0.00020992787
0.26678777 0.019949809 0.00019949809
0.26709667 0.023093012 0.00023093012
0.26740557 0.021275969 0.00021275969
0.26771447 0.018375442 0.00018375442
0.26802336 0.020039224 0.00020039224
0.26833226 0.019428632 0.00019428632
0.26864115 0.021956825 0.00021956825
0.26895004 0.021878783 0.00021878783
0.26925893 0.01717452 0.0001717452
0.26956782 0.020324955 0.00020324955
0.26987671 0.017619408 0.00017619408
0.27018559 0.018380052 0.00018380052
0.27049448 0.020866653 0.00020866653
0.27080336 0.027015485 0.00027015485
0.27111224 0.020740604 0.00020740604
0.27142112 0.018879882 0.00018879882
0.27173 0.017678499 0.00017678499
0.27203888 0.020507079 0.00020507079
0.27234775 0.024134974 0.00024134974
0.27265663 0.021170355 0.00021170355
0.2729655 0.022030205 0.00022030205
0.27327437 0.023273033 0.00023273033
0.27358324 0.017645353 0.00017645353
0.27389211 0.024073955 0.00024073955
0.27420098 0.020490125 0.00020490125
0.27450984 0.026166017 0.00026166017
0.2748187 0.022544848 0.00022544848
0.27512757 0.022489603 0.00022489603
0.27543643 0.027124007 0.00027124007
0.27574529 0.014094754 0.00014094754
0.27605414 0.018062332 0.00018062332
0.276363 0.019950213 0.00019950213
0.27667185 0.021876402 0.00021876402
0.27698071 0.020090944 0.00020090944
0.27728956 0.023867274 0.00023867274
0.27759841 0.026290227 0.00026290227
0.27790726 0.027917818 0.00027917818
0.2782161 0.032632407 0.00032632407
0.27852495 0.035384691 0.00035384691
0.27883379 0.050434773 0.00050434773
0.27914264 0.089933788 0.00089933788
0.27945148 0.24039262 0.0024039262
0.27976032 0.73597711 0.0073597711
0.28006915 1.7734489 0.017734489
0.28037799 1.3804466 0.013804466
0.28068683 0.3816922 0.003816922
0.28099566 0.11569287 0.0011569287
0.28130449 0.058140041 0.00058140041
0.28161332 0.031937469 0.00031937469
0.28192215 0.027214315 0.00027214315
0.28223098 0.02441366 0.0002441366
0.2825398 0.026351363 0.00026351363
0.28284863 0.017642048 0.00017642048
0.28315745 0.01343972 0.0001343972
0.28346627 0.014305356 0.00014305356
0.28377509 0.018889748 0.00018889748
0.28408391 0.017256375 0.00017256375
0.28439272 0.0090145306 9.0145306e-05
0.28470154 0.0082823287 8.2823287e-05
0.28501035 0.010473583 0.00010473583
0.28531916 0.0095913617 9.5913617e-05
0.28562797 0.0090568576 9.0568576e-05
0.28593678 0.0072735423 7.2735423e-05
0.28624559 0.012196189 0.00012196189
0.2865544 0.014502029 0.00014502029
0.2868632 0.013442377 0.00013442377
0.287172 0.013480673 0.00013480673
0.2874808 0.035573563 0.00035573563
0.2877896 0.09598231 0.0009598231
0.2880984 0.2947239 0.002947239
0.2884072 0.48958076 0.0048958076
0.28871599 0.20749121 0.0020749121
0.28902478 0.058221916 0.00058221916
0.28933358 0.02415815 0.0002415815
0.28964237 0.018692685 0.00018692685
0.28995115 0.02 0.0002
0.29025994 0.015695103 0.00015695103
0.29056873 0.012420983 0.00012420983
0.29087751 0.01472127 0.0001472127
0.29118629 0.02428273 0.0002428273
0.29149507 0.016637421 0.00016637421
0.29180385 0.018721994 0.00018721994
0.29211263 0.0081148773 8.1148773e-05
0.2924214 0.0056718787 5.6718787e-05
0.29273018 0.0047782617 4.7782617e-05
0.29303895 0.0062647475 6.2647475e-05
0.29334772 0.0095983306 9.5983306e-05
0.29365649 0.0063944806 6.3944806e-05
0.29396526 0.007370846 7.370846e-05
0.29427402 0.00376466 3.76466e-05
0.29458279 0.0041907792 4.1907792e-05
0.29489155 0.0054093086 5.4093086e-05
0.29520031 0.0081156088 8.1156088e-05
0.29550907 0.010324914 0.00010324914
0.29581783 0.011748212 0.00011748212
0.29612659 0.0053360259 5.3360259e-05
0.29643534 0.0037306005 3.7306005e-05
0.2967441 0.0012795852 1.2795852e-05
0.29705285 0.0072550731 7.2550731e-05
0.2973616 0.0058214826 5.8214826e-05
0.29767035 0.0065574377 6.5574377e-05
0.29797909 0.0033436124 3.3436124e-05
0.29828784 0.011312745 0.00011312745
0.29859658 0.0055239305 5.5239305e-05
0.29890532 0.0066600527 6.6600527e-05
0.29921406 0.0081908599 8.1908599e-05
0.2995228 0.0052708401 5.2708401e-05
0.29983154 0.0071540442 7.1540442e-05
