0.010027023 0 1e-06
0.010059664 0 1e-06
0.010268595 0 1e-06
0.010369191 0 1e-06
0.010515988 0 1e-06
0.010678719 0 1e-06
0.010769341 0 1e-06
0.010988246 0 1e-06
0.011028797 0 1e-06
0.011294505 0 1e-06
0.011297773 0 1e-06
0.011566613 0 1e-06
0.0116073 0 1e-06
0.011845278 0 1e-06
0.011916828 0 1e-06
0.012130656 0 1e-06
0.012226355 0 1e-06
0.01242291 0 1e-06
0.012535882 0 1e-06
0.012722205 0.018557021 0.00018557021
0.012845409 0.044444075 0.00044444075
0.01302871 0.064337519 0.00064337519
0.013154936 0.079263909 0.00079263909
0.0133426 0.13285056 0.0013285056
0.013464463 0.16684712 0.0016684712
0.013664051 0.18852612 0.0018852612
0.013773989 0.19941987 0.0019941987
0.013993248 0.22355164 0.0022355164
0.014083516 0.23335392 0.0023335392
0.014330375 0.25621968 0.0025621968
0.014393043 0.26270948 0.0026270948
0.014675625 0.31617804 0.0031617804
0.014702569 0.32074847 0.0032074847
0.015012096 0.32753923 0.0032753923
0.015029192 0.32922846 0.0032922846
0.015321622 0.36059299 0.0036059299
0.015391278 0.36413509 0.0036413509
0.015631148 0.37525163 0.0037525163
0.015762087 0.38851461 0.0038851461
0.015940675 0.40772388 0.0040772388
0.01614183 0.43010391 0.0043010391
0.016250201 0.44113209 0.0044113209
0.016530721 0.44702145 0.0044702145
0.016559727 0.44816066 0.0044816066
0.016869253 0.51406149 0.0051406149
0.016928982 0.51512729 0.0051512729
0.017178779 0.51486333 0.0051486333
0.017336837 0.53132239 0.0053132239
0.017488304 0.54682655 0.0054682655
0.017754519 0.54291602 0.0054291602
0.01779783 0.54237673 0.0054237673
0.018107355 0.55250422 0.0055250422
0.018182263 0.56157826 0.0056157826
0.018416881 0.58975927 0.0058975927
0.018620313 0.57749107 0.0057749107
0.018726406 0.5712526 0.005712526
0.019035932 0.59632607 0.0059632607
0.019068917 0.59846391 0.0059846391
0.019345457 0.616409 0.00616409
0.019528328 0.62057915 0.0062057915
0.019654982 0.62372762 0.0062372762
0.019964507 0.64856088 0.0064856088
0.019998807 0.64992369 0.0064992369
0.020274032 0.65975516 0.0065975516
0.020480622 0.66667728 0.0066667728
0.020583556 0.67028681 0.0067028681
0.020893081 0.68292017 0.0068292017
0.020974044 0.68908524 0.0068908524
0.021202605 0.70605493 0.0070605493
0.021479354 0.70546552 0.0070546552
0.02151213 0.7054549 0.007054549
0.021821654 0.72820658 0.0072820658
0.021996838 0.72900409 0.0072900409
0.022131178 0.72884888 0.0072884888
0.022440702 0.72748001 0.0072748001
0.022526789 0.73200468 0.0073200468
0.022750226 0.74347444 0.0074347444
0.02305975 0.73055949 0.0073055949
0.023069508 0.7306227 0.007306227
0.023369274 0.73391103 0.0073391103
0.023625302 0.7465527 0.007465527
0.023678797 0.74895242 0.0074895242
0.023988321 0.75124101 0.0075124101
0.024194486 0.74487654 0.0074487654
0.024297844 0.74189976 0.0074189976
0.024607367 0.75643138 0.0075643138
0.024777383 0.75169703 0.0075169703
0.02491689 0.74784377 0.0074784377
0.025226413 0.76461684 0.0076461684
0.025374324 0.75967195 0.0075967195
0.025535936 0.75452966 0.0075452966
0.025845458 0.77849486 0.0077849486
0.025985646 0.77488593 0.0077488593
0.026154981 0.77035371 0.0077035371
0.026464503 0.78127007 0.0078127007
0.026611696 0.78593007 0.0078593007
0.026774025 0.79073351 0.0079073351
0.027083547 0.78346603 0.0078346603
0.027252829 0.78796701 0.0078796701
0.027393069 0.7921141 0.007921141
0.027702591 0.79620218 0.0079620218
0.027909409 0.80389189 0.0080389189
0.028012112 0.80707861 0.0080707861
0.028321634 0.80192681 0.0080192681
0.028581806 0.79116324 0.0079116324
0.028631155 0.7893196 0.007893196
0.028940676 0.80585956 0.0080585956
0.029250197 0.79728876 0.0079728876
0.029270403 0.79748791 0.0079748791
0.029559718 0.8009347 0.008009347
0.029869238 0.81183178 0.0081183178
0.02997559 0.81424393 0.0081424393
0.030178759 0.81825471 0.0081825471
0.030488279 0.82080464 0.0082080464
0.030697767 0.81668493 0.0081668493
0.030797799 0.81473029 0.0081473029
0.031107319 0.82033203 0.0082033203
0.031416839 0.81997691 0.0081997691
0.031437342 0.81982014 0.0081982014
0.031726359 0.81733211 0.0081733211
0.032035878 0.81930382 0.0081930382
0.032194735 0.81797422 0.0081797422
0.032345397 0.81672223 0.0081672223
0.032654916 0.81726626 0.0081726626
0.032964435 0.81621488 0.0081621488
0.032970376 0.81642863 0.0081642863
0.033273954 0.82762391 0.0082762391
0.033583473 0.82498864 0.0082498864
0.033764703 0.8199071 0.008199071
0.033892991 0.81602606 0.0081602606
0.034202509 0.8199675 0.008199675
0.034512027 0.80904797 0.0080904797
0.034578168 0.81097789 0.0081097789
0.034821545 0.81906512 0.0081906512
0.035131063 0.82749252 0.0082749252
0.03541123 0.8252663 0.008252663
0.03544058 0.82494811 0.0082494811
0.035750097 0.81781813 0.0081781813
0.036059614 0.818926 0.00818926
0.036264363 0.82286156 0.0082286156
0.036369131 0.82490325 0.0082490325
0.036678648 0.8237249 0.008237249
0.036988164 0.82540119 0.0082540119
0.037138049 0.82199146 0.0082199146
0.03729768 0.81849244 0.0081849244
0.037607196 0.82299376 0.0082299376
0.037916712 0.82353601 0.0082353601
0.038032785 0.82630448 0.0082630448
0.038226228 0.83050448 0.0083050448
0.038535743 0.81578429 0.0081578429
0.038845259 0.81890977 0.0081890977
0.038949077 0.81704265 0.0081704265
0.039154774 0.8137187 0.008137187
0.039464288 0.81271944 0.0081271944
0.039773803 0.82083743 0.0082083743
0.039887444 0.81955918 0.0081955918
0.040083317 0.81697845 0.0081697845
0.040392831 0.82071376 0.0082071376
0.040702345 0.81576445 0.0081576445
0.040848418 0.80917183 0.0080917183
0.041011859 0.80206503 0.0080206503
0.041321372 0.8129263 0.008129263
0.041630886 0.80854448 0.0080854448
0.041832544 0.80993534 0.0080993534
0.041940399 0.81059028 0.0081059028
0.042249911 0.80413365 0.0080413365
0.042559424 0.81128163 0.0081128163
0.04284038 0.80491296 0.0080491296
0.042868936 0.80427872 0.0080427872
0.043178448 0.79990636 0.0079990636
0.04348796 0.80313775 0.0080313775
0.043797472 0.80264987 0.0080264987
0.043872497 0.80312372 0.0080312372
0.044106983 0.80470625 0.0080470625
0.044416494 0.80651576 0.0080651576
0.044726005 0.79743171 0.0079743171
0.04492948 0.80449005 0.0080449005
0.045035516 0.8079901 0.008079901
0.045345026 0.80607635 0.0080607635
0.045654536 0.7959518 0.007959518
0.045964046 0.79385762 0.0079385762
0.046011928 0.79314904 0.0079314904
0.046273556 0.78953418 0.0078953418
0.046583065 0.79710642 0.0079710642
0.046892575 0.78813323 0.0078813323
0.047120454 0.78918074 0.0078918074
0.047202083 0.78952982 0.0078952982
0.047511592 0.77993795 0.0077993795
0.0478211 0.78556061 0.0078556061
0.048130609 0.78405164 0.0078405164
0.048255688 0.78258303 0.0078258303
0.048440116 0.78035162 0.0078035162
0.048749624 0.78584097 0.0078584097
0.049059131 0.77515549 0.0077515549
0.049368638 0.77131776 0.0077131776
0.049418271 0.77295445 0.0077295445
0.049678145 0.78203079 0.0078203079
0.049987652 0.77423822 0.0077423822
0.050297158 0.77358986 0.0077358986
0.050606664 0.77938761 0.0077938761
0.050608864 0.7793512 0.007793512
0.05091617 0.77381603 0.0077381603
0.051225675 0.7711709 0.007711709
0.05153518 0.77355741 0.0077355741
0.05182814 0.77344813 0.0077344813
0.051844685 0.77343394 0.0077343394
0.05215419 0.76896612 0.0076896612
0.052463694 0.76506525 0.0076506525
0.052773198 0.75965266 0.0075965266
0.053076791 0.76319139 0.0076319139
0.053082702 0.7632617 0.007632617
0.053392205 0.75821424 0.0075821424
0.053701708 0.75518926 0.0075518926
0.054011211 0.75991943 0.0075991943
0.054320713 0.75403157 0.0075403157
0.054355526 0.75481356 0.0075481356
0.054630216 0.76108639 0.0076108639
0.054939718 0.7470632 0.007470632
0.055249219 0.75141567 0.0075141567
0.055558721 0.74980443 0.0074980443
0.055665067 0.74968351 0.0074968351
0.055868222 0.74925706 0.0074925706
0.056177722 0.7473997 0.007473997
0.056487223 0.74147983 0.0074147983
0.056796723 0.73754279 0.0073754279
0.057006158 0.73538228 0.0073538228
0.057106223 0.73447198 0.0073447198
0.057415722 0.7268919 0.007268919
0.057725221 0.73157182 0.0073157182
0.05803472 0.73888289 0.0073888289
0.058344219 0.73287984 0.0073287984
0.058379559 0.7325252 0.007325252
0.058653717 0.72961879 0.0072961879
0.058963215 0.72599981 0.0072599981
0.059272713 0.72300422 0.0072300422
0.05958221 0.72509704 0.0072509704
0.059786049 0.72398613 0.0072398613
0.059891707 0.723398 0.00723398
0.060201203 0.7243369 0.007243369
0.0605107 0.72255749 0.0072255749
0.060820196 0.7144689 0.007144689
0.061129691 0.71207752 0.0071207752
0.061226423 0.71407979 0.0071407979
0.061439187 0.7186262 0.007186262
0.061748681 0.71097367 0.0071097367
0.062058176 0.71557544 0.0071557544
0.06236767 0.71254326 0.0071254326
0.062677164 0.71137741 0.0071137741
0.0627015 0.71087442 0.0071087442
0.062986658 0.70451692 0.0070451692
0.063296151 0.70034604 0.0070034604
0.063605644 0.7064733 0.007064733
0.063915137 0.70183465 0.0070183465
0.064212114 0.69039053 0.0069039053
0.064224629 0.68992523 0.0068992523
0.064534121 0.69555733 0.0069555733
0.064843612 0.68732796 0.0068732796
0.065153103 0.6945373 0.006945373
0.065462594 0.69059136 0.0069059136
0.065759122 0.68413682 0.0068413682
0.065772085 0.68385475 0.0068385475
0.066081575 0.69040742 0.0069040742
0.066391064 0.68326891 0.0068326891
0.066700554 0.68390159 0.0068390159
0.067010043 0.67831159 0.0067831159
0.067319531 0.67797519 0.0067797519
0.0673434 0.67777996 0.0067777996
0.06762902 0.67537872 0.0067537872
0.067938508 0.67851414 0.0067851414
0.068247995 0.6776973 0.006776973
0.068557482 0.67246801 0.0067246801
0.068866969 0.67019865 0.0067019865
0.068965848 0.66874234 0.0066874234
0.069176455 0.6656282 0.006656282
0.069485941 0.66330931 0.0066330931
0.069795427 0.66222847 0.0066222847
0.070104912 0.65838584 0.0065838584
0.070414397 0.65780866 0.0065780866
0.070627384 0.65878294 0.0065878294
0.070723882 0.6591671 0.006591671
0.071033366 0.65235447 0.0065235447
0.07134285 0.65344225 0.0065344225
0.071652333 0.64652759 0.0064652759
0.071961816 0.6444398 0.006444398
0.072271298 0.64185962 0.0064185962
0.072328949 0.64155087 0.0064155087
0.07258078 0.64040357 0.0064040357
0.072890262 0.64145516 0.0064145516
0.073199744 0.64356366 0.0064356366
0.073509225 0.63510444 0.0063510444
0.073818705 0.63455763 0.0063455763
0.074071509 0.6336247 0.006336247
0.074128185 0.63339141 0.0063339141
0.074437665 0.62754286 0.0062754286
0.074747144 0.62945834 0.0062945834
0.075056623 0.62692451 0.0062692451
0.075366102 0.62422589 0.0062422589
0.07567558 0.6228459 0.006228459
0.075856051 0.62024247 0.0062024247
0.075985058 0.61838508 0.0061838508
0.076294535 0.61528641 0.0061528641
0.076604012 0.61898139 0.0061898139
0.076913488 0.61664244 0.0061664244
0.077222964 0.61071292 0.0061071292
0.07753244 0.60741457 0.0060741457
0.077683587 0.60685329 0.0060685329
0.077841915 0.60626001 0.0060626001
0.07815139 0.60624494 0.0060624494
0.078460864 0.60236533 0.0060236533
0.078770338 0.59639608 0.0059639608
0.079079812 0.59745711 0.0059745711
0.079389285 0.59747795 0.0059747795
0.079555152 0.59276474 0.0059276474
0.079698757 0.58874618 0.0058874618
0.080008229 0.59085089 0.0059085089
0.080317701 0.58931042 0.0058931042
0.080627172 0.58845243 0.0058845243
0.080936643 0.5855168 0.005855168
0.081246114 0.58360071 0.0058360071
0.081471807 0.5840992 0.005840992
0.081555584 0.58424299 0.0058424299
0.081865053 0.58066296 0.0058066296
0.082174522 0.57950026 0.0057950026
0.082483991 0.5738998 0.005738998
0.082793459 0.57179946 0.0057179946
0.083102927 0.56970436 0.0056970436
0.083412394 0.56857853 0.0056857853
0.083434638 0.56847683 0.0056847683
0.083721861 0.56720849 0.0056720849
0.084031327 0.56318921 0.0056318921
0.084340793 0.56120321 0.0056120321
0.084650259 0.55680191 0.0055680191
0.084959724 0.55401931 0.0055401931
0.085269188 0.55263556 0.0055263556
0.085444758 0.55468762 0.0055468762
0.085578652 0.55622717 0.0055622717
0.085888116 0.55121488 0.0055121488
0.086197579 0.54724494 0.0054724494
0.086507042 0.54530815 0.0054530815
0.086816504 0.54260015 0.0054260015
0.087125966 0.54108736 0.0054108736
0.087435427 0.53793272 0.0053793272
0.087503306 0.53782438 0.0053782438
0.087744888 0.53748688 0.0053748688
0.088054348 0.53372965 0.0053372965
0.088363808 0.53401423 0.0053401423
0.088673267 0.5304744 0.005304744
0.088982726 0.52923946 0.0052923946
0.089292184 0.53033042 0.0053033042
0.089601642 0.52357945 0.0052357945
0.089611449 0.5235054 0.005235054
0.089911099 0.52125862 0.0052125862
0.090220556 0.52021715 0.0052021715
0.090530013 0.51970887 0.0051970887
0.090839469 0.5155533 0.005155533
0.091148924 0.51400758 0.0051400758
0.091458379 0.51276284 0.0051276284
0.091767833 0.50964162 0.0050964162
0.091770381 0.5096435 0.005096435
0.092077287 0.50983675 0.0050983675
0.092386741 0.5045474 0.005045474
0.092696194 0.50217138 0.0050217138
0.093005646 0.50161447 0.0050161447
0.093315098 0.50080109 0.0050080109
0.093624549 0.49573008 0.0049573008
0.093934 0.49424805 0.0049424805
0.093981327 0.49376838 0.0049376838
0.09424345 0.49109452 0.0049109452
0.0945529 0.49087443 0.0049087443
0.09486235 0.48636437 0.0048636437
0.095171798 0.48450682 0.0048450682
0.095481247 0.48143577 0.0048143577
0.095790694 0.47854306 0.0047854306
0.096100142 0.47758421 0.0047758421
0.09624554 0.47644111 0.0047644111
0.096409588 0.47516447 0.0047516447
0.096719035 0.47373429 0.0047373429
0.09702848 0.47524364 0.0047524364
0.097337925 0.47021498 0.0047021498
0.09764737 0.46747674 0.0046747674
0.097956814 0.46999696 0.0046999696
0.098266257 0.4655803 0.004655803
0.098564302 0.46002274 0.0046002274
0.0985757 0.45981271 0.0045981271
0.098885143 0.45836818 0.0045836818
0.099194585 0.45729357 0.0045729357
0.099504026 0.45597191 0.0045597191
0.099813467 0.45504274 0.0045504274
0.10012291 0.44981394 0.0044981394
0.10043235 0.44966492 0.0044966492
0.10074179 0.44724714 0.0044724714
0.10093893 0.4468235 0.004468235
0.10105122 0.44655591 0.0044655591
0.10136066 0.4422301 0.004422301
0.1016701 0.43767292 0.0043767292
0.10197954 0.44047152 0.0044047152
0.10228897 0.43542498 0.0043542498
0.10259841 0.43484857 0.0043484857
0.10290785 0.43392701 0.0043392701
0.10321728 0.43129965 0.0043129965
0.10337076 0.42935238 0.0042935238
0.10352671 0.42739258 0.0042739258
0.10383615 0.42430717 0.0042430717
0.10414558 0.42752911 0.0042752911
0.10445501 0.41897276 0.0041897276
0.10476445 0.41829251 0.0041829251
0.10507388 0.42271558 0.0042271558
0.10538331 0.41551016 0.0041551016
0.10569274 0.41230466 0.0041230466
0.10586119 0.41355141 0.0041355141
0.10600217 0.41459073 0.0041459073
0.1063116 0.40823651 0.0040823651
0.10662102 0.40697448 0.0040697448
0.10693045 0.40827894 0.0040827894
0.10723988 0.40317131 0.0040317131
0.10754931 0.40239895 0.0040239895
0.10785873 0.40059715 0.0040059715
0.10816816 0.39994052 0.0039994052
0.10841161 0.39683483 0.0039683483
0.10847758 0.39598944 0.0039598944
0.10878701 0.39612243 0.0039612243
0.10909643 0.39244705 0.0039244705
0.10940585 0.38919449 0.0038919449
0.10971528 0.38596504 0.0038596504
0.1100247 0.38323718 0.0038323718
0.11033412 0.38136662 0.0038136662
0.11064354 0.38160822 0.0038160822
0.11095296 0.37929005 0.0037929005
0.11102348 0.37865922 0.0037865922
0.11126238 0.37651585 0.0037651585
0.1115718 0.37252304 0.0037252304
0.11188122 0.37302798 0.0037302798
0.11219064 0.36899456 0.0036899456
0.11250005 0.36707378 0.0036707378
0.11280947 0.36599631 0.0036599631
0.11311889 0.36497528 0.0036497528
0.1134283 0.36207736 0.0036207736
0.11369828 0.35958626 0.0035958626
0.11373772 0.35923824 0.0035923824
0.11404713 0.35990083 0.0035990083
0.11435654 0.35879985 0.0035879985
0.11466596 0.35496369 0.0035496369
0.11497537 0.35585435 0.0035585435
0.11528478 0.35532623 0.0035532623
0.11559419 0.34813898 0.0034813898
0.1159036 0.3485707 0.003485707
0.11621301 0.34792401 0.0034792401
0.11643751 0.34776368 0.0034776368
0.11652242 0.34766757 0.0034766757
0.11683183 0.34220706 0.0034220706
0.11714124 0.34147061 0.0034147061
0.11745064 0.33817658 0.0033817658
0.11776005 0.33787402 0.0033787402
0.11806945 0.33521844 0.0033521844
0.11837886 0.33382456 0.0033382456
0.11868826 0.33102055 0.0033102055
0.11899767 0.3284846 0.003284846
0.11924274 0.32746135 0.0032746135
0.11930707 0.3271998 0.003271998
0.11961647 0.32612924 0.0032612924
0.11992588 0.32267041 0.0032267041
0.12023528 0.32456253 0.0032456253
0.12054468 0.31985447 0.0031985447
0.12085408 0.31679774 0.0031679774
0.12116348 0.31564368 0.0031564368
0.12147288 0.31415463 0.0031415463
0.12178227 0.31225496 0.0031225496
0.12209167 0.30894197 0.0030894197
0.12211556 0.30887536 0.0030887536
0.12240107 0.30813401 0.0030813401
0.12271046 0.30789038 0.0030789038
0.12301986 0.30773878 0.0030773878
0.12332925 0.30531053 0.0030531053
0.12363865 0.30106427 0.0030106427
0.12394804 0.30185465 0.0030185465
0.12425743 0.29878232 0.0029878232
0.12456683 0.29637567 0.0029637567
0.12487622 0.29485215 0.0029485215
0.12505758 0.29379132 0.0029379132
0.12518561 0.29304291 0.0029304291
0.125495 0.29128133 0.0029128133
0.12580439 0.28855116 0.0028855116
0.12611377 0.28863541 0.0028863541
0.12642316 0.28750993 0.0028750993
0.12673255 0.28335739 0.0028335739
0.12704194 0.28327771 0.0028327771
0.12735132 0.27929565 0.0027929565
0.12766071 0.27873079 0.0027873079
0.12797009 0.27964446 0.0027964446
0.12807049 0.27843146 0.0027843146
0.12827947 0.27589211 0.0027589211
0.12858886 0.27518541 0.0027518541
0.12889824 0.27560655 0.0027560655
0.12920762 0.27330131 0.0027330131
0.129517 0.26904899 0.0026904899
0.12982638 0.26805102 0.0026805102
0.13013576 0.26679767 0.0026679767
0.13044514 0.26486322 0.0026486322
0.13075452 0.2620507 0.002620507
0.1310639 0.26156905 0.0026156905
0.13115598 0.26120156 0.0026120156
0.13137327 0.26033245 0.0026033245
0.13168265 0.25868447 0.0025868447
0.13199202 0.25938295 0.0025938295
0.1323014 0.25557702 0.0025557702
0.13261077 0.25368747 0.0025368747
0.13292015 0.25314947 0.0025314947
0.13322952 0.24844646 0.0024844646
0.13353889 0.24877205 0.0024877205
0.13384826 0.24495827 0.0024495827
0.13415763 0.24419411 0.0024419411
0.13431581 0.24336187 0.0024336187
0.134467 0.24258789 0.0024258789
0.13477637 0.24145051 0.0024145051
0.13508574 0.24088175 0.0024088175
0.1353951 0.23678688 0.0023678688
0.13570447 0.23719714 0.0023719714
0.13601383 0.23532594 0.0023532594
0.1363232 0.23668306 0.0023668306
0.13663256 0.23539248 0.0023539248
0.13694193 0.23193257 0.0023193257
0.13725129 0.23098046 0.0023098046
0.13755177 0.2283135 0.002283135
0.13756065 0.22823432 0.0022823432
0.13787001 0.22867923 0.0022867923
0.13817937 0.22503559 0.0022503559
0.13848873 0.22735734 0.0022735734
0.13879809 0.22446724 0.0022446724
0.13910745 0.21939947 0.0021939947
0.13941681 0.22015696 0.0022015696
0.13972616 0.21915742 0.0021915742
0.14003552 0.21686398 0.0021686398
0.14034488 0.21530667 0.0021530667
0.14065423 0.21200974 0.0021200974
0.14086569 0.21193001 0.0021193001
0.14096358 0.21190745 0.0021190745
0.14127294 0.21288585 0.0021288585
0.14158229 0.21219766 0.0021219766
0.14189164 0.20967638 0.0020967638
0.14220099 0.2075283 0.002075283
0.14251034 0.20530342 0.0020530342
0.14281969 0.20288771 0.0020288771
0.14312904 0.20386518 0.0020386518
0.14343838 0.20410252 0.0020410252
0.14374773 0.20089643 0.0020089643
0.14405708 0.20002733 0.0020002733
0.14425945 0.19865607 0.0019865607
0.14436642 0.1979238 0.001979238
0.14467577 0.19700257 0.0019700257
0.14498511 0.1962088 0.001962088
0.14529445 0.19323958 0.0019323958
0.14560379 0.19212068 0.0019212068
0.14591314 0.18982509 0.0018982509
0.14622248 0.19048314 0.0019048314
0.14653182 0.18905636 0.0018905636
0.14684115 0.18642143 0.0018642143
0.14715049 0.18568848 0.0018568848
0.14745983 0.18510957 0.0018510957
0.14773497 0.18336823 0.0018336823
0.14776917 0.18315592 0.0018315592
0.1480785 0.18195187 0.0018195187
0.14838784 0.18192495 0.0018192495
0.14869717 0.17972892 0.0017972892
0.1490065 0.17628657 0.0017628657
0.14931583 0.17649071 0.0017649071
0.14962517 0.17573098 0.0017573098
0.1499345 0.17425715 0.0017425715
0.15024383 0.17473425 0.0017473425
0.15055316 0.17097163 0.0017097163
0.15086248 0.17200754 0.0017200754
0.15117181 0.17095465 0.0017095465
0.15129422 0.17073874 0.0017073874
0.15148114 0.17038956 0.0017038956
0.15179046 0.16632403 0.0016632403
0.15209979 0.16506428 0.0016506428
0.15240911 0.16482555 0.0016482555
0.15271844 0.16548306 0.0016548306
0.15302776 0.16140484 0.0016140484
0.15333708 0.1622136 0.001622136
0.1536464 0.16158941 0.0016158941
0.15395572 0.16144392 0.0016144392
0.15426504 0.15710289 0.0015710289
0.15457436 0.15726307 0.0015726307
0.15488367 0.15550283 0.0015550283
0.15493922 0.15517336 0.0015517336
0.15519299 0.15370764 0.0015370764
0.15550231 0.15587485 0.0015587485
0.15581162 0.15287122 0.0015287122
0.15612093 0.15211019 0.0015211019
0.15643025 0.15059203 0.0015059203
0.15673956 0.14788965 0.0014788965
0.15704887 0.14802724 0.0014802724
0.15735818 0.14981599 0.0014981599
0.15766749 0.14647191 0.0014647191
0.1579768 0.14484637 0.0014484637
0.15828611 0.14339301 0.0014339301
0.15859542 0.14276684 0.0014276684
0.15867204 0.14324188 0.0014324188
0.15890472 0.14467432 0.0014467432
0.15921403 0.14163521 0.0014163521
0.15952333 0.14065265 0.0014065265
0.15983264 0.13956069 0.0013956069
0.16014194 0.13772618 0.0013772618
0.16045124 0.13483273 0.0013483273
0.16076054 0.13755007 0.0013755007
0.16106984 0.13535168 0.0013535168
0.16137914 0.13567401 0.0013567401
0.16168844 0.13067684 0.0013067684
0.16199774 0.13223301 0.0013223301
0.16230703 0.13151415 0.0013151415
0.16249479 0.1298843 0.001298843
0.16261633 0.12884928 0.0012884928
0.16292562 0.12969878 0.0012969878
0.16323492 0.13008204 0.0013008204
0.16354421 0.12792897 0.0012792897
0.1638535 0.12598013 0.0012598013
0.16416279 0.1253522 0.001253522
0.16447208 0.12480247 0.0012480247
0.16478137 0.1239778 0.001239778
0.16509066 0.12252615 0.0012252615
0.16539995 0.12276084 0.0012276084
0.16570924 0.12007718 0.0012007718
0.16601852 0.12097399 0.0012097399
0.16632781 0.12106992 0.0012106992
0.16640964 0.12069725 0.0012069725
0.16663709 0.11961613 0.0011961613
0.16694637 0.1172043 0.001172043
0.16725566 0.1187842 0.001187842
0.16756494 0.11396826 0.0011396826
0.16787422 0.11559725 0.0011559725
0.1681835 0.11709043 0.0011709043
0.16849278 0.11400831 0.0011400831
0.16880205 0.11052547 0.0011052547
0.16911133 0.1092745 0.001092745
0.16942061 0.11089999 0.0011089999
0.16972988 0.10980254 0.0010980254
0.17003916 0.10785979 0.0010785979
0.17034843 0.10599612 0.0010599612
0.17041881 0.10571047 0.0010571047
0.1706577 0.10479449 0.0010479449
0.17096697 0.10572584 0.0010572584
0.17127624 0.10659871 0.0010659871
0.17158551 0.10512872 0.0010512872
0.17189478 0.10214279 0.0010214279
0.17220405 0.10275159 0.0010275159
0.17251331 0.10222684 0.0010222684
0.17282258 0.10138028 0.0010138028
0.17313184 0.10037463 0.0010037463
0.17344111 0.098859908 0.00098859908
0.17375037 0.099301432 0.00099301432
0.17405963 0.09717461 0.0009717461
0.17436889 0.097482345 0.00097482345
0.17452457 0.096810603 0.00096810603
0.17467815 0.096161378 0.00096161378
0.17498741 0.095115261 0.00095115261
0.17529667 0.096107204 0.00096107204
0.17560593 0.09657438 0.0009657438
0.17591518 0.095412117 0.00095412117
0.17622444 0.0931255 0.000931255
0.17653369 0.092492716 0.00092492716
0.17684295 0.091753819 0.00091753819
0.1771522 0.091812146 0.00091812146
0.17746145 0.089994843 0.00089994843
0.1777707 0.090645096 0.00090645096
0.17807995 0.090642698 0.00090642698
0.1783892 0.090270568 0.00090270568
0.17869844 0.090666551 0.00090666551
0.17872924 0.090296005 0.00090296005
0.17900769 0.086905849 0.00086905849
0.17931694 0.087690204 0.00087690204
0.17962618 0.086890168 0.00086890168
0.17993542 0.08773183 0.0008773183
0.18024467 0.082906429 0.00082906429
0.18055391 0.087683104 0.00087683104
0.18086315 0.081831612 0.00081831612
0.18117239 0.083167991 0.00083167991
0.18148163 0.080905121 0.00080905121
0.18179086 0.080736364 0.00080736364
0.1821001 0.080584708 0.00080584708
0.18240934 0.079846697 0.00079846697
0.18271857 0.08049548 0.0008049548
0.1830278 0.079304426 0.00079304426
0.18303521 0.079279089 0.00079279089
0.18333704 0.078279459 0.00078279459
0.18364627 0.077705794 0.00077705794
0.1839555 0.077413551 0.00077413551
0.18426473 0.075675577 0.00075675577
0.18457396 0.077049258 0.00077049258
0.18488318 0.076919635 0.00076919635
0.18519241 0.074905975 0.00074905975
0.18550164 0.074788315 0.00074788315
0.18581086 0.073707086 0.00073707086
0.18612009 0.075213582 0.00075213582
0.18642931 0.072303395 0.00072303395
0.18673853 0.072549916 0.00072549916
0.18704775 0.07104945 0.0007104945
0.18735697 0.072502296 0.00072502296
0.18744492 0.071331287 0.00071331287
0.18766619 0.068394912 0.00068394912
0.1879754 0.06735246 0.0006735246
0.18828462 0.070170908 0.00070170908
0.18859384 0.068678829 0.00068678829
0.18890305 0.069233612 0.00069233612
0.18921226 0.067802367 0.00067802367
0.18952148 0.066708066 0.00066708066
0.18983069 0.067950132 0.00067950132
0.1901399 0.067165525 0.00067165525
0.19044911 0.066319753 0.00066319753
0.19075832 0.06529793 0.0006529793
0.19106752 0.062581327 0.00062581327
0.19137673 0.063760578 0.00063760578
0.19168593 0.062073829 0.00062073829
0.19196087 0.064568829 0.00064568829
0.19199514 0.064879151 0.00064879151
0.19230434 0.063302838 0.00063302838
0.19261354 0.061113628 0.00061113628
0.19292274 0.062455295 0.00062455295
0.19323194 0.062493435 0.00062493435
0.19354114 0.059148892 0.00059148892
0.19385034 0.060107887 0.00060107887
0.19415954 0.059993116 0.00059993116
0.19446873 0.059355709 0.00059355709
0.19477793 0.059664992 0.00059664992
0.19508712 0.058402854 0.00058402854
0.19539631 0.058730595 0.00058730595
0.1957055 0.060016058 0.00060016058
0.19601469 0.057552706 0.00057552706
0.19632388 0.05727779 0.0005727779
0.19658562 0.05706244 0.0005706244
0.19663307 0.057026131 0.00057026131
0.19694226 0.05841596 0.0005841596
0.19725144 0.054096393 0.00054096393
0.19756063 0.055388948 0.00055388948
0.19786981 0.055679586 0.00055679586
0.19817899 0.05566144 0.0005566144
0.19848818 0.052532004 0.00052532004
0.19879736 0.053546728 0.00053546728
0.19910654 0.051547312 0.00051547312
0.19941572 0.052696442 0.00052696442
0.19972489 0.05347584 0.0005347584
0.20003407 0.051263791 0.00051263791
0.20034324 0.053200414 0.00053200414
0.20065242 0.050717242 0.00050717242
0.20096159 0.051599409 0.00051599409
0.20127076 0.051506549 0.00051506549
0.2013218 0.051254816 0.00051254816
0.20157993 0.049977256 0.00049977256
0.2018891 0.048847248 0.00048847248
0.20219827 0.050409539 0.00050409539
0.20250744 0.050771029 0.00050771029
0.20281661 0.047845754 0.00047845754
0.20312577 0.049861071 0.00049861071
0.20343493 0.047760651 0.00047760651
0.2037441 0.047962788 0.00047962788
0.20405326 0.049006236 0.00049006236
0.20436242 0.047727738 0.00047727738
0.20467158 0.046806448 0.00046806448
0.20498074 0.046809986 0.00046809986
0.2052899 0.043560323 0.00043560323
0.20559905 0.046683904 0.00046683904
0.20590821 0.045779897 0.00045779897
0.20617207 0.044746651 0.00044746651
0.20621736 0.044571544 0.00044571544
0.20652651 0.045159878 0.00045159878
0.20683567 0.045059642 0.00045059642
0.20714482 0.044806997 0.00044806997
0.20745397 0.044584767 0.00044584767
0.20776312 0.044116401 0.00044116401
0.20807226 0.045009046 0.00045009046
0.20838141 0.043161639 0.00043161639
0.20869055 0.042383893 0.00042383893
0.2089997 0.041679208 0.00041679208
0.20930884 0.042855095 0.00042855095
0.20961798 0.042916937 0.00042916937
0.20992712 0.042182195 0.00042182195
0.21023626 0.040065069 0.00040065069
0.2105454 0.044236091 0.00044236091
0.21085454 0.042439772 0.00042439772
0.2111392 0.039819447 0.00039819447
0.21116367 0.039597539 0.00039597539
0.21147281 0.040099865 0.00040099865
0.21178194 0.040408543 0.00040408543
0.21209107 0.041822327 0.00041822327
0.21240021 0.038047971 0.00038047971
0.21270934 0.0400549 0.000400549
0.21301846 0.039976538 0.00039976538
0.21332759 0.038661154 0.00038661154
0.21363672 0.039888808 0.00039888808
0.21394584 0.038953237 0.00038953237
0.21425497 0.038340502 0.00038340502
0.21456409 0.039001954 0.00039001954
0.21487321 0.037362341 0.00037362341
0.21518234 0.039540355 0.00039540355
0.21549145 0.038380776 0.00038380776
0.21580057 0.037251421 0.00037251421
0.21610969 0.039839155 0.00039839155
0.216226 0.039609583 0.00039609583
0.21641881 0.03920048 0.0003920048
0.21672792 0.036945633 0.00036945633
0.21703704 0.036414667 0.00036414667
0.21734615 0.036316684 0.00036316684
0.21765526 0.034987866 0.00034987866
0.21796437 0.036753076 0.00036753076
0.21827348 0.035701579 0.00035701579
0.21858259 0.037108574 0.00037108574
0.21889169 0.036332703 0.00036332703
0.2192008 0.035182149 0.00035182149
0.2195099 0.034718011 0.00034718011
0.21981901 0.036325265 0.00036325265
0.22012811 0.033983531 0.00033983531
0.22043721 0.033318399 0.00033318399
0.22074631 0.034896603 0.00034896603
0.22105541 0.032329973 0.00032329973
0.2213645 0.034603694 0.00034603694
0.22143535 0.03404436 0.0003404436
0.2216736 0.032180803 0.00032180803
0.22198269 0.033691711 0.00033691711
0.22229179 0.032742433 0.00032742433
0.22260088 0.032733732 0.00032733732
0.22290997 0.033273576 0.00033273576
0.22321906 0.033450722 0.00033450722
0.22352815 0.03213728 0.0003213728
0.22383724 0.034942367 0.00034942367
0.22414632 0.032316874 0.00032316874
0.22445541 0.03223675 0.0003223675
0.22476449 0.031650169 0.00031650169
0.22507357 0.030184362 0.00030184362
0.22538265 0.033632095 0.00033632095
0.22569174 0.032380671 0.00032380671
0.22600081 0.029768491 0.00029768491
0.22630989 0.030889614 0.00030889614
0.22661897 0.030551617 0.00030551617
0.2267702 0.031072773 0.00031072773
0.22692804 0.031619196 0.00031619196
0.22723712 0.030408986 0.00030408986
0.22754619 0.031387639 0.00031387639
0.22785526 0.030200683 0.00030200683
0.22816433 0.031785158 0.00031785158
0.2284734 0.030458596 0.00030458596
0.22878247 0.028983255 0.00028983255
0.22909153 0.029690704 0.00029690704
0.2294006 0.028600033 0.00028600033
0.22970966 0.030003776 0.00030003776
0.23001873 0.029343626 0.00029343626
0.23032779 0.029387564 0.00029387564
0.23063685 0.029564135 0.00029564135
0.23094591 0.02915477 0.0002915477
0.23125496 0.030460594 0.00030460594
0.23156402 0.029084853 0.00029084853
0.23187308 0.029748718 0.00029748718
0.23218213 0.028318416 0.00028318416
0.23223358 0.028635942 0.00028635942
0.23249118 0.030230786 0.00030230786
0.23280023 0.030016943 0.00030016943
0.23310928 0.028128793 0.00028128793
0.23341833 0.028281685 0.00028281685
0.23372738 0.027731086 0.00027731086
0.23403643 0.027038608 0.00027038608
0.23434547 0.028448916 0.00028448916
0.23465451 0.030018228 0.00030018228
0.23496356 0.027545669 0.00027545669
0.2352726 0.028907217 0.00028907217
0.23558164 0.027058597 0.00027058597
0.23589068 0.029328433 0.00029328433
0.23619971 0.029461856 0.00029461856
0.23650875 0.027135838 0.00027135838
0.23681778 0.027089055 0.00027089055
0.23712682 0.026237904 0.00026237904
0.23743585 0.028271415 0.00028271415
0.23774488 0.027831354 0.00027831354
0.23782859 0.026913608 0.00026913608
0.23805391 0.024446208 0.00024446208
0.23836294 0.027466951 0.00027466951
0.23867197 0.024836101 0.00024836101
0.23898099 0.02747324 0.0002747324
0.23929002 0.027179389 0.00027179389
0.23959904 0.026099909 0.00026099909
0.23990806 0.024327996 0.00024327996
0.24021708 0.027110372 0.00027110372
0.2405261 0.024712947 0.00024712947
0.24083512 0.025950781 0.00025950781
0.24114413 0.025544021 0.00025544021
0.24145315 0.025242709 0.00025242709
0.24176216 0.027766911 0.00027766911
0.24207118 0.027610702 0.00027610702
0.24238019 0.026019541 0.00026019541
0.2426892 0.026295731 0.00026295731
0.24299821 0.025255675 0.00025255675
0.24330721 0.028315322 0.00028315322
0.24355839 0.025658996 0.00025658996
0.24361622 0.025047183 0.00025047183
0.24392522 0.02591167 0.0002591167
0.24423423 0.024441549 0.00024441549
0.24454323 0.025232055 0.00025232055
0.24485223 0.026823269 0.00026823269
0.24516123 0.026652306 0.00026652306
0.24547023 0.02487613 0.0002487613
0.24577922 0.025723778 0.00025723778
0.24608822 0.024319314 0.00024319314
0.24639721 0.024334448 0.00024334448
0.24670621 0.026277498 0.00026277498
0.2470152 0.025430767 0.00025430767
0.24732419 0.02674502 0.0002674502
0.24763318 0.02749227 0.0002749227
0.24794216 0.024749901 0.00024749901
0.24825115 0.024816766 0.00024816766
0.24856013 0.025105508 0.00025105508
0.24886912 0.02572525 0.0002572525
0.2491781 0.024190828 0.00024190828
0.24942624 0.024198656 0.00024198656
0.24948708 0.024202707 0.00024202707
0.24979606 0.024097632 0.00024097632
0.25010504 0.026194694 0.00026194694
0.25041401 0.024071593 0.00024071593
0.25072299 0.025328831 0.00025328831
0.25103196 0.02559477 0.0002559477
0.25134093 0.026875623 0.00026875623
0.2516499 0.024585808 0.00024585808
0.25195887 0.025012251 0.00025012251
0.25226784 0.025390572 0.00025390572
0.25257681 0.023617019 0.00023617019
0.25288577 0.025864165 0.00025864165
0.25319474 0.022484033 0.00022484033
0.2535037 0.024452095 0.00024452095
0.25381266 0.025067909 0.00025067909
0.25412162 0.024095057 0.00024095057
0.25443058 0.025543085 0.00025543085
0.25473954 0.026910356 0.00026910356
0.25504849 0.028206067 0.00028206067
0.25535745 0.024055952 0.00024055952
0.25543545 0.024164651 0.00024164651
0.2556664 0.024502088 0.00024502088
0.25597535 0.024735941 0.00024735941
0.2562843 0.025391039 0.00025391039
0.25659325 0.026127445 0.00026127445
0.2569022 0.025185104 0.00025185104
0.25721115 0.023194396 0.00023194396
0.25752009 0.024471941 0.00024471941
0.25782903 0.021560998 0.00021560998
0.25813798 0.025610044 0.00025610044
0.25844692 0.026730031 0.00026730031
0.25875585 0.024077746 0.00024077746
0.25906479 0.023501604 0.00023501604
0.25937373 0.024815421 0.00024815421
0.25968266 0.028503351 0.00028503351
0.2599916 0.02664773 0.0002664773
0.26030053 0.024943073 0.00024943073
0.26060946 0.028226228 0.00028226228
0.26091839 0.026049209 0.00026049209
0.26122732 0.023281894 0.00023281894
0.26153624 0.027375072 0.00027375072
0.26158944 0.027067928 0.00027067928
0.26184517 0.025558959 0.00025558959
0.26215409 0.02682673 0.0002682673
0.26246301 0.025137538 0.00025137538
0.26277193 0.026473405 0.00026473405
0.26308085 0.027217441 0.00027217441
0.26338977 0.026026504 0.00026026504
0.26369869 0.028045081 0.00028045081
0.2640076 0.024681402 0.00024681402
0.26431651 0.026398784 0.00026398784
0.26462543 0.026195031 0.00026195031
0.26493434 0.024968005 0.00024968005
0.26524325 0.02407759 0.0002407759
0.26555215 0.024480981 0.00024480981
0.26586106 0.025568003 0.00025568003
0.26616996 0.025627715 0.00025627715
0.26647887 0.026095779 0.00026095779
0.26678777 0.025544422 0.00025544422
0.26709667 0.022355256 0.00022355256
0.26740557 0.026149319 0.00026149319
0.26771447 0.024872346 0.00024872346
0.2678917 0.02441067 0.0002441067
0.26802336 0.024078892 0.00024078892
0.26833226 0.024681178 0.00024681178
0.26864115 0.024101273 0.00024101273
0.26895004 0.025542352 0.00025542352
0.26925893 0.026183714 0.00026183714
0.26956782 0.024944684 0.00024944684
0.26987671 0.023438884 0.00023438884
0.27018559 0.023032122 0.00023032122
0.27049448 0.024794358 0.00024794358
0.27080336 0.023956234 0.00023956234
0.27111224 0.024724975 0.00024724975
0.27142112 0.023279077 0.00023279077
0.27173 0.025402461 0.00025402461
0.27203888 0.0257731 0.000257731
0.27234775 0.025060364 0.00025060364
0.27265663 0.026291443 0.00026291443
0.2729655 0.026496827 0.00026496827
0.27327437 0.027282225 0.00027282225
0.27358324 0.025513735 0.00025513735
0.27389211 0.027686282 0.00027686282
0.27420098 0.025093952 0.00025093952
0.27434578 0.025508533 0.00025508533
0.27450984 0.025967656 0.00025967656
0.2748187 0.026892684 0.00026892684
0.27512757 0.024725351 0.00024725351
0.27543643 0.025013592 0.00025013592
0.27574529 0.024797185 0.00024797185
0.27605414 0.024691838 0.00024691838
0.276363 0.026159159 0.00026159159
0.27667185 0.023419062 0.00023419062
0.27698071 0.023840214 0.00023840214
0.27728956 0.024723957 0.00024723957
0.27759841 0.025190555 0.00025190555
0.27790726 0.024229778 0.00024229778
0.2782161 0.023642296 0.00023642296
0.27852495 0.027133563 0.00027133563
0.27883379 0.028122801 0.00028122801
0.27914264 0.02741327 0.0002741327
0.27945148 0.027377354 0.00027377354
0.27976032 0.022461928 0.00022461928
0.28006915 0.025678123 0.00025678123
0.28037799 0.022649265 0.00022649265
0.28068683 0.025581144 0.00025581144
0.28095536 0.023676144 0.00023676144
0.28099566 0.023391764 0.00023391764
0.28130449 0.024427289 0.00024427289
0.28161332 0.025155118 0.00025155118
0.28192215 0.024425901 0.00024425901
0.28223098 0.025849121 0.00025849121
0.2825398 0.025398381 0.00025398381
0.28284863 0.02436725 0.0002436725
0.28315745 0.026134451 0.00026134451
0.28346627 0.025449599 0.00025449599
0.28377509 0.026654574 0.00026654574
0.28408391 0.025859105 0.00025859105
0.28439272 0.025253978 0.00025253978
0.28470154 0.026860157 0.00026860157
0.28501035 0.02663699 0.0002663699
0.28531916 0.027015347 0.00027015347
0.28562797 0.024207979 0.00024207979
0.28593678 0.025778717 0.00025778717
0.28624559 0.026033299 0.00026033299
0.2865544 0.025610735 0.00025610735
0.2868632 0.025055366 0.00025055366
0.287172 0.026678038 0.00026678038
0.2874808 0.02503445 0.0002503445
0.28772418 0.023511595 0.00023511595
0.2877896 0.023108387 0.00023108387
0.2880984 0.024524295 0.00024524295
0.2884072 0.02615161 0.0002615161
0.28871599 0.025866373 0.00025866373
0.28902478 0.023803002 0.00023803002
0.28933358 0.025296677 0.00025296677
0.28964237 0.027774485 0.00027774485
0.28995115 0.026027276 0.00026027276
0.29025994 0.02739268 0.0002739268
0.29056873 0.023832478 0.00023832478
0.29087751 0.026583446 0.00026583446
0.29118629 0.02592089 0.0002592089
0.29149507 0.02508646 0.0002508646
0.29180385 0.02615532 0.0002615532
0.29211263 0.02618777 0.0002618777
0.2924214 0.025298666 0.00025298666
0.29273018 0.024118313 0.00024118313
0.29303895 0.025190895 0.00025190895
0.29334772 0.025703437 0.00025703437
0.29365649 0.023657309 0.00023657309
0.29396526 0.026775524 0.00026775524
0.29427402 0.029272167 0.00029272167
0.29458279 0.029291632 0.00029291632
0.29465608 0.027898763 0.00027898763
0.29489155 0.023396608 0.00023396608
0.29520031 0.026678886 0.00026678886
0.29550907 0.026638087 0.00026638087
0.29581783 0.026538313 0.00026538313
0.29612659 0.026113969 0.00026113969
0.29643534 0.026406548 0.00026406548
0.2967441 0.02688425 0.0002688425
0.29705285 0.025562085 0.00025562085
0.2973616 0.026117463 0.00026117463
0.29767035 0.025133593 0.00025133593
0.29797909 0.027821144 0.00027821144
0.29828784 0.029057703 0.00029057703
0.29859658 0.02737204 0.0002737204
0.29890532 0.027487824 0.00027487824
0.29921406 0.026874003 0.00026874003
0.2995228 0.028773065 0.00028773065
0.29983154 0.024787305 0.00024787305
