0.010059664 7.266254 0.07266254
0.010369191 7.3055986 0.073055986
0.010678719 7.4238176 0.074238176
0.010988246 7.3824756 0.073824756
0.011297773 7.4269489 0.074269489
0.0116073 7.4883883 0.074883883
0.011916828 7.4853898 0.074853898
0.012226355 7.583268 0.07583268
0.012535882 7.6559275 0.076559275
0.012845409 7.6753407 0.076753407
0.013154936 7.7599333 0.077599333
0.013464463 7.7510018 0.077510018
0.013773989 7.7860955 0.077860955
0.014083516 7.7906798 0.077906798
0.014393043 7.8816559 0.078816559
0.014702569 7.8754605 0.078754605
0.015012096 7.9157972 0.079157972
0.015321622 7.9045609 0.079045609
0.015631148 7.9819443 0.079819443
0.015940675 7.9957525 0.079957525
0.016250201 8.0107775 0.080107775
0.016559727 7.9846268 0.079846268
0.016869253 8.0152985 0.080152985
0.017178779 8.0403429 0.080403429
0.017488304 8.0469069 0.080469069
0.01779783 8.0464054 0.080464054
0.018107355 8.0984339 0.080984339
0.018416881 8.0730306 0.080730306
0.018726406 8.093715 0.08093715
0.019035932 8.0836924 0.080836924
0.019345457 8.0901433 0.080901433
0.019654982 8.1111901 0.081111901
0.019964507 8.106146 0.08106146
0.020274032 8.0769118 0.080769118
0.020583556 8.127338 0.08127338
0.020893081 8.0990831 0.080990831
0.021202605 8.1160775 0.081160775
0.02151213 8.1173601 0.081173601
0.021821654 8.1421579 0.081421579
0.022131178 8.1460478 0.081460478
0.022440702 8.1045496 0.081045496
0.022750226 8.1185851 0.081185851
0.02305975 8.11422 0.0811422
0.023369274 8.0802771 0.080802771
0.023678797 8.0975785 0.080975785
0.023988321 8.1017259 0.081017259
0.024297844 8.1043386 0.081043386
0.024607367 8.0754508 0.080754508
0.02491689 8.0889522 0.080889522
0.025226413 8.0723191 0.080723191
0.025535936 8.0866613 0.080866613
0.025845458 8.0663954 0.080663954
0.026154981 8.0411149 0.080411149
0.026464503 8.0638704 0.080638704
0.026774025 8.0293479 0.080293479
0.027083547 8.0357572 0.080357572
0.027393069 8.0209158 0.080209158
0.027702591 7.9998016 0.079998016
0.028012112 8.0003941 0.080003941
0.028321634 8.0238351 0.080238351
0.028631155 7.9901323 0.079901323
0.028940676 8.0057244 0.080057244
0.029250197 7.9832801 0.079832801
0.029559718 7.9753531 0.079753531
0.029869238 7.9371066 0.079371066
0.030178759 7.9461217 0.079461217
0.030488279 7.9550524 0.079550524
0.030797799 7.9318584 0.079318584
0.031107319 7.9021885 0.079021885
0.031416839 7.9141869 0.079141869
0.031726359 7.9180379 0.079180379
0.032035878 7.8805868 0.078805868
0.032345397 7.8881023 0.078881023
0.032654916 7.8893626 0.078893626
0.032964435 7.8453774 0.078453774
0.033273954 7.8254723 0.078254723
0.033583473 7.8131097 0.078131097
0.033892991 7.8075667 0.078075667
0.034202509 7.8002837 0.078002837
0.034512027 7.7847281 0.077847281
0.034821545 7.7582483 0.077582483
0.035131063 7.7639874 0.077639874
0.03544058 7.744814 0.07744814
0.035750097 7.7271769 0.077271769
0.036059614 7.7144149 0.077144149
0.036369131 7.7045841 0.077045841
0.036678648 7.6825545 0.076825545
0.036988164 7.6607541 0.076607541
0.03729768 7.6722851 0.076722851
0.037607196 7.6482768 0.076482768
0.037916712 7.6283308 0.076283308
0.038226228 7.6091582 0.076091582
0.038535743 7.5989179 0.075989179
0.038845259 7.5831635 0.075831635
0.039154774 7.5569457 0.075569457
0.039464288 7.5636637 0.075636637
0.039773803 7.5395879 0.075395879
0.040083317 7.5185584 0.075185584
0.040392831 7.495653 0.07495653
0.040702345 7.4810686 0.074810686
0.041011859 7.4663746 0.074663746
0.041321372 7.4386949 0.074386949
0.041630886 7.4413548 0.074413548
0.041940399 7.4105491 0.074105491
0.042249911 7.3968355 0.073968355
0.042559424 7.3852376 0.073852376
0.042868936 7.3639124 0.073639124
0.043178448 7.3595497 0.073595497
0.04348796 7.3357397 0.073357397
0.043797472 7.3374672 0.073374672
0.044106983 7.297227 0.07297227
0.044416494 7.3007257 0.073007257
0.044726005 7.2926069 0.072926069
0.045035516 7.264565 0.07264565
0.045345026 7.2509784 0.072509784
0.045654536 7.2182903 0.072182903
0.045964046 7.1958 0.071958
0.046273556 7.1714845 0.071714845
0.046583065 7.1540971 0.071540971
0.046892575 7.1158549 0.071158549
0.047202083 7.0826215 0.070826215
0.047511592 7.0744364 0.070744364
0.0478211 7.0797599 0.070797599
0.048130609 7.0751648 0.070751648
0.048440116 7.0390175 0.070390175
0.048749624 7.0225223 0.070225223
0.049059131 7.0060317 0.070060317
0.049368638 6.9645695 0.069645695
0.049678145 6.993033 0.06993033
0.049987652 6.956944 0.06956944
0.050297158 6.9364155 0.069364155
0.050606664 6.9214517 0.069214517
0.05091617 6.9158306 0.069158306
0.051225675 6.9119405 0.069119405
0.05153518 6.8775782 0.068775782
0.051844685 6.8515614 0.068515614
0.05215419 6.8556783 0.068556783
0.052463694 6.8127957 0.068127957
0.052773198 6.805769 0.06805769
0.053082702 6.8084278 0.068084278
0.053392205 6.7865781 0.067865781
0.053701708 6.7612301 0.067612301
0.054011211 6.7563417 0.067563417
0.054320713 6.7384607 0.067384607
0.054630216 6.7068229 0.067068229
0.054939718 6.6751044 0.066751044
0.055249219 6.6652367 0.066652367
0.055558721 6.6495192 0.066495192
0.055868222 6.6289299 0.066289299
0.056177722 6.6247349 0.066247349
0.056487223 6.5853798 0.065853798
0.056796723 6.5742974 0.065742974
0.057106223 6.5606452 0.065606452
0.057415722 6.5202481 0.065202481
0.057725221 6.5238973 0.065238973
0.05803472 6.5052769 0.065052769
0.058344219 6.5068803 0.065068803
0.058653717 6.4825156 0.064825156
0.058963215 6.4253342 0.064253342
0.059272713 6.4266322 0.064266322
0.05958221 6.4295118 0.064295118
0.059891707 6.4276947 0.064276947
0.060201203 6.3894318 0.063894318
0.0605107 6.3816874 0.063816874
0.060820196 6.3552969 0.063552969
0.061129691 6.3261481 0.063261481
0.061439187 6.3365425 0.063365425
0.061748681 6.3023013 0.063023013
0.062058176 6.2969396 0.062969396
0.06236767 6.2707416 0.062707416
0.062677164 6.2616321 0.062616321
0.062986658 6.2384168 0.062384168
0.063296151 6.2306882 0.062306882
0.063605644 6.21255 0.0621255
0.063915137 6.1834113 0.061834113
0.064224629 6.1622507 0.061622507
0.064534121 6.1416244 0.061416244
0.064843612 6.1357097 0.061357097
0.065153103 6.121921 0.06121921
0.065462594 6.1054355 0.061054355
0.065772085 6.0738552 0.060738552
0.066081575 6.0567761 0.060567761
0.066391064 6.0472133 0.060472133
0.066700554 6.0168675 0.060168675
0.067010043 6.0025228 0.060025228
0.067319531 5.9982111 0.059982111
0.06762902 5.9703667 0.059703667
0.067938508 5.9601975 0.059601975
0.068247995 5.9271832 0.059271832
0.068557482 5.9125019 0.059125019
0.068866969 5.8967149 0.058967149
0.069176455 5.8897452 0.058897452
0.069485941 5.8713887 0.058713887
0.069795427 5.8357105 0.058357105
0.070104912 5.8253631 0.058253631
0.070414397 5.8070642 0.058070642
0.070723882 5.7893757 0.057893757
0.071033366 5.7733356 0.057733356
0.07134285 5.7415212 0.057415212
0.071652333 5.7355807 0.057355807
0.071961816 5.7209779 0.057209779
0.072271298 5.6973444 0.056973444
0.07258078 5.683951 0.05683951
0.072890262 5.6636137 0.056636137
0.073199744 5.6413709 0.056413709
0.073509225 5.6261633 0.056261633
0.073818705 5.6126832 0.056126832
0.074128185 5.5994594 0.055994594
0.074437665 5.5775631 0.055775631
0.074747144 5.5563861 0.055563861
0.075056623 5.5314648 0.055314648
0.075366102 5.5121471 0.055121471
0.07567558 5.5019973 0.055019973
0.075985058 5.4845599 0.054845599
0.076294535 5.4584841 0.054584841
0.076604012 5.4473812 0.054473812
0.076913488 5.4306367 0.054306367
0.077222964 5.4053905 0.054053905
0.07753244 5.3900785 0.053900785
0.077841915 5.3722235 0.053722235
0.07815139 5.3596845 0.053596845
0.078460864 5.3402344 0.053402344
0.078770338 5.3282984 0.053282984
0.079079812 5.3006733 0.053006733
0.079389285 5.2911774 0.052911774
0.079698757 5.2678592 0.052678592
0.080008229 5.2470914 0.052470914
0.080317701 5.2284891 0.052284891
0.080627172 5.2136725 0.052136725
0.080936643 5.1996559 0.051996559
0.081246114 5.1732215 0.051732215
0.081555584 5.1569876 0.051569876
0.081865053 5.1425781 0.051425781
0.082174522 5.1331706 0.051331706
0.082483991 5.102921 0.05102921
0.082793459 5.085319 0.05085319
0.083102927 5.0755106 0.050755106
0.083412394 5.0557024 0.050557024
0.083721861 5.0342285 0.050342285
0.084031327 5.0186573 0.050186573
0.084340793 4.9893311 0.049893311
0.084650259 4.9823 0.049823
0.084959724 4.9675525 0.049675525
0.085269188 4.9431582 0.049431582
0.085578652 4.9256889 0.049256889
0.085888116 4.9181723 0.049181723
0.086197579 4.8963521 0.048963521
0.086507042 4.8746687 0.048746687
0.086816504 4.8566914 0.048566914
0.087125966 4.830639 0.04830639
0.087435427 4.8211582 0.048211582
0.087744888 4.8031353 0.048031353
0.088054348 4.7865348 0.047865348
0.088363808 4.763217 0.04763217
0.088673267 4.7527278 0.047527278
0.088982726 4.731937 0.04731937
0.089292184 4.7191776 0.047191776
0.089601642 4.7063764 0.047063764
0.089911099 4.6959813 0.046959813
0.090220556 4.6696365 0.046696365
0.090530013 4.6598693 0.046598693
0.090839469 4.6429736 0.046429736
0.091148924 4.6247898 0.046247898
0.091458379 4.6015194 0.046015194
0.091767833 4.5909057 0.045909057
0.092077287 4.5666292 0.045666292
0.092386741 4.5491918 0.045491918
0.092696194 4.5389661 0.045389661
0.093005646 4.5190317 0.045190317
0.093315098 4.498494 0.04498494
0.093624549 4.4864566 0.044864566
0.093934 4.4594367 0.044594367
0.09424345 4.441134 0.04441134
0.0945529 4.4264763 0.044264763
0.09486235 4.412408 0.04412408
0.095171798 4.3870268 0.043870268
0.095481247 4.3756472 0.043756472
0.095790694 4.3543777 0.043543777
0.096100142 4.3407929 0.043407929
0.096409588 4.3238989 0.043238989
0.096719035 4.3034571 0.043034571
0.09702848 4.2925029 0.042925029
0.097337925 4.2687242 0.042687242
0.09764737 4.2525914 0.042525914
0.097956814 4.246151 0.04246151
0.098266257 4.2282141 0.042282141
0.0985757 4.2080919 0.042080919
0.098885143 4.1884623 0.041884623
0.099194585 4.1662787 0.041662787
0.099504026 4.1486154 0.041486154
0.099813467 4.1321903 0.041321903
0.10012291 4.1154147 0.041154147
0.10043235 4.1083994 0.041083994
0.10074179 4.0843296 0.040843296
0.10105122 4.0642783 0.040642783
0.10136066 4.0512816 0.040512816
0.1016701 4.0319159 0.040319159
0.10197954 4.0172998 0.040172998
0.10228897 3.9928995 0.039928995
0.10259841 3.9800845 0.039800845
0.10290785 3.9661377 0.039661377
0.10321728 3.952456 0.03952456
0.10352671 3.9369499 0.039369499
0.10383615 3.9225723 0.039225723
0.10414558 3.9012359 0.039012359
0.10445501 3.8833741 0.038833741
0.10476445 3.8637633 0.038637633
0.10507388 3.8510486 0.038510486
0.10538331 3.8378585 0.038378585
0.10569274 3.8237844 0.038237844
0.10600217 3.8031832 0.038031832
0.1063116 3.7859986 0.037859986
0.10662102 3.7680058 0.037680058
0.10693045 3.7503083 0.037503083
0.10723988 3.7379236 0.037379236
0.10754931 3.7218845 0.037218845
0.10785873 3.7027393 0.037027393
0.10816816 3.6861607 0.036861607
0.10847758 3.6679964 0.036679964
0.10878701 3.6585577 0.036585577
0.10909643 3.6318515 0.036318515
0.10940585 3.6219211 0.036219211
0.10971528 3.6098233 0.036098233
0.1100247 3.5890481 0.035890481
0.11033412 3.5732867 0.035732867
0.11064354 3.5569695 0.035569695
0.11095296 3.5354741 0.035354741
0.11126238 3.520329 0.03520329
0.1115718 3.5048072 0.035048072
0.11188122 3.4895086 0.034895086
0.11219064 3.4674254 0.034674254
0.11250005 3.4577992 0.034577992
0.11280947 3.4438248 0.034438248
0.11311889 3.4218045 0.034218045
0.1134283 3.4138419 0.034138419
0.11373772 3.3944572 0.033944572
0.11404713 3.3748484 0.033748484
0.11435654 3.3560428 0.033560428
0.11466596 3.3435525 0.033435525
0.11497537 3.3206927 0.033206927
0.11528478 3.3128533 0.033128533
0.11559419 3.2952697 0.032952697
0.1159036 3.2780792 0.032780792
0.11621301 3.2671542 0.032671542
0.11652242 3.2486759 0.032486759
0.11683183 3.2339365 0.032339365
0.11714124 3.214709 0.03214709
0.11745064 3.2084441 0.032084441
0.11776005 3.1881318 0.031881318
0.11806945 3.1684695 0.031684695
0.11837886 3.1576799 0.031576799
0.11868826 3.1348501 0.031348501
0.11899767 3.1210804 0.031210804
0.11930707 3.1052831 0.031052831
0.11961647 3.0903808 0.030903808
0.11992588 3.0770109 0.030770109
0.12023528 3.0581695 0.030581695
0.12054468 3.0438476 0.030438476
0.12085408 3.0334365 0.030334365
0.12116348 3.0161894 0.030161894
0.12147288 2.992547 0.02992547
0.12178227 2.9817394 0.029817394
0.12209167 2.9671429 0.029671429
0.12240107 2.9556171 0.029556171
0.12271046 2.9365847 0.029365847
0.12301986 2.9253365 0.029253365
0.12332925 2.9090612 0.029090612
0.12363865 2.8917465 0.028917465
0.12394804 2.8807954 0.028807954
0.12425743 2.8629175 0.028629175
0.12456683 2.8508487 0.028508487
0.12487622 2.832824 0.02832824
0.12518561 2.8161267 0.028161267
0.125495 2.805306 0.02805306
0.12580439 2.7915714 0.027915714
0.12611377 2.7747746 0.027747746
0.12642316 2.7597739 0.027597739
0.12673255 2.7443128 0.027443128
0.12704194 2.7252208 0.027252208
0.12735132 2.7087489 0.027087489
0.12766071 2.7013039 0.027013039
0.12797009 2.6778685 0.026778685
0.12827947 2.6703381 0.026703381
0.12858886 2.6517112 0.026517112
0.12889824 2.6366195 0.026366195
0.12920762 2.6233513 0.026233513
0.129517 2.6112583 0.026112583
0.12982638 2.5993541 0.025993541
0.13013576 2.5797497 0.025797497
0.13044514 2.5709035 0.025709035
0.13075452 2.5535695 0.025535695
0.1310639 2.5401766 0.025401766
0.13137327 2.5268087 0.025268087
0.13168265 2.5085898 0.025085898
0.13199202 2.4970344 0.024970344
0.1323014 2.4798805 0.024798805
0.13261077 2.4734169 0.024734169
0.13292015 2.4540599 0.024540599
0.13322952 2.4443501 0.024443501
0.13353889 2.4275234 0.024275234
0.13384826 2.4090032 0.024090032
0.13415763 2.3966716 0.023966716
0.134467 2.3785397 0.023785397
0.13477637 2.3669745 0.023669745
0.13508574 2.3539217 0.023539217
0.1353951 2.3429564 0.023429564
0.13570447 2.3267744 0.023267744
0.13601383 2.3134386 0.023134386
0.1363232 2.3008014 0.023008014
0.13663256 2.2867598 0.022867598
0.13694193 2.2716659 0.022716659
0.13725129 2.2563451 0.022563451
0.13756065 2.2502882 0.022502882
0.13787001 2.2333859 0.022333859
0.13817937 2.2177723 0.022177723
0.13848873 2.2006825 0.022006825
0.13879809 2.1982229 0.021982229
0.13910745 2.1799474 0.021799474
0.13941681 2.1690797 0.021690797
0.13972616 2.1564696 0.021564696
0.14003552 2.1379638 0.021379638
0.14034488 2.1268757 0.021268757
0.14065423 2.1114905 0.021114905
0.14096358 2.1020719 0.021020719
0.14127294 2.0845749 0.020845749
0.14158229 2.0726888 0.020726888
0.14189164 2.0594449 0.020594449
0.14220099 2.0473601 0.020473601
0.14251034 2.0337415 0.020337415
0.14281969 2.0190691 0.020190691
0.14312904 2.0121303 0.020121303
0.14343838 1.9954483 0.019954483
0.14374773 1.9818773 0.019818773
0.14405708 1.9684808 0.019684808
0.14436642 1.9548494 0.019548494
0.14467577 1.9399435 0.019399435
0.14498511 1.9305123 0.019305123
0.14529445 1.9178251 0.019178251
0.14560379 1.9031102 0.019031102
0.14591314 1.8934756 0.018934756
0.14622248 1.8825278 0.018825278
0.14653182 1.8694352 0.018694352
0.14684115 1.8513455 0.018513455
0.14715049 1.8421898 0.018421898
0.14745983 1.8271861 0.018271861
0.14776917 1.8164542 0.018164542
0.1480785 1.8016667 0.018016667
0.14838784 1.7916619 0.017916619
0.14869717 1.7761391 0.017761391
0.1490065 1.7673801 0.017673801
0.14931583 1.755877 0.01755877
0.14962517 1.745945 0.01745945
0.1499345 1.7310417 0.017310417
0.15024383 1.7175858 0.017175858
0.15055316 1.7077357 0.017077357
0.15086248 1.6943247 0.016943247
0.15117181 1.6863156 0.016863156
0.15148114 1.6711498 0.016711498
0.15179046 1.6591424 0.016591424
0.15209979 1.6505184 0.016505184
0.15240911 1.635869 0.01635869
0.15271844 1.6245875 0.016245875
0.15302776 1.6097885 0.016097885
0.15333708 1.6038513 0.016038513
0.1536464 1.5875138 0.015875138
0.15395572 1.5773195 0.015773195
0.15426504 1.5681654 0.015681654
0.15457436 1.5566714 0.015566714
0.15488367 1.5437804 0.015437804
0.15519299 1.5322137 0.015322137
0.15550231 1.523607 0.01523607
0.15581162 1.5067426 0.015067426
0.15612093 1.4907749 0.014907749
0.15643025 1.4823482 0.014823482
0.15673956 1.4687555 0.014687555
0.15704887 1.4596347 0.014596347
0.15735818 1.4503617 0.014503617
0.15766749 1.4390776 0.014390776
0.1579768 1.4277428 0.014277428
0.15828611 1.4159929 0.014159929
0.15859542 1.4086505 0.014086505
0.15890472 1.396116 0.01396116
0.15921403 1.3832491 0.013832491
0.15952333 1.3749369 0.013749369
0.15983264 1.3621666 0.013621666
0.16014194 1.3517079 0.013517079
0.16045124 1.3422763 0.013422763
0.16076054 1.3318959 0.013318959
0.16106984 1.320562 0.01320562
0.16137914 1.3113219 0.013113219
0.16168844 1.3005732 0.013005732
0.16199774 1.2887218 0.012887218
0.16230703 1.280963 0.01280963
0.16261633 1.2724374 0.012724374
0.16292562 1.2593422 0.012593422
0.16323492 1.246675 0.01246675
0.16354421 1.2372072 0.012372072
0.1638535 1.2276943 0.012276943
0.16416279 1.2202566 0.012202566
0.16447208 1.2092602 0.012092602
0.16478137 1.197344 0.01197344
0.16509066 1.1863086 0.011863086
0.16539995 1.1784426 0.011784426
0.16570924 1.169483 0.01169483
0.16601852 1.1582273 0.011582273
0.16632781 1.1525466 0.011525466
0.16663709 1.1386272 0.011386272
0.16694637 1.133522 0.01133522
0.16725566 1.1179349 0.011179349
0.16756494 1.1080362 0.011080362
0.16787422 1.098734 0.01098734
0.1681835 1.0895728 0.010895728
0.16849278 1.0812592 0.010812592
0.16880205 1.0758962 0.010758962
0.16911133 1.0615305 0.010615305
0.16942061 1.0565222 0.010565222
0.16972988 1.0434599 0.010434599
0.17003916 1.0352705 0.010352705
0.17034843 1.0264868 0.010264868
0.1706577 1.0136512 0.010136512
0.17096697 1.0109468 0.010109468
0.17127624 0.99903664 0.0099903664
0.17158551 0.99190698 0.0099190698
0.17189478 0.98108335 0.0098108335
0.17220405 0.97205657 0.0097205657
0.17251331 0.96424104 0.0096424104
0.17282258 0.95462573 0.0095462573
0.17313184 0.9433253 0.009433253
0.17344111 0.93736349 0.0093736349
0.17375037 0.92660725 0.0092660725
0.17405963 0.91752835 0.0091752835
0.17436889 0.91217655 0.0091217655
0.17467815 0.90465661 0.0090465661
0.17498741 0.89651295 0.0089651295
0.17529667 0.88604592 0.0088604592
0.17560593 0.87840864 0.0087840864
0.17591518 0.86958559 0.0086958559
0.17622444 0.86137679 0.0086137679
0.17653369 0.85294453 0.0085294453
0.17684295 0.84593855 0.0084593855
0.1771522 0.8342759 0.008342759
0.17746145 0.82686932 0.0082686932
0.1777707 0.8202931 0.008202931
0.17807995 0.81479282 0.0081479282
0.1783892 0.80938184 0.0080938184
0.17869844 0.79911146 0.0079911146
0.17900769 0.79237757 0.0079237757
0.17931694 0.78357369 0.0078357369
0.17962618 0.77593526 0.0077593526
0.17993542 0.76777274 0.0076777274
0.18024467 0.75987373 0.0075987373
0.18055391 0.75019737 0.0075019737
0.18086315 0.74330053 0.0074330053
0.18117239 0.73377565 0.0073377565
0.18148163 0.7314122 0.007314122
0.18179086 0.72461208 0.0072461208
0.1821001 0.71507812 0.0071507812
0.18240934 0.7074545 0.007074545
0.18271857 0.69629227 0.0069629227
0.1830278 0.69315507 0.0069315507
0.18333704 0.68729635 0.0068729635
0.18364627 0.67703671 0.0067703671
0.1839555 0.67086142 0.0067086142
0.18426473 0.66223509 0.0066223509
0.18457396 0.6548763 0.006548763
0.18488318 0.65105992 0.0065105992
0.18519241 0.64472547 0.0064472547
0.18550164 0.63656339 0.0063656339
0.18581086 0.62978945 0.0062978945
0.18612009 0.62356875 0.0062356875
0.18642931 0.61604402 0.0061604402
0.18673853 0.61048942 0.0061048942
0.18704775 0.60182498 0.0060182498
0.18735697 0.59630415 0.0059630415
0.18766619 0.58670307 0.0058670307
0.1879754 0.58310764 0.0058310764
0.18828462 0.57916892 0.0057916892
0.18859384 0.57177409 0.0057177409
0.18890305 0.56462201 0.0056462201
0.18921226 0.55646272 0.0055646272
0.18952148 0.55258278 0.0055258278
0.18983069 0.54703297 0.0054703297
0.1901399 0.54183431 0.0054183431
0.19044911 0.53652775 0.0053652775
0.19075832 0.527708 0.00527708
0.19106752 0.52003504 0.0052003504
0.19137673 0.52073724 0.0052073724
0.19168593 0.50994623 0.0050994623
0.19199514 0.50161956 0.0050161956
0.19230434 0.49705305 0.0049705305
0.19261354 0.49284498 0.0049284498
0.19292274 0.48796116 0.0048796116
0.19323194 0.48210745 0.0048210745
0.19354114 0.47546978 0.0047546978
0.19385034 0.46892524 0.0046892524
0.19415954 0.46255092 0.0046255092
0.19446873 0.4577206 0.004577206
0.19477793 0.45325221 0.0045325221
0.19508712 0.44894655 0.0044894655
0.19539631 0.44456198 0.0044456198
0.1957055 0.43977958 0.0043977958
0.19601469 0.42958442 0.0042958442
0.19632388 0.42254756 0.0042254756
0.19663307 0.42115455 0.0042115455
0.19694226 0.41708957 0.0041708957
0.19725144 0.41171351 0.0041171351
0.19756063 0.40573617 0.0040573617
0.19786981 0.40059781 0.0040059781
0.19817899 0.39653933 0.0039653933
0.19848818 0.38919946 0.0038919946
0.19879736 0.38184922 0.0038184922
0.19910654 0.38037538 0.0038037538
0.19941572 0.37359568 0.0037359568
0.19972489 0.37216149 0.0037216149
0.20003407 0.36646153 0.0036646153
0.20034324 0.36142471 0.0036142471
0.20065242 0.35756736 0.0035756736
0.20096159 0.35184599 0.0035184599
0.20127076 0.35096475 0.0035096475
0.20157993 0.34398981 0.0034398981
0.2018891 0.33699181 0.0033699181
0.20219827 0.33502637 0.0033502637
0.20250744 0.33130102 0.0033130102
0.20281661 0.32363038 0.0032363038
0.20312577 0.31972521 0.0031972521
0.20343493 0.31586789 0.0031586789
0.2037441 0.31374895 0.0031374895
0.20405326 0.30784317 0.0030784317
0.20436242 0.30474279 0.0030474279
0.20467158 0.30044572 0.0030044572
0.20498074 0.29461833 0.0029461833
0.2052899 0.29516901 0.0029516901
0.20559905 0.28560998 0.0028560998
0.20590821 0.28347687 0.0028347687
0.20621736 0.28172381 0.0028172381
0.20652651 0.27642837 0.0027642837
0.20683567 0.2722747 0.002722747
0.20714482 0.27116103 0.0027116103
0.20745397 0.2673698 0.002673698
0.20776312 0.25953352 0.0025953352
0.20807226 0.25571191 0.0025571191
0.20838141 0.25154055 0.0025154055
0.20869055 0.25081571 0.0025081571
0.2089997 0.24931113 0.0024931113
0.20930884 0.24212597 0.0024212597
0.20961798 0.24050034 0.0024050034
0.20992712 0.23560344 0.0023560344
0.21023626 0.23002075 0.0023002075
0.2105454 0.22567199 0.0022567199
0.21085454 0.22470169 0.0022470169
0.21116367 0.22259064 0.0022259064
0.21147281 0.21763047 0.0021763047
0.21178194 0.21426852 0.0021426852
0.21209107 0.21306067 0.0021306067
0.21240021 0.21196798 0.0021196798
0.21270934 0.20576406 0.0020576406
0.21301846 0.20257196 0.0020257196
0.21332759 0.19787416 0.0019787416
0.21363672 0.19713659 0.0019713659
0.21394584 0.19217834 0.0019217834
0.21425497 0.19311599 0.0019311599
0.21456409 0.19075104 0.0019075104
0.21487321 0.18180895 0.0018180895
0.21518234 0.18246681 0.0018246681
0.21549145 0.18141737 0.0018141737
0.21580057 0.17546997 0.0017546997
0.21610969 0.1701989 0.001701989
0.21641881 0.16818702 0.0016818702
0.21672792 0.16747517 0.0016747517
0.21703704 0.16699481 0.0016699481
0.21734615 0.16151979 0.0016151979
0.21765526 0.16086711 0.0016086711
0.21796437 0.15884521 0.0015884521
0.21827348 0.15442726 0.0015442726
0.21858259 0.15322582 0.0015322582
0.21889169 0.14702834 0.0014702834
0.2192008 0.14646366 0.0014646366
0.2195099 0.14786109 0.0014786109
0.21981901 0.14187447 0.0014187447
0.22012811 0.1394526 0.001394526
0.22043721 0.13785577 0.0013785577
0.22074631 0.13445666 0.0013445666
0.22105541 0.13161306 0.0013161306
0.2213645 0.1329831 0.001329831
0.2216736 0.12647547 0.0012647547
0.22198269 0.12745591 0.0012745591
0.22229179 0.12633474 0.0012633474
0.22260088 0.12055601 0.0012055601
0.22290997 0.11958938 0.0011958938
0.22321906 0.11767786 0.0011767786
0.22352815 0.11810808 0.0011810808
0.22383724 0.11545211 0.0011545211
0.22414632 0.11280929 0.0011280929
0.22445541 0.11049466 0.0011049466
0.22476449 0.10969733 0.0010969733
0.22507357 0.10463164 0.0010463164
0.22538265 0.10877757 0.0010877757
0.22569174 0.10180501 0.0010180501
0.22600081 0.098769835 0.00098769835
0.22630989 0.1009394 0.001009394
0.22661897 0.095406907 0.00095406907
0.22692804 0.092990332 0.00092990332
0.22723712 0.094584445 0.00094584445
0.22754619 0.091960863 0.00091960863
0.22785526 0.088473381 0.00088473381
0.22816433 0.086841687 0.00086841687
0.2284734 0.088047441 0.00088047441
0.22878247 0.083307861 0.00083307861
0.22909153 0.083954176 0.00083954176
0.2294006 0.083366068 0.00083366068
0.22970966 0.083551048 0.00083551048
0.23001873 0.08320683 0.0008320683
0.23032779 0.078356812 0.00078356812
0.23063685 0.078732079 0.00078732079
0.23094591 0.07590943 0.0007590943
0.23125496 0.068957425 0.00068957425
0.23156402 0.075087585 0.00075087585
0.23187308 0.072513236 0.00072513236
0.23218213 0.06675532 0.0006675532
0.23249118 0.06856531 0.0006856531
0.23280023 0.065733356 0.00065733356
0.23310928 0.064026635 0.00064026635
0.23341833 0.063104785 0.00063104785
0.23372738 0.060199082 0.00060199082
0.23403643 0.058583752 0.00058583752
0.23434547 0.061855158 0.00061855158
0.23465451 0.056332938 0.00056332938
0.23496356 0.059750462 0.00059750462
0.2352726 0.055448306 0.00055448306
0.23558164 0.05665974 0.0005665974
0.23589068 0.055774463 0.00055774463
0.23619971 0.053621377 0.00053621377
0.23650875 0.055520284 0.00055520284
0.23681778 0.050206897 0.00050206897
0.23712682 0.04808063 0.0004808063
0.23743585 0.050535534 0.00050535534
0.23774488 0.04562578 0.0004562578
0.23805391 0.044740469 0.00044740469
0.23836294 0.046162966 0.00046162966
0.23867197 0.042637001 0.00042637001
0.23898099 0.046824248 0.00046824248
0.23929002 0.043632403 0.00043632403
0.23959904 0.041911335 0.00041911335
0.23990806 0.03783459 0.0003783459
0.24021708 0.040191918 0.00040191918
0.2405261 0.040041122 0.00040041122
0.24083512 0.038457165 0.00038457165
0.24114413 0.037022773 0.00037022773
0.24145315 0.035996864 0.00035996864
0.24176216 0.032446065 0.00032446065
0.24207118 0.032315566 0.00032315566
0.24238019 0.036524517 0.00036524517
0.2426892 0.032260707 0.00032260707
0.24299821 0.033109943 0.00033109943
0.24330721 0.032684788 0.00032684788
0.24361622 0.024969497 0.00024969497
0.24392522 0.029835382 0.00029835382
0.24423423 0.031606194 0.00031606194
0.24454323 0.029741978 0.00029741978
0.24485223 0.02866383 0.0002866383
0.24516123 0.029686289 0.00029686289
0.24547023 0.028933666 0.00028933666
0.24577922 0.028269545 0.00028269545
0.24608822 0.027561221 0.00027561221
0.24639721 0.026471877 0.00026471877
0.24670621 0.024774394 0.00024774394
0.2470152 0.025385266 0.00025385266
0.24732419 0.022959434 0.00022959434
0.24763318 0.02633613 0.0002633613
0.24794216 0.022980239 0.00022980239
0.24825115 0.025255288 0.00025255288
0.24856013 0.023435626 0.00023435626
0.24886912 0.024090765 0.00024090765
0.2491781 0.020896108 0.00020896108
0.24948708 0.023271192 0.00023271192
0.24979606 0.019001466 0.00019001466
0.25010504 0.019260509 0.00019260509
0.25041401 0.021055649 0.00021055649
0.25072299 0.015927156 0.00015927156
0.25103196 0.017520269 0.00017520269
0.25134093 0.016144546 0.00016144546
0.2516499 0.01836205 0.0001836205
0.25195887 0.016942566 0.00016942566
0.25226784 0.019668796 0.00019668796
0.25257681 0.017977903 0.00017977903
0.25288577 0.015555677 0.00015555677
0.25319474 0.015883033 0.00015883033
0.2535037 0.016127939 0.00016127939
0.25381266 0.016353077 0.00016353077
0.25412162 0.015683259 0.00015683259
0.25443058 0.015924332 0.00015924332
0.25473954 0.014906021 0.00014906021
0.25504849 0.014278808 0.00014278808
0.25535745 0.016002344 0.00016002344
0.2556664 0.014239571 0.00014239571
0.25597535 0.01590824 0.0001590824
0.2562843 0.016556123 0.00016556123
0.25659325 0.012007141 0.00012007141
0.2569022 0.015158144 0.00015158144
0.25721115 0.012296499 0.00012296499
0.25752009 0.012463921 0.00012463921
0.25782903 0.014216569 0.00014216569
0.25813798 0.011222163 0.00011222163
0.25844692 0.011095 0.00011095
0.25875585 0.012819025 0.00012819025
0.25906479 0.014843172 0.00014843172
0.25937373 0.014269103 0.00014269103
0.25968266 0.012699723 0.00012699723
0.2599916 0.01383582 0.0001383582
0.26030053 0.013080996 0.00013080996
0.26060946 0.014708105 0.00014708105
0.26091839 0.013961426 0.00013961426
0.26122732 0.012585746 0.00012585746
0.26153624 0.01343625 0.0001343625
0.26184517 0.010756364 0.00010756364
0.26215409 0.014826719 0.00014826719
0.26246301 0.011987617 0.00011987617
0.26277193 0.015387731 0.00015387731
0.26308085 0.0096522977 9.6522977e-05
0.26338977 0.0116753 0.000116753
0.26369869 0.011650378 0.00011650378
0.2640076 0.011604812 0.00011604812
0.26431651 0.010545959 0.00010545959
0.26462543 0.012596593 0.00012596593
0.26493434 0.010181201 0.00010181201
0.26524325 0.012481859 0.00012481859
0.26555215 0.011590578 0.00011590578
0.26586106 0.01262723 0.0001262723
0.26616996 0.015809825 0.00015809825
0.26647887 0.0091989663 9.1989663e-05
0.26678777 0.0099203369 9.9203369e-05
0.26709667 0.009143787 9.143787e-05
0.26740557 0.011041568 0.00011041568
0.26771447 0.0096380975 9.6380975e-05
0.26802336 0.010327833 0.00010327833
0.26833226 0.010750084 0.00010750084
0.26864115 0.0087709659 8.7709659e-05
0.26895004 0.0099473889 9.9473889e-05
0.26925893 0.0099378904 9.9378904e-05
0.26956782 0.01153654 0.0001153654
0.26987671 0.013124618 0.00013124618
0.27018559 0.0096460969 9.6460969e-05
0.27049448 0.013796482 0.00013796482
0.27080336 0.016572766 0.00016572766
0.27111224 0.010151496 0.00010151496
0.27142112 0.011151472 0.00011151472
0.27173 0.0082698115 8.2698115e-05
0.27203888 0.012588405 0.00012588405
0.27234775 0.014842904 0.00014842904
0.27265663 0.013116104 0.00013116104
0.2729655 0.012167248 0.00012167248
0.27327437 0.010145729 0.00010145729
0.27358324 0.011569447 0.00011569447
0.27389211 0.01158545 0.0001158545
0.27420098 0.016437539 0.00016437539
0.27450984 0.016201544 0.00016201544
0.2748187 0.0096525784 9.6525784e-05
0.27512757 0.011010912 0.00011010912
0.27543643 0.010877329 0.00010877329
0.27574529 0.0086268819 8.6268819e-05
0.27605414 0.010198821 0.00010198821
0.276363 0.014942477 0.00014942477
0.27667185 0.011323793 0.00011323793
0.27698071 0.014248158 0.00014248158
0.27728956 0.012089688 0.00012089688
0.27759841 0.0099242021 9.9242021e-05
0.27790726 0.010811381 0.00010811381
0.2782161 0.015062201 0.00015062201
0.27852495 0.010101506 0.00010101506
0.27883379 0.01310737 0.0001310737
0.27914264 0.0095969525 9.5969525e-05
0.27945148 0.012281825 0.00012281825
0.27976032 0.011170942 0.00011170942
0.28006915 0.014810778 0.00014810778
0.28037799 0.013980541 0.00013980541
0.28068683 0.017772353 0.00017772353
0.28099566 0.014998496 0.00014998496
0.28130449 0.016504589 0.00016504589
0.28161332 0.011106544 0.00011106544
0.28192215 0.015531575 0.00015531575
0.28223098 0.013683869 0.00013683869
0.2825398 0.014761314 0.00014761314
0.28284863 0.016839449 0.00016839449
0.28315745 0.0097859877 9.7859877e-05
0.28346627 0.014362913 0.00014362913
0.28377509 0.014304202 0.00014304202
0.28408391 0.014053413 0.00014053413
0.28439272 0.013330039 0.00013330039
0.28470154 0.012906476 0.00012906476
0.28501035 0.013354383 0.00013354383
0.28531916 0.016830144 0.00016830144
0.28562797 0.014901579 0.00014901579
0.28593678 0.014270142 0.00014270142
0.28624559 0.013497874 0.00013497874
0.2865544 0.016116198 0.00016116198
0.2868632 0.015436661 0.00015436661
0.287172 0.013835308 0.00013835308
0.2874808 0.01398778 0.0001398778
0.2877896 0.015668031 0.00015668031
0.2880984 0.015202492 0.00015202492
0.2884072 0.017774961 0.00017774961
0.28871599 0.018055309 0.00018055309
0.28902478 0.018099026 0.00018099026
0.28933358 0.01479719 0.0001479719
0.28964237 0.014757703 0.00014757703
0.28995115 0.02 0.0002
0.29025994 0.015618413 0.00015618413
0.29056873 0.018307355 0.00018307355
0.29087751 0.018629205 0.00018629205
0.29118629 0.021434226 0.00021434226
0.29149507 0.01672378 0.0001672378
0.29180385 0.019390098 0.00019390098
0.29211263 0.01667209 0.0001667209
0.2924214 0.018054811 0.00018054811
0.29273018 0.018005873 0.00018005873
0.29303895 0.018149365 0.00018149365
0.29334772 0.016356853 0.00016356853
0.29365649 0.018491567 0.00018491567
0.29396526 0.018154015 0.00018154015
0.29427402 0.018642963 0.00018642963
0.29458279 0.017621696 0.00017621696
0.29489155 0.021009387 0.00021009387
0.29520031 0.01626176 0.0001626176
0.29550907 0.018999349 0.00018999349
0.29581783 0.021074285 0.00021074285
0.29612659 0.016053334 0.00016053334
0.29643534 0.017838791 0.00017838791
0.2967441 0.021082887 0.00021082887
0.29705285 0.022934179 0.00022934179
0.2973616 0.018531068 0.00018531068
0.29767035 0.017333364 0.00017333364
0.29797909 0.020311991 0.00020311991
0.29828784 0.022330093 0.00022330093
0.29859658 0.014548349 0.00014548349
0.29890532 0.020119823 0.00020119823
0.29921406 0.021485404 0.00021485404
0.2995228 0.020015965 0.00020015965
0.29983154 0.020584627 0.00020584627
