0.010059664 1.836152 0.01836152
0.010369191 1.9206383 0.019206383
0.010678719 2.1857952 0.021857952
0.010988246 2.2420749 0.022420749
0.011297773 2.2637996 0.022637996
0.0116073 2.3828768 0.023828768
0.011916828 2.4450719 0.024450719
0.012226355 2.4965574 0.024965574
0.012535882 2.6200264 0.026200264
0.012845409 2.7214621 0.027214621
0.013154936 2.8389784 0.028389784
0.013464463 2.8073675 0.028073675
0.013773989 2.8799671 0.028799671
0.014083516 2.9749681 0.029749681
0.014393043 2.9829824 0.029829824
0.014702569 3.1070874 0.031070874
0.015012096 3.0824542 0.030824542
0.015321622 3.1245135 0.031245135
0.015631148 3.1715475 0.031715475
0.015940675 3.2776662 0.032776662
0.016250201 3.3017373 0.033017373
0.016559727 3.2844789 0.032844789
0.016869253 3.3390511 0.033390511
0.017178779 3.3764428 0.033764428
0.017488304 3.4246895 0.034246895
0.01779783 3.4325768 0.034325768
0.018107355 3.442976 0.03442976
0.018416881 3.4733083 0.034733083
0.018726406 3.4981297 0.034981297
0.019035932 3.5176001 0.035176001
0.019345457 3.5387037 0.035387037
0.019654982 3.5364836 0.035364836
0.019964507 3.5785094 0.035785094
0.020274032 3.575636 0.03575636
0.020583556 3.6187267 0.036187267
0.020893081 3.59924 0.0359924
0.021202605 3.6165309 0.036165309
0.02151213 3.6182723 0.036182723
0.021821654 3.6181106 0.036181106
0.022131178 3.6511817 0.036511817
0.022440702 3.6439256 0.036439256
0.022750226 3.6627101 0.036627101
0.02305975 3.6186272 0.036186272
0.023369274 3.6543851 0.036543851
0.023678797 3.6269374 0.036269374
0.023988321 3.6374228 0.036374228
0.024297844 3.6279157 0.036279157
0.024607367 3.638046 0.03638046
0.02491689 3.6484367 0.036484367
0.025226413 3.649547 0.03649547
0.025535936 3.6325561 0.036325561
0.025845458 3.6494407 0.036494407
0.026154981 3.6302681 0.036302681
0.026464503 3.6404921 0.036404921
0.026774025 3.6678569 0.036678569
0.027083547 3.6283018 0.036283018
0.027393069 3.6484661 0.036484661
0.027702591 3.6304986 0.036304986
0.028012112 3.6512072 0.036512072
0.028321634 3.6274164 0.036274164
0.028631155 3.6542278 0.036542278
0.028940676 3.6509564 0.036509564
0.029250197 3.650019 0.03650019
0.029559718 3.6570276 0.036570276
0.029869238 3.648405 0.03648405
0.030178759 3.6763483 0.036763483
0.030488279 3.6763509 0.036763509
0.030797799 3.6431231 0.036431231
0.031107319 3.6668323 0.036668323
0.031416839 3.6347854 0.036347854
0.031726359 3.6302004 0.036302004
0.032035878 3.6311288 0.036311288
0.032345397 3.6274365 0.036274365
0.032654916 3.6362484 0.036362484
0.032964435 3.6153909 0.036153909
0.033273954 3.6031221 0.036031221
0.033583473 3.6148302 0.036148302
0.033892991 3.58616 0.0358616
0.034202509 3.5962549 0.035962549
0.034512027 3.5903637 0.035903637
0.034821545 3.5865543 0.035865543
0.035131063 3.5862663 0.035862663
0.03544058 3.5792984 0.035792984
0.035750097 3.5700637 0.035700637
0.036059614 3.549828 0.03549828
0.036369131 3.5595237 0.035595237
0.036678648 3.5602489 0.035602489
0.036988164 3.5458341 0.035458341
0.03729768 3.5509448 0.035509448
0.037607196 3.5257176 0.035257176
0.037916712 3.5303034 0.035303034
0.038226228 3.5148216 0.035148216
0.038535743 3.5178845 0.035178845
0.038845259 3.5080385 0.035080385
0.039154774 3.5029998 0.035029998
0.039464288 3.4994393 0.034994393
0.039773803 3.5005985 0.035005985
0.040083317 3.4957957 0.034957957
0.040392831 3.474233 0.03474233
0.040702345 3.4746187 0.034746187
0.041011859 3.4758737 0.034758737
0.041321372 3.4482818 0.034482818
0.041630886 3.4496449 0.034496449
0.041940399 3.4487373 0.034487373
0.042249911 3.4348976 0.034348976
0.042559424 3.4325734 0.034325734
0.042868936 3.4142157 0.034142157
0.043178448 3.4052534 0.034052534
0.04348796 3.4000291 0.034000291
0.043797472 3.4128506 0.034128506
0.044106983 3.4062777 0.034062777
0.044416494 3.4015826 0.034015826
0.044726005 3.389545 0.03389545
0.045035516 3.366654 0.03366654
0.045345026 3.3696483 0.033696483
0.045654536 3.3608397 0.033608397
0.045964046 3.3600814 0.033600814
0.046273556 3.3420937 0.033420937
0.046583065 3.3330887 0.033330887
0.046892575 3.3241748 0.033241748
0.047202083 3.3189261 0.033189261
0.047511592 3.3045794 0.033045794
0.0478211 3.2929017 0.032929017
0.048130609 3.2924017 0.032924017
0.048440116 3.2781822 0.032781822
0.048749624 3.2770278 0.032770278
0.049059131 3.260527 0.03260527
0.049368638 3.2439498 0.032439498
0.049678145 3.2651038 0.032651038
0.049987652 3.2349403 0.032349403
0.050297158 3.2327273 0.032327273
0.050606664 3.2360038 0.032360038
0.05091617 3.2197389 0.032197389
0.051225675 3.2358454 0.032358454
0.05153518 3.2151018 0.032151018
0.051844685 3.1917778 0.031917778
0.05215419 3.208085 0.03208085
0.052463694 3.1899053 0.031899053
0.052773198 3.1823991 0.031823991
0.053082702 3.1734735 0.031734735
0.053392205 3.1670594 0.031670594
0.053701708 3.1642824 0.031642824
0.054011211 3.1484909 0.031484909
0.054320713 3.1415371 0.031415371
0.054630216 3.1360178 0.031360178
0.054939718 3.121892 0.03121892
0.055249219 3.1193556 0.031193556
0.055558721 3.1036585 0.031036585
0.055868222 3.0925578 0.030925578
0.056177722 3.0951129 0.030951129
0.056487223 3.080098 0.03080098
0.056796723 3.0702162 0.030702162
0.057106223 3.0648864 0.030648864
0.057415722 3.0540204 0.030540204
0.057725221 3.0471523 0.030471523
0.05803472 3.0475558 0.030475558
0.058344219 3.0401104 0.030401104
0.058653717 3.028533 0.03028533
0.058963215 3.0108064 0.030108064
0.059272713 3.00468 0.0300468
0.05958221 3.0037918 0.030037918
0.059891707 2.999053 0.02999053
0.060201203 2.9787842 0.029787842
0.0605107 2.9814691 0.029814691
0.060820196 2.9642321 0.029642321
0.061129691 2.9432708 0.029432708
0.061439187 2.9602607 0.029602607
0.061748681 2.9492846 0.029492846
0.062058176 2.9414824 0.029414824
0.06236767 2.9369187 0.029369187
0.062677164 2.9302268 0.029302268
0.062986658 2.9249953 0.029249953
0.063296151 2.9030874 0.029030874
0.063605644 2.9029915 0.029029915
0.063915137 2.885525 0.02885525
0.064224629 2.8796616 0.028796616
0.064534121 2.8679259 0.028679259
0.064843612 2.8720172 0.028720172
0.065153103 2.8489444 0.028489444
0.065462594 2.8483183 0.028483183
0.065772085 2.8386955 0.028386955
0.066081575 2.8292847 0.028292847
0.066391064 2.8177748 0.028177748
0.066700554 2.8097154 0.028097154
0.067010043 2.8016176 0.028016176
0.067319531 2.7965816 0.027965816
0.06762902 2.7896778 0.027896778
0.067938508 2.7725866 0.027725866
0.068247995 2.7790005 0.027790005
0.068557482 2.7675143 0.027675143
0.068866969 2.7450513 0.027450513
0.069176455 2.7433805 0.027433805
0.069485941 2.7347427 0.027347427
0.069795427 2.7247332 0.027247332
0.070104912 2.7125705 0.027125705
0.070414397 2.7004452 0.027004452
0.070723882 2.7006452 0.027006452
0.071033366 2.6906043 0.026906043
0.07134285 2.6750295 0.026750295
0.071652333 2.6748256 0.026748256
0.071961816 2.6587914 0.026587914
0.072271298 2.6523157 0.026523157
0.07258078 2.6399661 0.026399661
0.072890262 2.6351412 0.026351412
0.073199744 2.6304504 0.026304504
0.073509225 2.6184803 0.026184803
0.073818705 2.6056002 0.026056002
0.074128185 2.5945112 0.025945112
0.074437665 2.5826719 0.025826719
0.074747144 2.5868221 0.025868221
0.075056623 2.5771766 0.025771766
0.075366102 2.5613604 0.025613604
0.07567558 2.5586216 0.025586216
0.075985058 2.5428578 0.025428578
0.076294535 2.5290792 0.025290792
0.076604012 2.5279267 0.025279267
0.076913488 2.5238372 0.025238372
0.077222964 2.5117559 0.025117559
0.07753244 2.4987567 0.024987567
0.077841915 2.4876074 0.024876074
0.07815139 2.4820331 0.024820331
0.078460864 2.4767788 0.024767788
0.078770338 2.4701338 0.024701338
0.079079812 2.4575736 0.024575736
0.079389285 2.4500253 0.024500253
0.079698757 2.450702 0.02450702
0.080008229 2.4322845 0.024322845
0.080317701 2.4249453 0.024249453
0.080627172 2.4120571 0.024120571
0.080936643 2.4046094 0.024046094
0.081246114 2.3890603 0.023890603
0.081555584 2.3842946 0.023842946
0.081865053 2.3774974 0.023774974
0.082174522 2.3643968 0.023643968
0.082483991 2.3571824 0.023571824
0.082793459 2.3433143 0.023433143
0.083102927 2.3457925 0.023457925
0.083412394 2.3326869 0.023326869
0.083721861 2.3249502 0.023249502
0.084031327 2.3054471 0.023054471
0.084340793 2.3058686 0.023058686
0.084650259 2.287488 0.02287488
0.084959724 2.2870873 0.022870873
0.085269188 2.2722747 0.022722747
0.085578652 2.2659508 0.022659508
0.085888116 2.2570345 0.022570345
0.086197579 2.244289 0.02244289
0.086507042 2.2403888 0.022403888
0.086816504 2.2288682 0.022288682
0.087125966 2.2186537 0.022186537
0.087435427 2.2113639 0.022113639
0.087744888 2.2031548 0.022031548
0.088054348 2.1958899 0.021958899
0.088363808 2.1888592 0.021888592
0.088673267 2.1774456 0.021774456
0.088982726 2.1707799 0.021707799
0.089292184 2.1637577 0.021637577
0.089601642 2.1521402 0.021521402
0.089911099 2.1430963 0.021430963
0.090220556 2.1372165 0.021372165
0.090530013 2.1304077 0.021304077
0.090839469 2.1200304 0.021200304
0.091148924 2.1092937 0.021092937
0.091458379 2.1002653 0.021002653
0.091767833 2.0891477 0.020891477
0.092077287 2.074075 0.02074075
0.092386741 2.0695864 0.020695864
0.092696194 2.0693871 0.020693871
0.093005646 2.061319 0.02061319
0.093315098 2.0531253 0.020531253
0.093624549 2.0393763 0.020393763
0.093934 2.0289889 0.020289889
0.09424345 2.0208842 0.020208842
0.0945529 2.004256 0.02004256
0.09486235 2.003557 0.02003557
0.095171798 1.9940258 0.019940258
0.095481247 1.9830578 0.019830578
0.095790694 1.9716053 0.019716053
0.096100142 1.9673344 0.019673344
0.096409588 1.9626892 0.019626892
0.096719035 1.9424478 0.019424478
0.09702848 1.9361914 0.019361914
0.097337925 1.9328617 0.019328617
0.09764737 1.922376 0.01922376
0.097956814 1.9144905 0.019144905
0.098266257 1.9030442 0.019030442
0.0985757 1.8955916 0.018955916
0.098885143 1.8831989 0.018831989
0.099194585 1.8730454 0.018730454
0.099504026 1.8700206 0.018700206
0.099813467 1.856624 0.01856624
0.10012291 1.8490946 0.018490946
0.10043235 1.8415844 0.018415844
0.10074179 1.837646 0.01837646
0.10105122 1.8244818 0.018244818
0.10136066 1.8165844 0.018165844
0.1016701 1.8130505 0.018130505
0.10197954 1.7977403 0.017977403
0.10228897 1.788618 0.01788618
0.10259841 1.7820402 0.017820402
0.10290785 1.7744392 0.017744392
0.10321728 1.7619883 0.017619883
0.10352671 1.7553877 0.017553877
0.10383615 1.7439969 0.017439969
0.10414558 1.741973 0.01741973
0.10445501 1.7305232 0.017305232
0.10476445 1.723876 0.01723876
0.10507388 1.7145617 0.017145617
0.10538331 1.7040597 0.017040597
0.10569274 1.6939744 0.016939744
0.10600217 1.6869127 0.016869127
0.1063116 1.6845242 0.016845242
0.10662102 1.6721664 0.016721664
0.10693045 1.6613077 0.016613077
0.10723988 1.6555329 0.016555329
0.10754931 1.6508762 0.016508762
0.10785873 1.6347327 0.016347327
0.10816816 1.6302868 0.016302868
0.10847758 1.6236362 0.016236362
0.10878701 1.6160045 0.016160045
0.10909643 1.6060725 0.016060725
0.10940585 1.5907084 0.015907084
0.10971528 1.5920723 0.015920723
0.1100247 1.5787551 0.015787551
0.11033412 1.5735705 0.015735705
0.11064354 1.5670633 0.015670633
0.11095296 1.5584806 0.015584806
0.11126238 1.552186 0.01552186
0.1115718 1.5395881 0.015395881
0.11188122 1.5330234 0.015330234
0.11219064 1.5189094 0.015189094
0.11250005 1.5163506 0.015163506
0.11280947 1.5075516 0.015075516
0.11311889 1.4950405 0.014950405
0.1134283 1.4890133 0.014890133
0.11373772 1.4789278 0.014789278
0.11404713 1.4753277 0.014753277
0.11435654 1.4680456 0.014680456
0.11466596 1.457119 0.01457119
0.11497537 1.4518599 0.014518599
0.11528478 1.4420016 0.014420016
0.11559419 1.4328419 0.014328419
0.1159036 1.4306552 0.014306552
0.11621301 1.4101541 0.014101541
0.11652242 1.4099481 0.014099481
0.11683183 1.4022487 0.014022487
0.11714124 1.3960696 0.013960696
0.11745064 1.3866017 0.013866017
0.11776005 1.3784231 0.013784231
0.11806945 1.3724134 0.013724134
0.11837886 1.3621858 0.013621858
0.11868826 1.3524095 0.013524095
0.11899767 1.3475962 0.013475962
0.11930707 1.3394927 0.013394927
0.11961647 1.3344564 0.013344564
0.11992588 1.3213375 0.013213375
0.12023528 1.3099363 0.013099363
0.12054468 1.306723 0.01306723
0.12085408 1.3019334 0.013019334
0.12116348 1.291683 0.01291683
0.12147288 1.2868499 0.012868499
0.12178227 1.2831913 0.012831913
0.12209167 1.271287 0.01271287
0.12240107 1.2631673 0.012631673
0.12271046 1.2591558 0.012591558
0.12301986 1.2517543 0.012517543
0.12332925 1.244513 0.01244513
0.12363865 1.2331117 0.012331117
0.12394804 1.2216667 0.012216667
0.12425743 1.2198523 0.012198523
0.12456683 1.2114063 0.012114063
0.12487622 1.2033016 0.012033016
0.12518561 1.1975528 0.011975528
0.125495 1.19228 0.0119228
0.12580439 1.1871008 0.011871008
0.12611377 1.1802311 0.011802311
0.12642316 1.1688383 0.011688383
0.12673255 1.1637996 0.011637996
0.12704194 1.1528791 0.011528791
0.12735132 1.144634 0.01144634
0.12766071 1.1429591 0.011429591
0.12797009 1.1336378 0.011336378
0.12827947 1.1270282 0.011270282
0.12858886 1.1189614 0.011189614
0.12889824 1.1125011 0.011125011
0.12920762 1.1008999 0.011008999
0.129517 1.0982346 0.010982346
0.12982638 1.0875523 0.010875523
0.13013576 1.084528 0.01084528
0.13044514 1.0791223 0.010791223
0.13075452 1.0678064 0.010678064
0.1310639 1.0639062 0.010639062
0.13137327 1.0600414 0.010600414
0.13168265 1.0493147 0.010493147
0.13199202 1.0412735 0.010412735
0.1323014 1.0387855 0.010387855
0.13261077 1.0317309 0.010317309
0.13292015 1.0243577 0.010243577
0.13322952 1.016981 0.01016981
0.13353889 1.0131572 0.010131572
0.13384826 1.0038227 0.010038227
0.13415763 0.99742712 0.0099742712
0.134467 0.98939742 0.0098939742
0.13477637 0.98497307 0.0098497307
0.13508574 0.9784355 0.009784355
0.1353951 0.97103477 0.0097103477
0.13570447 0.96282933 0.0096282933
0.13601383 0.95650565 0.0095650565
0.1363232 0.94614477 0.0094614477
0.13663256 0.94257271 0.0094257271
0.13694193 0.93439598 0.0093439598
0.13725129 0.92837561 0.0092837561
0.13756065 0.92214614 0.0092214614
0.13787001 0.91645582 0.0091645582
0.13817937 0.91073741 0.0091073741
0.13848873 0.90376307 0.0090376307
0.13879809 0.89613203 0.0089613203
0.13910745 0.89370316 0.0089370316
0.13941681 0.88593699 0.0088593699
0.13972616 0.88237972 0.0088237972
0.14003552 0.87635437 0.0087635437
0.14034488 0.8678355 0.008678355
0.14065423 0.8606526 0.008606526
0.14096358 0.85356927 0.0085356927
0.14127294 0.85268731 0.0085268731
0.14158229 0.84395761 0.0084395761
0.14189164 0.84068725 0.0084068725
0.14220099 0.83012921 0.0083012921
0.14251034 0.8237912 0.008237912
0.14281969 0.81901607 0.0081901607
0.14312904 0.81419643 0.0081419643
0.14343838 0.80386071 0.0080386071
0.14374773 0.80718477 0.0080718477
0.14405708 0.79660545 0.0079660545
0.14436642 0.79014472 0.0079014472
0.14467577 0.78409444 0.0078409444
0.14498511 0.78138718 0.0078138718
0.14529445 0.77471362 0.0077471362
0.14560379 0.76433497 0.0076433497
0.14591314 0.7618761 0.007618761
0.14622248 0.75730275 0.0075730275
0.14653182 0.75209485 0.0075209485
0.14684115 0.74682131 0.0074682131
0.14715049 0.74180141 0.0074180141
0.14745983 0.73381072 0.0073381072
0.14776917 0.72480729 0.0072480729
0.1480785 0.72001916 0.0072001916
0.14838784 0.71637408 0.0071637408
0.14869717 0.71315459 0.0071315459
0.1490065 0.70683549 0.0070683549
0.14931583 0.70182203 0.0070182203
0.14962517 0.69610984 0.0069610984
0.1499345 0.68798667 0.0068798667
0.15024383 0.68307937 0.0068307937
0.15055316 0.68088806 0.0068088806
0.15086248 0.67270695 0.0067270695
0.15117181 0.66876416 0.0066876416
0.15148114 0.66674035 0.0066674035
0.15179046 0.65694076 0.0065694076
0.15209979 0.65513014 0.0065513014
0.15240911 0.64939606 0.0064939606
0.15271844 0.63979375 0.0063979375
0.15302776 0.63688707 0.0063688707
0.15333708 0.63119209 0.0063119209
0.1536464 0.62395248 0.0062395248
0.15395572 0.62021614 0.0062021614
0.15426504 0.61847165 0.0061847165
0.15457436 0.61624608 0.0061624608
0.15488367 0.60959898 0.0060959898
0.15519299 0.60630842 0.0060630842
0.15550231 0.59831972 0.0059831972
0.15581162 0.59264159 0.0059264159
0.15612093 0.58552904 0.0058552904
0.15643025 0.58154174 0.0058154174
0.15673956 0.57850292 0.0057850292
0.15704887 0.57395054 0.0057395054
0.15735818 0.57108097 0.0057108097
0.15766749 0.56255883 0.0056255883
0.1579768 0.55646817 0.0055646817
0.15828611 0.55563049 0.0055563049
0.15859542 0.54825168 0.0054825168
0.15890472 0.54565321 0.0054565321
0.15921403 0.54485161 0.0054485161
0.15952333 0.53503995 0.0053503995
0.15983264 0.5294535 0.005294535
0.16014194 0.5266755 0.005266755
0.16045124 0.52240401 0.0052240401
0.16076054 0.51763667 0.0051763667
0.16106984 0.51019799 0.0051019799
0.16137914 0.50899185 0.0050899185
0.16168844 0.5016475 0.005016475
0.16199774 0.50037723 0.0050037723
0.16230703 0.49648996 0.0049648996
0.16261633 0.49424623 0.0049424623
0.16292562 0.48788268 0.0048788268
0.16323492 0.48579255 0.0048579255
0.16354421 0.48162325 0.0048162325
0.1638535 0.47645744 0.0047645744
0.16416279 0.46684264 0.0046684264
0.16447208 0.46382194 0.0046382194
0.16478137 0.46269858 0.0046269858
0.16509066 0.45561385 0.0045561385
0.16539995 0.45247442 0.0045247442
0.16570924 0.45621254 0.0045621254
0.16601852 0.4482611 0.004482611
0.16632781 0.44220839 0.0044220839
0.16663709 0.4344191 0.004344191
0.16694637 0.43628637 0.0043628637
0.16725566 0.42845178 0.0042845178
0.16756494 0.42667161 0.0042667161
0.16787422 0.42215502 0.0042215502
0.1681835 0.41663162 0.0041663162
0.16849278 0.41226734 0.0041226734
0.16880205 0.40912855 0.0040912855
0.16911133 0.40894014 0.0040894014
0.16942061 0.40504553 0.0040504553
0.16972988 0.3983863 0.003983863
0.17003916 0.39318516 0.0039318516
0.17034843 0.38833306 0.0038833306
0.1706577 0.38415786 0.0038415786
0.17096697 0.38226034 0.0038226034
0.17127624 0.37976473 0.0037976473
0.17158551 0.37773515 0.0037773515
0.17189478 0.3711235 0.003711235
0.17220405 0.36828216 0.0036828216
0.17251331 0.36708896 0.0036708896
0.17282258 0.36233496 0.0036233496
0.17313184 0.35790438 0.0035790438
0.17344111 0.35571237 0.0035571237
0.17375037 0.35103999 0.0035103999
0.17405963 0.35024932 0.0035024932
0.17436889 0.34653236 0.0034653236
0.17467815 0.34079157 0.0034079157
0.17498741 0.34029235 0.0034029235
0.17529667 0.33533086 0.0033533086
0.17560593 0.33086749 0.0033086749
0.17591518 0.32706842 0.0032706842
0.17622444 0.32868291 0.0032868291
0.17653369 0.32167296 0.0032167296
0.17684295 0.32095137 0.0032095137
0.1771522 0.31569751 0.0031569751
0.17746145 0.31106548 0.0031106548
0.1777707 0.31134977 0.0031134977
0.17807995 0.30658422 0.0030658422
0.1783892 0.30070143 0.0030070143
0.17869844 0.30008434 0.0030008434
0.17900769 0.29628581 0.0029628581
0.17931694 0.29340673 0.0029340673
0.17962618 0.29025705 0.0029025705
0.17993542 0.28850111 0.0028850111
0.18024467 0.28933515 0.0028933515
0.18055391 0.28288232 0.0028288232
0.18086315 0.28294716 0.0028294716
0.18117239 0.27754985 0.0027754985
0.18148163 0.27464685 0.0027464685
0.18179086 0.26949881 0.0026949881
0.1821001 0.26995324 0.0026995324
0.18240934 0.26415196 0.0026415196
0.18271857 0.2628444 0.002628444
0.1830278 0.26003894 0.0026003894
0.18333704 0.25782093 0.0025782093
0.18364627 0.25348011 0.0025348011
0.1839555 0.25246169 0.0025246169
0.18426473 0.25010734 0.0025010734
0.18457396 0.24527322 0.0024527322
0.18488318 0.2429508 0.002429508
0.18519241 0.24273498 0.0024273498
0.18550164 0.23659966 0.0023659966
0.18581086 0.23663148 0.0023663148
0.18612009 0.23077323 0.0023077323
0.18642931 0.22915214 0.0022915214
0.18673853 0.22739721 0.0022739721
0.18704775 0.22441829 0.0022441829
0.18735697 0.22058562 0.0022058562
0.18766619 0.21902113 0.0021902113
0.1879754 0.21675527 0.0021675527
0.18828462 0.2153009 0.002153009
0.18859384 0.21380727 0.0021380727
0.18890305 0.21130233 0.0021130233
0.18921226 0.21008099 0.0021008099
0.18952148 0.20693054 0.0020693054
0.18983069 0.20343141 0.0020343141
0.1901399 0.20089115 0.0020089115
0.19044911 0.19722319 0.0019722319
0.19075832 0.19471211 0.0019471211
0.19106752 0.19402148 0.0019402148
0.19137673 0.19328355 0.0019328355
0.19168593 0.19110431 0.0019110431
0.19199514 0.18733799 0.0018733799
0.19230434 0.18473902 0.0018473902
0.19261354 0.18191038 0.0018191038
0.19292274 0.18118454 0.0018118454
0.19323194 0.18017122 0.0018017122
0.19354114 0.17344087 0.0017344087
0.19385034 0.17384408 0.0017384408
0.19415954 0.17472426 0.0017472426
0.19446873 0.16976065 0.0016976065
0.19477793 0.16569348 0.0016569348
0.19508712 0.16609851 0.0016609851
0.19539631 0.16481382 0.0016481382
0.1957055 0.16389393 0.0016389393
0.19601469 0.16091369 0.0016091369
0.19632388 0.15887794 0.0015887794
0.19663307 0.15336708 0.0015336708
0.19694226 0.15194585 0.0015194585
0.19725144 0.1553879 0.001553879
0.19756063 0.15201521 0.0015201521
0.19786981 0.1516993 0.001516993
0.19817899 0.14645794 0.0014645794
0.19848818 0.14965012 0.0014965012
0.19879736 0.14363672 0.0014363672
0.19910654 0.14257453 0.0014257453
0.19941572 0.13964695 0.0013964695
0.19972489 0.13804221 0.0013804221
0.20003407 0.13676891 0.0013676891
0.20034324 0.13558408 0.0013558408
0.20065242 0.13257441 0.0013257441
0.20096159 0.13407228 0.0013407228
0.20127076 0.12906892 0.0012906892
0.20157993 0.12961943 0.0012961943
0.2018891 0.1268711 0.001268711
0.20219827 0.12394827 0.0012394827
0.20250744 0.12417366 0.0012417366
0.20281661 0.12317183 0.0012317183
0.20312577 0.12045998 0.0012045998
0.20343493 0.11780736 0.0011780736
0.2037441 0.11532439 0.0011532439
0.20405326 0.11338114 0.0011338114
0.20436242 0.11185461 0.0011185461
0.20467158 0.11297848 0.0011297848
0.20498074 0.11185111 0.0011185111
0.2052899 0.1112966 0.001112966
0.20559905 0.1093144 0.001093144
0.20590821 0.10598981 0.0010598981
0.20621736 0.1073045 0.001073045
0.20652651 0.10224633 0.0010224633
0.20683567 0.10230634 0.0010230634
0.20714482 0.097652063 0.00097652063
0.20745397 0.097616542 0.00097616542
0.20776312 0.095411547 0.00095411547
0.20807226 0.099427509 0.00099427509
0.20838141 0.09522691 0.0009522691
0.20869055 0.093146833 0.00093146833
0.2089997 0.088893717 0.00088893717
0.20930884 0.091857632 0.00091857632
0.20961798 0.092597319 0.00092597319
0.20992712 0.092707132 0.00092707132
0.21023626 0.08377369 0.0008377369
0.2105454 0.084661582 0.00084661582
0.21085454 0.087000804 0.00087000804
0.21116367 0.085960001 0.00085960001
0.21147281 0.084838839 0.00084838839
0.21178194 0.08285991 0.0008285991
0.21209107 0.07901573 0.0007901573
0.21240021 0.07910684 0.0007910684
0.21270934 0.079031455 0.00079031455
0.21301846 0.078758493 0.00078758493
0.21332759 0.076029768 0.00076029768
0.21363672 0.075959703 0.00075959703
0.21394584 0.071670228 0.00071670228
0.21425497 0.073244763 0.00073244763
0.21456409 0.072772289 0.00072772289
0.21487321 0.071310136 0.00071310136
0.21518234 0.069243214 0.00069243214
0.21549145 0.069177489 0.00069177489
0.21580057 0.066193089 0.00066193089
0.21610969 0.065624119 0.00065624119
0.21641881 0.062022396 0.00062022396
0.21672792 0.065730782 0.00065730782
0.21703704 0.06165852 0.0006165852
0.21734615 0.063489697 0.00063489697
0.21765526 0.063695154 0.00063695154
0.21796437 0.063283285 0.00063283285
0.21827348 0.057922892 0.00057922892
0.21858259 0.056813102 0.00056813102
0.21889169 0.057632725 0.00057632725
0.2192008 0.055166476 0.00055166476
0.2195099 0.055633598 0.00055633598
0.21981901 0.054012496 0.00054012496
0.22012811 0.054295514 0.00054295514
0.22043721 0.053872425 0.00053872425
0.22074631 0.053837057 0.00053837057
0.22105541 0.050677945 0.00050677945
0.2213645 0.050861684 0.00050861684
0.2216736 0.051105936 0.00051105936
0.22198269 0.05351258 0.0005351258
0.22229179 0.048682253 0.00048682253
0.22260088 0.047644331 0.00047644331
0.22290997 0.048232603 0.00048232603
0.22321906 0.048346586 0.00048346586
0.22352815 0.044979611 0.00044979611
0.22383724 0.04357391 0.0004357391
0.22414632 0.043363211 0.00043363211
0.22445541 0.044331818 0.00044331818
0.22476449 0.041072572 0.00041072572
0.22507357 0.043323208 0.00043323208
0.22538265 0.041813932 0.00041813932
0.22569174 0.038108001 0.00038108001
0.22600081 0.036664869 0.00036664869
0.22630989 0.038999981 0.00038999981
0.22661897 0.041040503 0.00041040503
0.22692804 0.039384377 0.00039384377
0.22723712 0.042776714 0.00042776714
0.22754619 0.032228585 0.00032228585
0.22785526 0.035992475 0.00035992475
0.22816433 0.038220414 0.00038220414
0.2284734 0.033807304 0.00033807304
0.22878247 0.03743762 0.0003743762
0.22909153 0.031393775 0.00031393775
0.2294006 0.034193843 0.00034193843
0.22970966 0.032783272 0.00032783272
0.23001873 0.030430311 0.00030430311
0.23032779 0.031851272 0.00031851272
0.23063685 0.035051156 0.00035051156
0.23094591 0.031568277 0.00031568277
0.23125496 0.034389827 0.00034389827
0.23156402 0.030595705 0.00030595705
0.23187308 0.029060283 0.00029060283
0.23218213 0.030316776 0.00030316776
0.23249118 0.028075353 0.00028075353
0.23280023 0.026673072 0.00026673072
0.23310928 0.02714201 0.0002714201
0.23341833 0.0282333 0.000282333
0.23372738 0.027953253 0.00027953253
0.23403643 0.025976094 0.00025976094
0.23434547 0.025477522 0.00025477522
0.23465451 0.024896054 0.00024896054
0.23496356 0.022709347 0.00022709347
0.2352726 0.025950337 0.00025950337
0.23558164 0.024276583 0.00024276583
0.23589068 0.022198457 0.00022198457
0.23619971 0.021448529 0.00021448529
0.23650875 0.022789008 0.00022789008
0.23681778 0.021135306 0.00021135306
0.23712682 0.021137597 0.00021137597
0.23743585 0.020159469 0.00020159469
0.23774488 0.021389023 0.00021389023
0.23805391 0.019403895 0.00019403895
0.23836294 0.021909539 0.00021909539
0.23867197 0.024225072 0.00024225072
0.23898099 0.018465033 0.00018465033
0.23929002 0.017991159 0.00017991159
0.23959904 0.016470198 0.00016470198
0.23990806 0.021642548 0.00021642548
0.24021708 0.016090126 0.00016090126
0.2405261 0.018791635 0.00018791635
0.24083512 0.017063509 0.00017063509
0.24114413 0.020519544 0.00020519544
0.24145315 0.019227058 0.00019227058
0.24176216 0.015931145 0.00015931145
0.24207118 0.021281953 0.00021281953
0.24238019 0.019288159 0.00019288159
0.2426892 0.018557976 0.00018557976
0.24299821 0.015918007 0.00015918007
0.24330721 0.017377379 0.00017377379
0.24361622 0.017845655 0.00017845655
0.24392522 0.015520216 0.00015520216
0.24423423 0.014304967 0.00014304967
0.24454323 0.01432731 0.0001432731
0.24485223 0.012761067 0.00012761067
0.24516123 0.012572993 0.00012572993
0.24547023 0.015562154 0.00015562154
0.24577922 0.01488941 0.0001488941
0.24608822 0.012447743 0.00012447743
0.24639721 0.015741715 0.00015741715
0.24670621 0.015218544 0.00015218544
0.2470152 0.014147979 0.00014147979
0.24732419 0.014705598 0.00014705598
0.24763318 0.013027811 0.00013027811
0.24794216 0.014162481 0.00014162481
0.24825115 0.010393922 0.00010393922
0.24856013 0.014447775 0.00014447775
0.24886912 0.011609599 0.00011609599
0.2491781 0.012999145 0.00012999145
0.24948708 0.0099840579 9.9840579e-05
0.24979606 0.012533631 0.00012533631
0.25010504 0.014645838 0.00014645838
0.25041401 0.012967175 0.00012967175
0.25072299 0.012373111 0.00012373111
0.25103196 0.012181186 0.00012181186
0.25134093 0.011842579 0.00011842579
0.2516499 0.014760209 0.00014760209
0.25195887 0.01192799 0.0001192799
0.25226784 0.011015622 0.00011015622
0.25257681 0.013493983 0.00013493983
0.25288577 0.014169373 0.00014169373
0.25319474 0.011079033 0.00011079033
0.2535037 0.017075813 0.00017075813
0.25381266 0.0093776458 9.3776458e-05
0.25412162 0.011950525 0.00011950525
0.25443058 0.011124622 0.00011124622
0.25473954 0.011818723 0.00011818723
0.25504849 0.0089416845 8.9416845e-05
0.25535745 0.016726751 0.00016726751
0.2556664 0.0085212883 8.5212883e-05
0.25597535 0.014387438 0.00014387438
0.2562843 0.013146927 0.00013146927
0.25659325 0.013482158 0.00013482158
0.2569022 0.01207961 0.0001207961
0.25721115 0.011116453 0.00011116453
0.25752009 0.010905508 0.00010905508
0.25782903 0.009820552 9.820552e-05
0.25813798 0.013830123 0.00013830123
0.25844692 0.0091777473 9.1777473e-05
0.25875585 0.009979614 9.979614e-05
0.25906479 0.012117275 0.00012117275
0.25937373 0.015474279 0.00015474279
0.25968266 0.0055816876 5.5816876e-05
0.2599916 0.010639083 0.00010639083
0.26030053 0.0088677901 8.8677901e-05
0.26060946 0.012629194 0.00012629194
0.26091839 0.012630261 0.00012630261
0.26122732 0.0097518427 9.7518427e-05
0.26153624 0.0095401608 9.5401608e-05
0.26184517 0.012032319 0.00012032319
0.26215409 0.014090098 0.00014090098
0.26246301 0.011564312 0.00011564312
0.26277193 0.01210485 0.0001210485
0.26308085 0.011516232 0.00011516232
0.26338977 0.01146264 0.0001146264
0.26369869 0.0121083 0.000121083
0.2640076 0.0115157 0.000115157
0.26431651 0.0089761855 8.9761855e-05
0.26462543 0.0084496124 8.4496124e-05
0.26493434 0.012367549 0.00012367549
0.26524325 0.0083993615 8.3993615e-05
0.26555215 0.0093391238 9.3391238e-05
0.26586106 0.011053597 0.00011053597
0.26616996 0.012085966 0.00012085966
0.26647887 0.011263156 0.00011263156
0.26678777 0.015076372 0.00015076372
0.26709667 0.0093258635 9.3258635e-05
0.26740557 0.011289429 0.00011289429
0.26771447 0.012480267 0.00012480267
0.26802336 0.011504025 0.00011504025
0.26833226 0.011935657 0.00011935657
0.26864115 0.015061338 0.00015061338
0.26895004 0.011962643 0.00011962643
0.26925893 0.016339132 0.00016339132
0.26956782 0.013184402 0.00013184402
0.26987671 0.0090531484 9.0531484e-05
0.27018559 0.012947129 0.00012947129
0.27049448 0.011779347 0.00011779347
0.27080336 0.011309854 0.00011309854
0.27111224 0.01389679 0.0001389679
0.27142112 0.013495342 0.00013495342
0.27173 0.012671394 0.00012671394
0.27203888 0.010277198 0.00010277198
0.27234775 0.014568862 0.00014568862
0.27265663 0.014449948 0.00014449948
0.2729655 0.013443797 0.00013443797
0.27327437 0.014989581 0.00014989581
0.27358324 0.013861036 0.00013861036
0.27389211 0.014920818 0.00014920818
0.27420098 0.011564585 0.00011564585
0.27450984 0.010323004 0.00010323004
0.2748187 0.013677061 0.00013677061
0.27512757 0.014315972 0.00014315972
0.27543643 0.0092492982 9.2492982e-05
0.27574529 0.018329097 0.00018329097
0.27605414 0.012865734 0.00012865734
0.276363 0.015864428 0.00015864428
0.27667185 0.0085344258 8.5344258e-05
0.27698071 0.010939234 0.00010939234
0.27728956 0.012175855 0.00012175855
0.27759841 0.012489132 0.00012489132
0.27790726 0.014290086 0.00014290086
0.2782161 0.014044531 0.00014044531
0.27852495 0.014408311 0.00014408311
0.27883379 0.019469158 0.00019469158
0.27914264 0.014061915 0.00014061915
0.27945148 0.013326981 0.00013326981
0.27976032 0.016289167 0.00016289167
0.28006915 0.0130101 0.000130101
0.28037799 0.017424738 0.00017424738
0.28068683 0.012625581 0.00012625581
0.28099566 0.0097600084 9.7600084e-05
0.28130449 0.015617756 0.00015617756
0.28161332 0.013568448 0.00013568448
0.28192215 0.015799525 0.00015799525
0.28223098 0.014010159 0.00014010159
0.2825398 0.016295026 0.00016295026
0.28284863 0.014093778 0.00014093778
0.28315745 0.017106741 0.00017106741
0.28346627 0.015364575 0.00015364575
0.28377509 0.013590504 0.00013590504
0.28408391 0.016642437 0.00016642437
0.28439272 0.015433183 0.00015433183
0.28470154 0.013855533 0.00013855533
0.28501035 0.017606907 0.00017606907
0.28531916 0.01415399 0.0001415399
0.28562797 0.020597628 0.00020597628
0.28593678 0.012053719 0.00012053719
0.28624559 0.012060085 0.00012060085
0.2865544 0.012176253 0.00012176253
0.2868632 0.016628879 0.00016628879
0.287172 0.013928322 0.00013928322
0.2874808 0.015123175 0.00015123175
0.2877896 0.018599417 0.00018599417
0.2880984 0.017342261 0.00017342261
0.2884072 0.01660795 0.0001660795
0.28871599 0.01331728 0.0001331728
0.28902478 0.018595605 0.00018595605
0.28933358 0.011648109 0.00011648109
0.28964237 0.016908801 0.00016908801
0.28995115 0.02 0.0002
0.29025994 0.015208121 0.00015208121
0.29056873 0.017869365 0.00017869365
0.29087751 0.016793963 0.00016793963
0.29118629 0.020016042 0.00020016042
0.29149507 0.016064966 0.00016064966
0.29180385 0.017143054 0.00017143054
0.29211263 0.016949902 0.00016949902
0.2924214 0.013973435 0.00013973435
0.29273018 0.016056284 0.00016056284
0.29303895 0.017750419 0.00017750419
0.29334772 0.01466929 0.0001466929
0.29365649 0.018036134 0.00018036134
0.29396526 0.014615691 0.00014615691
0.29427402 0.015935593 0.00015935593
0.29458279 0.018847036 0.00018847036
0.29489155 0.011257974 0.00011257974
0.29520031 0.020856674 0.00020856674
0.29550907 0.014681161 0.00014681161
0.29581783 0.01414364 0.0001414364
0.29612659 0.020031907 0.00020031907
0.29643534 0.016477895 0.00016477895
0.2967441 0.020800386 0.00020800386
0.29705285 0.019397324 0.00019397324
0.2973616 0.015344159 0.00015344159
0.29767035 0.017282507 0.00017282507
0.29797909 0.015203634 0.00015203634
0.29828784 0.018077646 0.00018077646
0.29859658 0.018340866 0.00018340866
0.29890532 0.017222357 0.00017222357
0.29921406 0.018407865 0.00018407865
0.2995228 0.014631758 0.00014631758
0.29983154 0.017748917 0.00017748917
