0.010059664 3.9201059 0.039201059
0.010369191 3.8948336 0.038948336
0.010678719 4.0540455 0.040540455
0.010988246 4.1111473 0.041111473
0.011297773 4.1275982 0.041275982
0.0116073 4.2331382 0.042331382
0.011916828 4.2688129 0.042688129
0.012226355 4.2692003 0.042692003
0.012535882 4.3889393 0.043889393
0.012845409 4.418305 0.04418305
0.013154936 4.4627806 0.044627806
0.013464463 4.393561 0.04393561
0.013773989 4.4956731 0.044956731
0.014083516 4.5143619 0.045143619
0.014393043 4.5285258 0.045285258
0.014702569 4.575045 0.04575045
0.015012096 4.5834904 0.045834904
0.015321622 4.579532 0.04579532
0.015631148 4.6324459 0.046324459
0.015940675 4.647374 0.04647374
0.016250201 4.656916 0.04656916
0.016559727 4.6416414 0.046416414
0.016869253 4.6733317 0.046733317
0.017178779 4.6404813 0.046404813
0.017488304 4.6812575 0.046812575
0.01779783 4.6899663 0.046899663
0.018107355 4.675751 0.04675751
0.018416881 4.6624964 0.046624964
0.018726406 4.6614225 0.046614225
0.019035932 4.6908328 0.046908328
0.019345457 4.6797829 0.046797829
0.019654982 4.678164 0.04678164
0.019964507 4.6879469 0.046879469
0.020274032 4.691626 0.04691626
0.020583556 4.6794055 0.046794055
0.020893081 4.7039308 0.047039308
0.021202605 4.6488259 0.046488259
0.02151213 4.6434914 0.046434914
0.021821654 4.6522561 0.046522561
0.022131178 4.6528385 0.046528385
0.022440702 4.6420027 0.046420027
0.022750226 4.633309 0.04633309
0.02305975 4.6347119 0.046347119
0.023369274 4.6031473 0.046031473
0.023678797 4.6263744 0.046263744
0.023988321 4.6174567 0.046174567
0.024297844 4.5730083 0.045730083
0.024607367 4.5694668 0.045694668
0.02491689 4.5800237 0.045800237
0.025226413 4.5591986 0.045591986
0.025535936 4.5652852 0.045652852
0.025845458 4.5478251 0.045478251
0.026154981 4.5177162 0.045177162
0.026464503 4.5353743 0.045353743
0.026774025 4.5384508 0.045384508
0.027083547 4.5057056 0.045057056
0.027393069 4.5125382 0.045125382
0.027702591 4.49765 0.0449765
0.028012112 4.5050653 0.045050653
0.028321634 4.4778748 0.044778748
0.028631155 4.494874 0.04494874
0.028940676 4.4746305 0.044746305
0.029250197 4.474736 0.04474736
0.029559718 4.4772023 0.044772023
0.029869238 4.4448621 0.044448621
0.030178759 4.4649884 0.044649884
0.030488279 4.4594666 0.044594666
0.030797799 4.4516648 0.044516648
0.031107319 4.4480607 0.044480607
0.031416839 4.4222893 0.044222893
0.031726359 4.4040063 0.044040063
0.032035878 4.3945925 0.043945925
0.032345397 4.3963986 0.043963986
0.032654916 4.3991337 0.043991337
0.032964435 4.3697527 0.043697527
0.033273954 4.3449398 0.043449398
0.033583473 4.3567112 0.043567112
0.033892991 4.3455946 0.043455946
0.034202509 4.3369444 0.043369444
0.034512027 4.3283648 0.043283648
0.034821545 4.3056501 0.043056501
0.035131063 4.3039193 0.043039193
0.03544058 4.2956055 0.042956055
0.035750097 4.2840518 0.042840518
0.036059614 4.2773256 0.042773256
0.036369131 4.2826989 0.042826989
0.036678648 4.2695722 0.042695722
0.036988164 4.2558183 0.042558183
0.03729768 4.2395304 0.042395304
0.037607196 4.2393523 0.042393523
0.037916712 4.2281293 0.042281293
0.038226228 4.2073506 0.042073506
0.038535743 4.207568 0.04207568
0.038845259 4.1928009 0.041928009
0.039154774 4.1805123 0.041805123
0.039464288 4.1840857 0.041840857
0.039773803 4.1691481 0.041691481
0.040083317 4.1700121 0.041700121
0.040392831 4.144231 0.04144231
0.040702345 4.1321067 0.041321067
0.041011859 4.13795 0.0413795
0.041321372 4.1167111 0.041167111
0.041630886 4.1113703 0.041113703
0.041940399 4.1115325 0.041115325
0.042249911 4.0920461 0.040920461
0.042559424 4.0762816 0.040762816
0.042868936 4.0790639 0.040790639
0.043178448 4.0514557 0.040514557
0.04348796 4.0474116 0.040474116
0.043797472 4.0473879 0.040473879
0.044106983 4.0381037 0.040381037
0.044416494 4.029259 0.04029259
0.044726005 4.0176898 0.040176898
0.045035516 4.0000044 0.040000044
0.045345026 3.9960607 0.039960607
0.045654536 3.9717786 0.039717786
0.045964046 3.9834122 0.039834122
0.046273556 3.9549779 0.039549779
0.046583065 3.9526412 0.039526412
0.046892575 3.9362788 0.039362788
0.047202083 3.9307932 0.039307932
0.047511592 3.9143948 0.039143948
0.0478211 3.9066659 0.039066659
0.048130609 3.9078339 0.039078339
0.048440116 3.8907411 0.038907411
0.048749624 3.8882492 0.038882492
0.049059131 3.8600887 0.038600887
0.049368638 3.8435074 0.038435074
0.049678145 3.8570716 0.038570716
0.049987652 3.8376754 0.038376754
0.050297158 3.8357193 0.038357193
0.050606664 3.8287188 0.038287188
0.05091617 3.8072783 0.038072783
0.051225675 3.8251107 0.038251107
0.05153518 3.7868129 0.037868129
0.051844685 3.7776147 0.037776147
0.05215419 3.783583 0.03783583
0.052463694 3.7640838 0.037640838
0.052773198 3.7508468 0.037508468
0.053082702 3.7631271 0.037631271
0.053392205 3.7317791 0.037317791
0.053701708 3.7347281 0.037347281
0.054011211 3.7252553 0.037252553
0.054320713 3.7137722 0.037137722
0.054630216 3.7013172 0.037013172
0.054939718 3.6827488 0.036827488
0.055249219 3.6791906 0.036791906
0.055558721 3.6688468 0.036688468
0.055868222 3.6687249 0.036687249
0.056177722 3.6482575 0.036482575
0.056487223 3.6321766 0.036321766
0.056796723 3.6261029 0.036261029
0.057106223 3.6222238 0.036222238
0.057415722 3.6143273 0.036143273
0.057725221 3.5916278 0.035916278
0.05803472 3.5912711 0.035912711
0.058344219 3.578024 0.03578024
0.058653717 3.5675974 0.035675974
0.058963215 3.5424941 0.035424941
0.059272713 3.5469943 0.035469943
0.05958221 3.5383588 0.035383588
0.059891707 3.5505029 0.035505029
0.060201203 3.5227657 0.035227657
0.0605107 3.5088745 0.035088745
0.060820196 3.5070065 0.035070065
0.061129691 3.4763456 0.034763456
0.061439187 3.489302 0.03489302
0.061748681 3.4814506 0.034814506
0.062058176 3.4726577 0.034726577
0.06236767 3.4603508 0.034603508
0.062677164 3.4564501 0.034564501
0.062986658 3.4494254 0.034494254
0.063296151 3.4247558 0.034247558
0.063605644 3.4226054 0.034226054
0.063915137 3.4141953 0.034141953
0.064224629 3.394546 0.03394546
0.064534121 3.3963199 0.033963199
0.064843612 3.3900473 0.033900473
0.065153103 3.3692105 0.033692105
0.065462594 3.3620181 0.033620181
0.065772085 3.3449448 0.033449448
0.066081575 3.3312692 0.033312692
0.066391064 3.331544 0.03331544
0.066700554 3.3193017 0.033193017
0.067010043 3.3111528 0.033111528
0.067319531 3.3031072 0.033031072
0.06762902 3.298516 0.03298516
0.067938508 3.2734882 0.032734882
0.068247995 3.2767407 0.032767407
0.068557482 3.2557047 0.032557047
0.068866969 3.2398259 0.032398259
0.069176455 3.2381608 0.032381608
0.069485941 3.2311072 0.032311072
0.069795427 3.2100172 0.032100172
0.070104912 3.1997049 0.031997049
0.070414397 3.1901628 0.031901628
0.070723882 3.1858554 0.031858554
0.071033366 3.172917 0.03172917
0.07134285 3.162118 0.03162118
0.071652333 3.1538022 0.031538022
0.071961816 3.1410999 0.031410999
0.072271298 3.1233025 0.031233025
0.07258078 3.1242135 0.031242135
0.072890262 3.1082267 0.031082267
0.073199744 3.1045766 0.031045766
0.073509225 3.0916779 0.030916779
0.073818705 3.0743888 0.030743888
0.074128185 3.0687979 0.030687979
0.074437665 3.0630556 0.030630556
0.074747144 3.0479352 0.030479352
0.075056623 3.0429223 0.030429223
0.075366102 3.0304223 0.030304223
0.07567558 3.0213762 0.030213762
0.075985058 3.0045868 0.030045868
0.076294535 2.9898438 0.029898438
0.076604012 2.9897314 0.029897314
0.076913488 2.9797501 0.029797501
0.077222964 2.9645799 0.029645799
0.07753244 2.9489662 0.029489662
0.077841915 2.9404369 0.029404369
0.07815139 2.9356635 0.029356635
0.078460864 2.924069 0.02924069
0.078770338 2.9176136 0.029176136
0.079079812 2.9031489 0.029031489
0.079389285 2.8930776 0.028930776
0.079698757 2.8887546 0.028887546
0.080008229 2.8752234 0.028752234
0.080317701 2.8592877 0.028592877
0.080627172 2.8562139 0.028562139
0.080936643 2.8444306 0.028444306
0.081246114 2.8248387 0.028248387
0.081555584 2.8245701 0.028245701
0.081865053 2.8126279 0.028126279
0.082174522 2.805715 0.02805715
0.082483991 2.7869845 0.027869845
0.082793459 2.7749669 0.027749669
0.083102927 2.7724852 0.027724852
0.083412394 2.7635046 0.027635046
0.083721861 2.7474071 0.027474071
0.084031327 2.7354612 0.027354612
0.084340793 2.72749 0.0272749
0.084650259 2.7091213 0.027091213
0.084959724 2.7135839 0.027135839
0.085269188 2.6931669 0.026931669
0.085578652 2.6898209 0.026898209
0.085888116 2.6733428 0.026733428
0.086197579 2.6596884 0.026596884
0.086507042 2.6516873 0.026516873
0.086816504 2.6480711 0.026480711
0.087125966 2.6311497 0.026311497
0.087435427 2.6231181 0.026231181
0.087744888 2.606302 0.02606302
0.088054348 2.6017853 0.026017853
0.088363808 2.5872054 0.025872054
0.088673267 2.5829218 0.025829218
0.088982726 2.5741604 0.025741604
0.089292184 2.5660778 0.025660778
0.089601642 2.5568415 0.025568415
0.089911099 2.5459328 0.025459328
0.090220556 2.5342477 0.025342477
0.090530013 2.5245093 0.025245093
0.090839469 2.5180147 0.025180147
0.091148924 2.5031223 0.025031223
0.091458379 2.4931756 0.024931756
0.091767833 2.4838206 0.024838206
0.092077287 2.4626665 0.024626665
0.092386741 2.4545312 0.024545312
0.092696194 2.4518927 0.024518927
0.093005646 2.4500871 0.024500871
0.093315098 2.4320359 0.024320359
0.093624549 2.4207523 0.024207523
0.093934 2.4087118 0.024087118
0.09424345 2.3961572 0.023961572
0.0945529 2.3890078 0.023890078
0.09486235 2.3803997 0.023803997
0.095171798 2.368237 0.02368237
0.095481247 2.3563393 0.023563393
0.095790694 2.3486916 0.023486916
0.096100142 2.3402379 0.023402379
0.096409588 2.3302942 0.023302942
0.096719035 2.3138495 0.023138495
0.09702848 2.3039272 0.023039272
0.097337925 2.2964354 0.022964354
0.09764737 2.287552 0.02287552
0.097956814 2.2829382 0.022829382
0.098266257 2.2580992 0.022580992
0.0985757 2.2553464 0.022553464
0.098885143 2.2476384 0.022476384
0.099194585 2.2359554 0.022359554
0.099504026 2.2236824 0.022236824
0.099813467 2.2154408 0.022154408
0.10012291 2.1985135 0.021985135
0.10043235 2.1943717 0.021943717
0.10074179 2.1802297 0.021802297
0.10105122 2.1781758 0.021781758
0.10136066 2.1669666 0.021669666
0.1016701 2.1607246 0.021607246
0.10197954 2.143894 0.02143894
0.10228897 2.1338634 0.021338634
0.10259841 2.1221476 0.021221476
0.10290785 2.1162116 0.021162116
0.10321728 2.1059766 0.021059766
0.10352671 2.0933025 0.020933025
0.10383615 2.0846408 0.020846408
0.10414558 2.0761812 0.020761812
0.10445501 2.0615481 0.020615481
0.10476445 2.0507748 0.020507748
0.10507388 2.0431919 0.020431919
0.10538331 2.0360978 0.020360978
0.10569274 2.0277033 0.020277033
0.10600217 2.0142887 0.020142887
0.1063116 2.0056002 0.020056002
0.10662102 1.9978205 0.019978205
0.10693045 1.9865183 0.019865183
0.10723988 1.973821 0.01973821
0.10754931 1.9658656 0.019658656
0.10785873 1.9530751 0.019530751
0.10816816 1.9462644 0.019462644
0.10847758 1.9422507 0.019422507
0.10878701 1.9246719 0.019246719
0.10909643 1.9235692 0.019235692
0.10940585 1.9068165 0.019068165
0.10971528 1.8970673 0.018970673
0.1100247 1.8867236 0.018867236
0.11033412 1.8831828 0.018831828
0.11064354 1.8732415 0.018732415
0.11095296 1.863604 0.01863604
0.11126238 1.8499534 0.018499534
0.1115718 1.8405963 0.018405963
0.11188122 1.8305819 0.018305819
0.11219064 1.8240283 0.018240283
0.11250005 1.8151417 0.018151417
0.11280947 1.8026947 0.018026947
0.11311889 1.7910546 0.017910546
0.1134283 1.7852317 0.017852317
0.11373772 1.7722854 0.017722854
0.11404713 1.7619199 0.017619199
0.11435654 1.753864 0.01753864
0.11466596 1.7457053 0.017457053
0.11497537 1.7362509 0.017362509
0.11528478 1.7245785 0.017245785
0.11559419 1.7162956 0.017162956
0.1159036 1.7094529 0.017094529
0.11621301 1.6977531 0.016977531
0.11652242 1.6915693 0.016915693
0.11683183 1.6781688 0.016781688
0.11714124 1.6687606 0.016687606
0.11745064 1.6614657 0.016614657
0.11776005 1.6484539 0.016484539
0.11806945 1.6420434 0.016420434
0.11837886 1.63325 0.0163325
0.11868826 1.6218767 0.016218767
0.11899767 1.6193172 0.016193172
0.11930707 1.6097917 0.016097917
0.11961647 1.5993636 0.015993636
0.11992588 1.586983 0.01586983
0.12023528 1.5750963 0.015750963
0.12054468 1.5729614 0.015729614
0.12085408 1.5624054 0.015624054
0.12116348 1.5550344 0.015550344
0.12147288 1.5439879 0.015439879
0.12178227 1.5334007 0.015334007
0.12209167 1.527817 0.01527817
0.12240107 1.5180123 0.015180123
0.12271046 1.5095584 0.015095584
0.12301986 1.4988134 0.014988134
0.12332925 1.4880985 0.014880985
0.12363865 1.483579 0.01483579
0.12394804 1.4684038 0.014684038
0.12425743 1.4681389 0.014681389
0.12456683 1.4567678 0.014567678
0.12487622 1.4506241 0.014506241
0.12518561 1.43871 0.0143871
0.125495 1.43255 0.0143255
0.12580439 1.4263639 0.014263639
0.12611377 1.4171125 0.014171125
0.12642316 1.4061219 0.014061219
0.12673255 1.3948937 0.013948937
0.12704194 1.3841056 0.013841056
0.12735132 1.3761252 0.013761252
0.12766071 1.3765351 0.013765351
0.12797009 1.3620661 0.013620661
0.12827947 1.3541071 0.013541071
0.12858886 1.3463673 0.013463673
0.12889824 1.3364191 0.013364191
0.12920762 1.3280611 0.013280611
0.129517 1.322033 0.01322033
0.12982638 1.3134745 0.013134745
0.13013576 1.3028424 0.013028424
0.13044514 1.2933888 0.012933888
0.13075452 1.2883907 0.012883907
0.1310639 1.2805725 0.012805725
0.13137327 1.2732088 0.012732088
0.13168265 1.2622641 0.012622641
0.13199202 1.2586583 0.012586583
0.1323014 1.2488848 0.012488848
0.13261077 1.2372772 0.012372772
0.13292015 1.2343116 0.012343116
0.13322952 1.2251206 0.012251206
0.13353889 1.2134941 0.012134941
0.13384826 1.2104728 0.012104728
0.13415763 1.2016046 0.012016046
0.134467 1.1942711 0.011942711
0.13477637 1.1894271 0.011894271
0.13508574 1.1754521 0.011754521
0.1353951 1.1690739 0.011690739
0.13570447 1.1623811 0.011623811
0.13601383 1.150236 0.01150236
0.1363232 1.1433702 0.011433702
0.13663256 1.1417778 0.011417778
0.13694193 1.1283878 0.011283878
0.13725129 1.1195157 0.011195157
0.13756065 1.1138169 0.011138169
0.13787001 1.1058993 0.011058993
0.13817937 1.1013235 0.011013235
0.13848873 1.0882081 0.010882081
0.13879809 1.0842217 0.010842217
0.13910745 1.0786092 0.010786092
0.13941681 1.072889 0.01072889
0.13972616 1.0630662 0.010630662
0.14003552 1.0517028 0.010517028
0.14034488 1.0499464 0.010499464
0.14065423 1.044588 0.01044588
0.14096358 1.0332723 0.010332723
0.14127294 1.0243005 0.010243005
0.14158229 1.0200698 0.010200698
0.14189164 1.0156246 0.010156246
0.14220099 1.0075723 0.010075723
0.14251034 0.99520789 0.0099520789
0.14281969 0.98936207 0.0098936207
0.14312904 0.98388699 0.0098388699
0.14343838 0.97032344 0.0097032344
0.14374773 0.96944045 0.0096944045
0.14405708 0.9646879 0.009646879
0.14436642 0.95753341 0.0095753341
0.14467577 0.95108815 0.0095108815
0.14498511 0.93926324 0.0093926324
0.14529445 0.93962541 0.0093962541
0.14560379 0.92805046 0.0092805046
0.14591314 0.92360504 0.0092360504
0.14622248 0.91730991 0.0091730991
0.14653182 0.91177677 0.0091177677
0.14684115 0.90307087 0.0090307087
0.14715049 0.89515639 0.0089515639
0.14745983 0.88612616 0.0088612616
0.14776917 0.87937327 0.0087937327
0.1480785 0.87135959 0.0087135959
0.14838784 0.87012012 0.0087012012
0.14869717 0.8619115 0.008619115
0.1490065 0.85421855 0.0085421855
0.14931583 0.84740602 0.0084740602
0.14962517 0.84025499 0.0084025499
0.1499345 0.83772983 0.0083772983
0.15024383 0.83107854 0.0083107854
0.15055316 0.82401164 0.0082401164
0.15086248 0.81323836 0.0081323836
0.15117181 0.81026645 0.0081026645
0.15148114 0.80827727 0.0080827727
0.15179046 0.79813877 0.0079813877
0.15209979 0.79103859 0.0079103859
0.15240911 0.78489077 0.0078489077
0.15271844 0.77946294 0.0077946294
0.15302776 0.77364221 0.0077364221
0.15333708 0.76354951 0.0076354951
0.1536464 0.76056882 0.0076056882
0.15395572 0.756232 0.00756232
0.15426504 0.74872165 0.0074872165
0.15457436 0.7463651 0.007463651
0.15488367 0.74424858 0.0074424858
0.15519299 0.73264348 0.0073264348
0.15550231 0.72861227 0.0072861227
0.15581162 0.71596157 0.0071596157
0.15612093 0.70557239 0.0070557239
0.15643025 0.70369756 0.0070369756
0.15673956 0.7043745 0.007043745
0.15704887 0.69640996 0.0069640996
0.15735818 0.69019017 0.0069019017
0.15766749 0.68118339 0.0068118339
0.1579768 0.67697429 0.0067697429
0.15828611 0.67224049 0.0067224049
0.15859542 0.66679317 0.0066679317
0.15890472 0.66059544 0.0066059544
0.15921403 0.65791369 0.0065791369
0.15952333 0.65227794 0.0065227794
0.15983264 0.64453695 0.0064453695
0.16014194 0.64028213 0.0064028213
0.16045124 0.63500813 0.0063500813
0.16076054 0.63079339 0.0063079339
0.16106984 0.62401199 0.0062401199
0.16137914 0.61633324 0.0061633324
0.16168844 0.61321502 0.0061321502
0.16199774 0.60830066 0.0060830066
0.16230703 0.60269479 0.0060269479
0.16261633 0.59846578 0.0059846578
0.16292562 0.59475581 0.0059475581
0.16323492 0.58823351 0.0058823351
0.16354421 0.58310151 0.0058310151
0.1638535 0.57947781 0.0057947781
0.16416279 0.5715284 0.005715284
0.16447208 0.56479265 0.0056479265
0.16478137 0.56204064 0.0056204064
0.16509066 0.55506653 0.0055506653
0.16539995 0.54921168 0.0054921168
0.16570924 0.55033866 0.0055033866
0.16601852 0.54265741 0.0054265741
0.16632781 0.53593049 0.0053593049
0.16663709 0.52919615 0.0052919615
0.16694637 0.52980308 0.0052980308
0.16725566 0.52208259 0.0052208259
0.16756494 0.5189796 0.005189796
0.16787422 0.51293743 0.0051293743
0.1681835 0.50855088 0.0050855088
0.16849278 0.50487664 0.0050487664
0.16880205 0.50065464 0.0050065464
0.16911133 0.49764671 0.0049764671
0.16942061 0.49085217 0.0049085217
0.16972988 0.48458151 0.0048458151
0.17003916 0.48118014 0.0048118014
0.17034843 0.47529003 0.0047529003
0.1706577 0.47253441 0.0047253441
0.17096697 0.46721016 0.0046721016
0.17127624 0.46335 0.0046335
0.17158551 0.4580535 0.004580535
0.17189478 0.45426488 0.0045426488
0.17220405 0.45105453 0.0045105453
0.17251331 0.4466378 0.004466378
0.17282258 0.43957173 0.0043957173
0.17313184 0.43813067 0.0043813067
0.17344111 0.43674333 0.0043674333
0.17375037 0.42965873 0.0042965873
0.17405963 0.42582409 0.0042582409
0.17436889 0.42158741 0.0042158741
0.17467815 0.41817919 0.0041817919
0.17498741 0.41856575 0.0041856575
0.17529667 0.41028102 0.0041028102
0.17560593 0.40363175 0.0040363175
0.17591518 0.4011759 0.004011759
0.17622444 0.39821708 0.0039821708
0.17653369 0.3886692 0.003886692
0.17684295 0.3914539 0.003914539
0.1771522 0.38461138 0.0038461138
0.17746145 0.38154005 0.0038154005
0.1777707 0.3796796 0.003796796
0.17807995 0.375379 0.00375379
0.1783892 0.37060817 0.0037060817
0.17869844 0.36658793 0.0036658793
0.17900769 0.36412921 0.0036412921
0.17931694 0.36128578 0.0036128578
0.17962618 0.35929073 0.0035929073
0.17993542 0.35065775 0.0035065775
0.18024467 0.35174486 0.0035174486
0.18055391 0.34551455 0.0034551455
0.18086315 0.33945914 0.0033945914
0.18117239 0.33887546 0.0033887546
0.18148163 0.33264578 0.0033264578
0.18179086 0.3308898 0.003308898
0.1821001 0.32881833 0.0032881833
0.18240934 0.32378278 0.0032378278
0.18271857 0.31944491 0.0031944491
0.1830278 0.31483295 0.0031483295
0.18333704 0.31342801 0.0031342801
0.18364627 0.30780974 0.0030780974
0.1839555 0.30877264 0.0030877264
0.18426473 0.30354262 0.0030354262
0.18457396 0.30140223 0.0030140223
0.18488318 0.29829001 0.0029829001
0.18519241 0.29351832 0.0029351832
0.18550164 0.29048216 0.0029048216
0.18581086 0.28753291 0.0028753291
0.18612009 0.28315806 0.0028315806
0.18642931 0.28100601 0.0028100601
0.18673853 0.2783318 0.002783318
0.18704775 0.27498407 0.0027498407
0.18735697 0.27136859 0.0027136859
0.18766619 0.26970443 0.0026970443
0.1879754 0.26478252 0.0026478252
0.18828462 0.26332042 0.0026332042
0.18859384 0.26324755 0.0026324755
0.18890305 0.25902472 0.0025902472
0.18921226 0.25629327 0.0025629327
0.18952148 0.25438946 0.0025438946
0.18983069 0.25028466 0.0025028466
0.1901399 0.24499967 0.0024499967
0.19044911 0.2429711 0.002429711
0.19075832 0.23835133 0.0023835133
0.19106752 0.23578586 0.0023578586
0.19137673 0.237535 0.00237535
0.19168593 0.23271885 0.0023271885
0.19199514 0.23213428 0.0023213428
0.19230434 0.223656 0.00223656
0.19261354 0.2251965 0.002251965
0.19292274 0.22250539 0.0022250539
0.19323194 0.21903678 0.0021903678
0.19354114 0.21639911 0.0021639911
0.19385034 0.2150312 0.002150312
0.19415954 0.21358741 0.0021358741
0.19446873 0.20960949 0.0020960949
0.19477793 0.20648396 0.0020648396
0.19508712 0.20407926 0.0020407926
0.19539631 0.20197778 0.0020197778
0.1957055 0.19774782 0.0019774782
0.19601469 0.19711711 0.0019711711
0.19632388 0.19537341 0.0019537341
0.19663307 0.19097568 0.0019097568
0.19694226 0.18713241 0.0018713241
0.19725144 0.18876525 0.0018876525
0.19756063 0.18861318 0.0018861318
0.19786981 0.18400465 0.0018400465
0.19817899 0.18082553 0.0018082553
0.19848818 0.17520857 0.0017520857
0.19879736 0.17637836 0.0017637836
0.19910654 0.17644257 0.0017644257
0.19941572 0.17193307 0.0017193307
0.19972489 0.16733418 0.0016733418
0.20003407 0.16890836 0.0016890836
0.20034324 0.16515066 0.0016515066
0.20065242 0.16363827 0.0016363827
0.20096159 0.16237988 0.0016237988
0.20127076 0.15984774 0.0015984774
0.20157993 0.16083582 0.0016083582
0.2018891 0.15345331 0.0015345331
0.20219827 0.15055857 0.0015055857
0.20250744 0.15218826 0.0015218826
0.20281661 0.14917183 0.0014917183
0.20312577 0.14967628 0.0014967628
0.20343493 0.14405763 0.0014405763
0.2037441 0.14463116 0.0014463116
0.20405326 0.14129185 0.0014129185
0.20436242 0.13674281 0.0013674281
0.20467158 0.14104694 0.0014104694
0.20498074 0.13559548 0.0013559548
0.2052899 0.13627636 0.0013627636
0.20559905 0.13449746 0.0013449746
0.20590821 0.1296132 0.001296132
0.20621736 0.13182136 0.0013182136
0.20652651 0.12558301 0.0012558301
0.20683567 0.12328713 0.0012328713
0.20714482 0.12176822 0.0012176822
0.20745397 0.12103164 0.0012103164
0.20776312 0.12213354 0.0012213354
0.20807226 0.12119937 0.0012119937
0.20838141 0.11909026 0.0011909026
0.20869055 0.11742973 0.0011742973
0.2089997 0.1130939 0.001130939
0.20930884 0.11426431 0.0011426431
0.20961798 0.11381869 0.0011381869
0.20992712 0.11302199 0.0011302199
0.21023626 0.10861233 0.0010861233
0.2105454 0.10629385 0.0010629385
0.21085454 0.10396966 0.0010396966
0.21116367 0.10364711 0.0010364711
0.21147281 0.10024329 0.0010024329
0.21178194 0.10271153 0.0010271153
0.21209107 0.10078371 0.0010078371
0.21240021 0.10126276 0.0010126276
0.21270934 0.096384522 0.00096384522
0.21301846 0.094108223 0.00094108223
0.21332759 0.093141064 0.00093141064
0.21363672 0.094388939 0.00094388939
0.21394584 0.090217908 0.00090217908
0.21425497 0.091414497 0.00091414497
0.21456409 0.090304052 0.00090304052
0.21487321 0.08712735 0.0008712735
0.21518234 0.087782593 0.00087782593
0.21549145 0.085364673 0.00085364673
0.21580057 0.083808875 0.00083808875
0.21610969 0.08201867 0.0008201867
0.21641881 0.078099754 0.00078099754
0.21672792 0.08275144 0.0008275144
0.21703704 0.076293388 0.00076293388
0.21734615 0.077465597 0.00077465597
0.21765526 0.077452584 0.00077452584
0.21796437 0.077986458 0.00077986458
0.21827348 0.072570891 0.00072570891
0.21858259 0.071064178 0.00071064178
0.21889169 0.072486605 0.00072486605
0.2192008 0.072689952 0.00072689952
0.2195099 0.070626349 0.00070626349
0.21981901 0.066685388 0.00066685388
0.22012811 0.068785848 0.00068785848
0.22043721 0.069858318 0.00069858318
0.22074631 0.067794258 0.00067794258
0.22105541 0.062807872 0.00062807872
0.2213645 0.064843412 0.00064843412
0.2216736 0.06384753 0.0006384753
0.22198269 0.06443061 0.0006443061
0.22229179 0.061684642 0.00061684642
0.22260088 0.062719745 0.00062719745
0.22290997 0.060543506 0.00060543506
0.22321906 0.058157703 0.00058157703
0.22352815 0.059112944 0.00059112944
0.22383724 0.054453221 0.00054453221
0.22414632 0.055817272 0.00055817272
0.22445541 0.053698154 0.00053698154
0.22476449 0.053690654 0.00053690654
0.22507357 0.053078662 0.00053078662
0.22538265 0.0531041 0.000531041
0.22569174 0.053579151 0.00053579151
0.22600081 0.050146365 0.00050146365
0.22630989 0.049986112 0.00049986112
0.22661897 0.050288416 0.00050288416
0.22692804 0.048711486 0.00048711486
0.22723712 0.049418914 0.00049418914
0.22754619 0.0459896 0.000459896
0.22785526 0.04755919 0.0004755919
0.22816433 0.046008595 0.00046008595
0.2284734 0.047735563 0.00047735563
0.22878247 0.045851881 0.00045851881
0.22909153 0.044869585 0.00044869585
0.2294006 0.044855241 0.00044855241
0.22970966 0.040308829 0.00040308829
0.23001873 0.040235095 0.00040235095
0.23032779 0.040992535 0.00040992535
0.23063685 0.041701395 0.00041701395
0.23094591 0.041226806 0.00041226806
0.23125496 0.03789687 0.0003789687
0.23156402 0.040047006 0.00040047006
0.23187308 0.035728757 0.00035728757
0.23218213 0.037706827 0.00037706827
0.23249118 0.035488903 0.00035488903
0.23280023 0.035130164 0.00035130164
0.23310928 0.036874256 0.00036874256
0.23341833 0.034693079 0.00034693079
0.23372738 0.036451636 0.00036451636
0.23403643 0.035364518 0.00035364518
0.23434547 0.033933045 0.00033933045
0.23465451 0.032815342 0.00032815342
0.23496356 0.033423775 0.00033423775
0.2352726 0.035128279 0.00035128279
0.23558164 0.035657213 0.00035657213
0.23589068 0.030314803 0.00030314803
0.23619971 0.030579776 0.00030579776
0.23650875 0.031964574 0.00031964574
0.23681778 0.02764224 0.0002764224
0.23712682 0.029036144 0.00029036144
0.23743585 0.028006528 0.00028006528
0.23774488 0.028161608 0.00028161608
0.23805391 0.027654339 0.00027654339
0.23836294 0.030771151 0.00030771151
0.23867197 0.030837272 0.00030837272
0.23898099 0.02407445 0.0002407445
0.23929002 0.023541542 0.00023541542
0.23959904 0.023532639 0.00023532639
0.23990806 0.030819101 0.00030819101
0.24021708 0.026125331 0.00026125331
0.2405261 0.02696405 0.0002696405
0.24083512 0.023240696 0.00023240696
0.24114413 0.028691411 0.00028691411
0.24145315 0.02329967 0.0002329967
0.24176216 0.023321044 0.00023321044
0.24207118 0.026450387 0.00026450387
0.24238019 0.022460774 0.00022460774
0.2426892 0.023172486 0.00023172486
0.24299821 0.023005518 0.00023005518
0.24330721 0.024178029 0.00024178029
0.24361622 0.021293015 0.00021293015
0.24392522 0.019637098 0.00019637098
0.24423423 0.01976632 0.0001976632
0.24454323 0.020366626 0.00020366626
0.24485223 0.019760808 0.00019760808
0.24516123 0.021668269 0.00021668269
0.24547023 0.019041034 0.00019041034
0.24577922 0.02063354 0.0002063354
0.24608822 0.017586983 0.00017586983
0.24639721 0.016940773 0.00016940773
0.24670621 0.018390836 0.00018390836
0.2470152 0.018277593 0.00018277593
0.24732419 0.019390872 0.00019390872
0.24763318 0.020657263 0.00020657263
0.24794216 0.015999047 0.00015999047
0.24825115 0.01472862 0.0001472862
0.24856013 0.017900806 0.00017900806
0.24886912 0.018805404 0.00018805404
0.2491781 0.018210947 0.00018210947
0.24948708 0.016290906 0.00016290906
0.24979606 0.020463214 0.00020463214
0.25010504 0.019058487 0.00019058487
0.25041401 0.016680413 0.00016680413
0.25072299 0.017492382 0.00017492382
0.25103196 0.017299187 0.00017299187
0.25134093 0.017476376 0.00017476376
0.2516499 0.01736428 0.0001736428
0.25195887 0.017652427 0.00017652427
0.25226784 0.015396092 0.00015396092
0.25257681 0.017808932 0.00017808932
0.25288577 0.019144538 0.00019144538
0.25319474 0.017786855 0.00017786855
0.2535037 0.021343986 0.00021343986
0.25381266 0.019131317 0.00019131317
0.25412162 0.017355569 0.00017355569
0.25443058 0.016317218 0.00016317218
0.25473954 0.015751482 0.00015751482
0.25504849 0.016093833 0.00016093833
0.25535745 0.020924935 0.00020924935
0.2556664 0.015724741 0.00015724741
0.25597535 0.017788426 0.00017788426
0.2562843 0.016352499 0.00016352499
0.25659325 0.018448369 0.00018448369
0.2569022 0.015849715 0.00015849715
0.25721115 0.015621962 0.00015621962
0.25752009 0.015738894 0.00015738894
0.25782903 0.01366018 0.0001366018
0.25813798 0.016747149 0.00016747149
0.25844692 0.016253893 0.00016253893
0.25875585 0.01727503 0.0001727503
0.25906479 0.015340459 0.00015340459
0.25937373 0.019934762 0.00019934762
0.25968266 0.012612982 0.00012612982
0.2599916 0.016779807 0.00016779807
0.26030053 0.014450326 0.00014450326
0.26060946 0.016013436 0.00016013436
0.26091839 0.014941147 0.00014941147
0.26122732 0.015882578 0.00015882578
0.26153624 0.016305767 0.00016305767
0.26184517 0.014707554 0.00014707554
0.26215409 0.016964909 0.00016964909
0.26246301 0.017275788 0.00017275788
0.26277193 0.013460109 0.00013460109
0.26308085 0.013239834 0.00013239834
0.26338977 0.016495465 0.00016495465
0.26369869 0.01758262 0.0001758262
0.2640076 0.015806925 0.00015806925
0.26431651 0.016293957 0.00016293957
0.26462543 0.01381321 0.0001381321
0.26493434 0.013528009 0.00013528009
0.26524325 0.012781048 0.00012781048
0.26555215 0.012368532 0.00012368532
0.26586106 0.014474674 0.00014474674
0.26616996 0.015836999 0.00015836999
0.26647887 0.015274854 0.00015274854
0.26678777 0.016189677 0.00016189677
0.26709667 0.014815362 0.00014815362
0.26740557 0.015248056 0.00015248056
0.26771447 0.016978942 0.00016978942
0.26802336 0.018079347 0.00018079347
0.26833226 0.017212573 0.00017212573
0.26864115 0.018894911 0.00018894911
0.26895004 0.01714951 0.0001714951
0.26925893 0.016126353 0.00016126353
0.26956782 0.016995725 0.00016995725
0.26987671 0.015543699 0.00015543699
0.27018559 0.013743957 0.00013743957
0.27049448 0.014836793 0.00014836793
0.27080336 0.014409846 0.00014409846
0.27111224 0.014492202 0.00014492202
0.27142112 0.016655439 0.00016655439
0.27173 0.01764606 0.0001764606
0.27203888 0.014814712 0.00014814712
0.27234775 0.019847287 0.00019847287
0.27265663 0.018061633 0.00018061633
0.2729655 0.017108929 0.00017108929
0.27327437 0.014960918 0.00014960918
0.27358324 0.019393006 0.00019393006
0.27389211 0.020349706 0.00020349706
0.27420098 0.015302979 0.00015302979
0.27450984 0.019169465 0.00019169465
0.2748187 0.021537767 0.00021537767
0.27512757 0.017461768 0.00017461768
0.27543643 0.016834937 0.00016834937
0.27574529 0.023585772 0.00023585772
0.27605414 0.014495991 0.00014495991
0.276363 0.019031121 0.00019031121
0.27667185 0.012834214 0.00012834214
0.27698071 0.016014492 0.00016014492
0.27728956 0.015795342 0.00015795342
0.27759841 0.014510485 0.00014510485
0.27790726 0.016526804 0.00016526804
0.2782161 0.016573156 0.00016573156
0.27852495 0.019945881 0.00019945881
0.27883379 0.021595817 0.00021595817
0.27914264 0.018187219 0.00018187219
0.27945148 0.018351303 0.00018351303
0.27976032 0.019276156 0.00019276156
0.28006915 0.018821429 0.00018821429
0.28037799 0.019762229 0.00019762229
0.28068683 0.019801474 0.00019801474
0.28099566 0.016235685 0.00016235685
0.28130449 0.021742635 0.00021742635
0.28161332 0.021470917 0.00021470917
0.28192215 0.019926095 0.00019926095
0.28223098 0.017747754 0.00017747754
0.2825398 0.019776785 0.00019776785
0.28284863 0.017065978 0.00017065978
0.28315745 0.024039459 0.00024039459
0.28346627 0.018244088 0.00018244088
0.28377509 0.021351771 0.00021351771
0.28408391 0.021537782 0.00021537782
0.28439272 0.022321793 0.00022321793
0.28470154 0.017976261 0.00017976261
0.28501035 0.021277684 0.00021277684
0.28531916 0.019672642 0.00019672642
0.28562797 0.022765119 0.00022765119
0.28593678 0.021004458 0.00021004458
0.28624559 0.020259821 0.00020259821
0.2865544 0.017322916 0.00017322916
0.2868632 0.018752399 0.00018752399
0.287172 0.019379767 0.00019379767
0.2874808 0.023443738 0.00023443738
0.2877896 0.022365584 0.00022365584
0.2880984 0.024428554 0.00024428554
0.2884072 0.019911257 0.00019911257
0.28871599 0.021158247 0.00021158247
0.28902478 0.019165524 0.00019165524
0.28933358 0.016241474 0.00016241474
0.28964237 0.021506789 0.00021506789
0.28995115 0.02 0.0002
0.29025994 0.018378403 0.00018378403
0.29056873 0.022174609 0.00022174609
0.29087751 0.027051112 0.00027051112
0.29118629 0.020440405 0.00020440405
0.29149507 0.020809177 0.00020809177
0.29180385 0.021992312 0.00021992312
0.29211263 0.020661913 0.00020661913
0.2924214 0.01899504 0.0001899504
0.29273018 0.022415505 0.00022415505
0.29303895 0.022378199 0.00022378199
0.29334772 0.022119685 0.00022119685
0.29365649 0.022911058 0.00022911058
0.29396526 0.01941806 0.0001941806
0.29427402 0.023923867 0.00023923867
0.29458279 0.021601832 0.00021601832
0.29489155 0.018534738 0.00018534738
0.29520031 0.024682431 0.00024682431
0.29550907 0.020173349 0.00020173349
0.29581783 0.019984562 0.00019984562
0.29612659 0.026586675 0.00026586675
0.29643534 0.022967019 0.00022967019
0.2967441 0.027018383 0.00027018383
0.29705285 0.024955347 0.00024955347
0.2973616 0.023883478 0.00023883478
0.29767035 0.02457625 0.0002457625
0.29797909 0.023555921 0.00023555921
0.29828784 0.022005166 0.00022005166
0.29859658 0.024554766 0.00024554766
0.29890532 0.02128728 0.0002128728
0.29921406 0.024600589 0.00024600589
0.2995228 0.022093515 0.00022093515
0.29983154 0.022431953 0.00022431953
