0.010059664 2.6373479 0.026373479
0.010369191 2.5762741 0.025762741
0.010678719 2.6603606 0.026603606
0.010988246 2.6887717 0.026887717
0.011297773 2.7056583 0.027056583
0.0116073 2.6882324 0.026882324
0.011916828 2.7516678 0.027516678
0.012226355 2.6722531 0.026722531
0.012535882 2.7066002 0.027066002
0.012845409 2.7421074 0.027421074
0.013154936 2.7335968 0.027335968
0.013464463 2.7194195 0.027194195
0.013773989 2.7753357 0.027753357
0.014083516 2.736922 0.02736922
0.014393043 2.7616618 0.027616618
0.014702569 2.8119818 0.028119818
0.015012096 2.7890916 0.027890916
0.015321622 2.7828569 0.027828569
0.015631148 2.7890107 0.027890107
0.015940675 2.7882106 0.027882106
0.016250201 2.8226639 0.028226639
0.016559727 2.7931057 0.027931057
0.016869253 2.7759651 0.027759651
0.017178779 2.811491 0.02811491
0.017488304 2.8461747 0.028461747
0.01779783 2.8253255 0.028253255
0.018107355 2.810875 0.02810875
0.018416881 2.7913658 0.027913658
0.018726406 2.7970799 0.027970799
0.019035932 2.8154351 0.028154351
0.019345457 2.8020043 0.028020043
0.019654982 2.8019275 0.028019275
0.019964507 2.8095886 0.028095886
0.020274032 2.8232423 0.028232423
0.020583556 2.7865713 0.027865713
0.020893081 2.8172328 0.028172328
0.021202605 2.7738151 0.027738151
0.02151213 2.785907 0.02785907
0.021821654 2.8066584 0.028066584
0.022131178 2.7916407 0.027916407
0.022440702 2.7919988 0.027919988
0.022750226 2.8060723 0.028060723
0.02305975 2.8025012 0.028025012
0.023369274 2.7900158 0.027900158
0.023678797 2.784769 0.02784769
0.023988321 2.8008135 0.028008135
0.024297844 2.7805247 0.027805247
0.024607367 2.7644702 0.027644702
0.02491689 2.7649096 0.027649096
0.025226413 2.7689498 0.027689498
0.025535936 2.7827077 0.027827077
0.025845458 2.7601902 0.027601902
0.026154981 2.7718651 0.027718651
0.026464503 2.7355642 0.027355642
0.026774025 2.7581192 0.027581192
0.027083547 2.7254529 0.027254529
0.027393069 2.7357798 0.027357798
0.027702591 2.7261282 0.027261282
0.028012112 2.7396765 0.027396765
0.028321634 2.7178347 0.027178347
0.028631155 2.7166749 0.027166749
0.028940676 2.7074803 0.027074803
0.029250197 2.6926677 0.026926677
0.029559718 2.6860423 0.026860423
0.029869238 2.6823603 0.026823603
0.030178759 2.7071368 0.027071368
0.030488279 2.6817701 0.026817701
0.030797799 2.6898684 0.026898684
0.031107319 2.6775181 0.026775181
0.031416839 2.6684284 0.026684284
0.031726359 2.6513199 0.026513199
0.032035878 2.6558315 0.026558315
0.032345397 2.6577136 0.026577136
0.032654916 2.652869 0.02652869
0.032964435 2.6370861 0.026370861
0.033273954 2.6326587 0.026326587
0.033583473 2.6396551 0.026396551
0.033892991 2.6289703 0.026289703
0.034202509 2.6176138 0.026176138
0.034512027 2.6103733 0.026103733
0.034821545 2.603757 0.02603757
0.035131063 2.5988436 0.025988436
0.03544058 2.6041955 0.026041955
0.035750097 2.5965348 0.025965348
0.036059614 2.5821851 0.025821851
0.036369131 2.5883305 0.025883305
0.036678648 2.5864211 0.025864211
0.036988164 2.57637 0.0257637
0.03729768 2.5670757 0.025670757
0.037607196 2.5642429 0.025642429
0.037916712 2.5553097 0.025553097
0.038226228 2.5487179 0.025487179
0.038535743 2.5517794 0.025517794
0.038845259 2.5519979 0.025519979
0.039154774 2.5346595 0.025346595
0.039464288 2.5309188 0.025309188
0.039773803 2.5080776 0.025080776
0.040083317 2.5245671 0.025245671
0.040392831 2.5035785 0.025035785
0.040702345 2.5040598 0.025040598
0.041011859 2.4916786 0.024916786
0.041321372 2.4867022 0.024867022
0.041630886 2.4863302 0.024863302
0.041940399 2.4898827 0.024898827
0.042249911 2.4639351 0.024639351
0.042559424 2.4698492 0.024698492
0.042868936 2.4585118 0.024585118
0.043178448 2.4446615 0.024446615
0.04348796 2.4495764 0.024495764
0.043797472 2.4449268 0.024449268
0.044106983 2.4523742 0.024523742
0.044416494 2.4399863 0.024399863
0.044726005 2.4294419 0.024294419
0.045035516 2.4140498 0.024140498
0.045345026 2.4178431 0.024178431
0.045654536 2.4027698 0.024027698
0.045964046 2.4045886 0.024045886
0.046273556 2.3978929 0.023978929
0.046583065 2.390514 0.02390514
0.046892575 2.3710166 0.023710166
0.047202083 2.3749662 0.023749662
0.047511592 2.367416 0.02367416
0.0478211 2.3541903 0.023541903
0.048130609 2.37215 0.0237215
0.048440116 2.3459568 0.023459568
0.048749624 2.3443435 0.023443435
0.049059131 2.3278272 0.023278272
0.049368638 2.3200223 0.023200223
0.049678145 2.341685 0.02341685
0.049987652 2.3147014 0.023147014
0.050297158 2.3201923 0.023201923
0.050606664 2.3007817 0.023007817
0.05091617 2.3042137 0.023042137
0.051225675 2.3072959 0.023072959
0.05153518 2.2914677 0.022914677
0.051844685 2.2835533 0.022835533
0.05215419 2.2865339 0.022865339
0.052463694 2.2642428 0.022642428
0.052773198 2.2564377 0.022564377
0.053082702 2.2636416 0.022636416
0.053392205 2.2634349 0.022634349
0.053701708 2.2542332 0.022542332
0.054011211 2.2469464 0.022469464
0.054320713 2.2360179 0.022360179
0.054630216 2.2285477 0.022285477
0.054939718 2.2197019 0.022197019
0.055249219 2.216646 0.02216646
0.055558721 2.2095566 0.022095566
0.055868222 2.2046962 0.022046962
0.056177722 2.1946338 0.021946338
0.056487223 2.188117 0.02188117
0.056796723 2.1802876 0.021802876
0.057106223 2.1720814 0.021720814
0.057415722 2.1674417 0.021674417
0.057725221 2.1666164 0.021666164
0.05803472 2.1635429 0.021635429
0.058344219 2.1645206 0.021645206
0.058653717 2.1410856 0.021410856
0.058963215 2.1358695 0.021358695
0.059272713 2.1320668 0.021320668
0.05958221 2.1359787 0.021359787
0.059891707 2.1273247 0.021273247
0.060201203 2.1160218 0.021160218
0.0605107 2.105604 0.02105604
0.060820196 2.1022091 0.021022091
0.061129691 2.0969281 0.020969281
0.061439187 2.0984359 0.020984359
0.061748681 2.0887219 0.020887219
0.062058176 2.0793345 0.020793345
0.06236767 2.0731326 0.020731326
0.062677164 2.0739143 0.020739143
0.062986658 2.0731325 0.020731325
0.063296151 2.0518285 0.020518285
0.063605644 2.053023 0.02053023
0.063915137 2.0456751 0.020456751
0.064224629 2.0383424 0.020383424
0.064534121 2.0416523 0.020416523
0.064843612 2.0318465 0.020318465
0.065153103 2.0229476 0.020229476
0.065462594 2.016069 0.02016069
0.065772085 2.001206 0.02001206
0.066081575 2.0024385 0.020024385
0.066391064 1.9965521 0.019965521
0.066700554 1.9878836 0.019878836
0.067010043 1.9845637 0.019845637
0.067319531 1.9773841 0.019773841
0.06762902 1.965653 0.01965653
0.067938508 1.9636522 0.019636522
0.068247995 1.9623219 0.019623219
0.068557482 1.9519526 0.019519526
0.068866969 1.9355736 0.019355736
0.069176455 1.9368374 0.019368374
0.069485941 1.9244637 0.019244637
0.069795427 1.9152506 0.019152506
0.070104912 1.9182173 0.019182173
0.070414397 1.9081082 0.019081082
0.070723882 1.8989229 0.018989229
0.071033366 1.8968842 0.018968842
0.07134285 1.8870611 0.018870611
0.071652333 1.8827116 0.018827116
0.071961816 1.8729035 0.018729035
0.072271298 1.8644435 0.018644435
0.07258078 1.8599943 0.018599943
0.072890262 1.8510442 0.018510442
0.073199744 1.8572899 0.018572899
0.073509225 1.8367477 0.018367477
0.073818705 1.8381702 0.018381702
0.074128185 1.8314719 0.018314719
0.074437665 1.8234227 0.018234227
0.074747144 1.8155098 0.018155098
0.075056623 1.8191405 0.018191405
0.075366102 1.7994007 0.017994007
0.07567558 1.7968902 0.017968902
0.075985058 1.7845653 0.017845653
0.076294535 1.7848909 0.017848909
0.076604012 1.7679479 0.017679479
0.076913488 1.7705461 0.017705461
0.077222964 1.7630598 0.017630598
0.07753244 1.755248 0.01755248
0.077841915 1.7505796 0.017505796
0.07815139 1.7455072 0.017455072
0.078460864 1.7333595 0.017333595
0.078770338 1.730855 0.01730855
0.079079812 1.7257432 0.017257432
0.079389285 1.7148267 0.017148267
0.079698757 1.7111381 0.017111381
0.080008229 1.7064243 0.017064243
0.080317701 1.6968395 0.016968395
0.080627172 1.6955828 0.016955828
0.080936643 1.6906266 0.016906266
0.081246114 1.6781512 0.016781512
0.081555584 1.6769632 0.016769632
0.081865053 1.6684415 0.016684415
0.082174522 1.6656255 0.016656255
0.082483991 1.6515933 0.016515933
0.082793459 1.6390867 0.016390867
0.083102927 1.6435312 0.016435312
0.083412394 1.6329239 0.016329239
0.083721861 1.6247429 0.016247429
0.084031327 1.6178687 0.016178687
0.084340793 1.6155608 0.016155608
0.084650259 1.6040262 0.016040262
0.084959724 1.5979453 0.015979453
0.085269188 1.5847914 0.015847914
0.085578652 1.5821166 0.015821166
0.085888116 1.5810155 0.015810155
0.086197579 1.5661087 0.015661087
0.086507042 1.5684764 0.015684764
0.086816504 1.5629195 0.015629195
0.087125966 1.5537076 0.015537076
0.087435427 1.5514798 0.015514798
0.087744888 1.5403214 0.015403214
0.088054348 1.5313186 0.015313186
0.088363808 1.5286822 0.015286822
0.088673267 1.5218106 0.015218106
0.088982726 1.5145391 0.015145391
0.089292184 1.5139228 0.015139228
0.089601642 1.50445 0.0150445
0.089911099 1.5060538 0.015060538
0.090220556 1.4882197 0.014882197
0.090530013 1.4901913 0.014901913
0.090839469 1.4810992 0.014810992
0.091148924 1.4671758 0.014671758
0.091458379 1.4718932 0.014718932
0.091767833 1.4598226 0.014598226
0.092077287 1.4550707 0.014550707
0.092386741 1.4426047 0.014426047
0.092696194 1.4470035 0.014470035
0.093005646 1.4388249 0.014388249
0.093315098 1.4312871 0.014312871
0.093624549 1.4238949 0.014238949
0.093934 1.4142898 0.014142898
0.09424345 1.4095194 0.014095194
0.0945529 1.4010699 0.014010699
0.09486235 1.3922993 0.013922993
0.095171798 1.3892829 0.013892829
0.095481247 1.3805014 0.013805014
0.095790694 1.3768312 0.013768312
0.096100142 1.3703287 0.013703287
0.096409588 1.3666689 0.013666689
0.096719035 1.3520048 0.013520048
0.09702848 1.3493088 0.013493088
0.097337925 1.3463781 0.013463781
0.09764737 1.3418623 0.013418623
0.097956814 1.3317329 0.013317329
0.098266257 1.3215225 0.013215225
0.0985757 1.321508 0.01321508
0.098885143 1.3168935 0.013168935
0.099194585 1.3040683 0.013040683
0.099504026 1.3070758 0.013070758
0.099813467 1.2958002 0.012958002
0.10012291 1.2842448 0.012842448
0.10043235 1.2804425 0.012804425
0.10074179 1.2769472 0.012769472
0.10105122 1.2690634 0.012690634
0.10136066 1.2649413 0.012649413
0.1016701 1.2598849 0.012598849
0.10197954 1.246525 0.01246525
0.10228897 1.2474993 0.012474993
0.10259841 1.2398524 0.012398524
0.10290785 1.2326948 0.012326948
0.10321728 1.2272165 0.012272165
0.10352671 1.2165659 0.012165659
0.10383615 1.214235 0.01214235
0.10414558 1.2098069 0.012098069
0.10445501 1.2049803 0.012049803
0.10476445 1.1932766 0.011932766
0.10507388 1.2001173 0.012001173
0.10538331 1.1841912 0.011841912
0.10569274 1.1789364 0.011789364
0.10600217 1.1681845 0.011681845
0.1063116 1.1676201 0.011676201
0.10662102 1.1609187 0.011609187
0.10693045 1.1546567 0.011546567
0.10723988 1.1463608 0.011463608
0.10754931 1.1416059 0.011416059
0.10785873 1.1356125 0.011356125
0.10816816 1.1319706 0.011319706
0.10847758 1.1247984 0.011247984
0.10878701 1.1213669 0.011213669
0.10909643 1.1134482 0.011134482
0.10940585 1.1089955 0.011089955
0.10971528 1.102881 0.01102881
0.1100247 1.0946182 0.010946182
0.11033412 1.0895519 0.010895519
0.11064354 1.0858861 0.010858861
0.11095296 1.0773217 0.010773217
0.11126238 1.0752048 0.010752048
0.1115718 1.0658226 0.010658226
0.11188122 1.0585245 0.010585245
0.11219064 1.0535235 0.010535235
0.11250005 1.0529254 0.010529254
0.11280947 1.0456546 0.010456546
0.11311889 1.0346383 0.010346383
0.1134283 1.0343628 0.010343628
0.11373772 1.0256401 0.010256401
0.11404713 1.0182885 0.010182885
0.11435654 1.0152608 0.010152608
0.11466596 1.0082921 0.010082921
0.11497537 1.0044295 0.010044295
0.11528478 0.99754891 0.0099754891
0.11559419 0.9910785 0.009910785
0.1159036 0.98565708 0.0098565708
0.11621301 0.9836593 0.009836593
0.11652242 0.97526007 0.0097526007
0.11683183 0.97157837 0.0097157837
0.11714124 0.96741385 0.0096741385
0.11745064 0.95741824 0.0095741824
0.11776005 0.95293915 0.0095293915
0.11806945 0.94540852 0.0094540852
0.11837886 0.94434438 0.0094434438
0.11868826 0.93413057 0.0093413057
0.11899767 0.93191836 0.0093191836
0.11930707 0.92159137 0.0092159137
0.11961647 0.91775502 0.0091775502
0.11992588 0.91376575 0.0091376575
0.12023528 0.9092239 0.009092239
0.12054468 0.90465644 0.0090465644
0.12085408 0.90182195 0.0090182195
0.12116348 0.89329668 0.0089329668
0.12147288 0.88654753 0.0088654753
0.12178227 0.8827563 0.008827563
0.12209167 0.87814207 0.0087814207
0.12240107 0.87214222 0.0087214222
0.12271046 0.86894269 0.0086894269
0.12301986 0.86193342 0.0086193342
0.12332925 0.85913737 0.0085913737
0.12363865 0.85314848 0.0085314848
0.12394804 0.84260299 0.0084260299
0.12425743 0.8393169 0.008393169
0.12456683 0.834687 0.00834687
0.12487622 0.83117185 0.0083117185
0.12518561 0.82578243 0.0082578243
0.125495 0.82193922 0.0082193922
0.12580439 0.81829637 0.0081829637
0.12611377 0.81277627 0.0081277627
0.12642316 0.80389978 0.0080389978
0.12673255 0.8044512 0.008044512
0.12704194 0.79575964 0.0079575964
0.12735132 0.79054726 0.0079054726
0.12766071 0.7896431 0.007896431
0.12797009 0.7798274 0.007798274
0.12827947 0.77995217 0.0077995217
0.12858886 0.77103068 0.0077103068
0.12889824 0.76652515 0.0076652515
0.12920762 0.76187695 0.0076187695
0.129517 0.7576904 0.007576904
0.12982638 0.74954138 0.0074954138
0.13013576 0.74382748 0.0074382748
0.13044514 0.73997888 0.0073997888
0.13075452 0.73368212 0.0073368212
0.1310639 0.73340546 0.0073340546
0.13137327 0.72909877 0.0072909877
0.13168265 0.72084228 0.0072084228
0.13199202 0.72249789 0.0072249789
0.1323014 0.7137206 0.007137206
0.13261077 0.7095408 0.007095408
0.13292015 0.71031149 0.0071031149
0.13322952 0.69763123 0.0069763123
0.13353889 0.69391752 0.0069391752
0.13384826 0.69367384 0.0069367384
0.13415763 0.68714848 0.0068714848
0.134467 0.68141119 0.0068141119
0.13477637 0.67394256 0.0067394256
0.13508574 0.67202932 0.0067202932
0.1353951 0.66418135 0.0066418135
0.13570447 0.66694549 0.0066694549
0.13601383 0.65583527 0.0065583527
0.1363232 0.64934339 0.0064934339
0.13663256 0.64717631 0.0064717631
0.13694193 0.64282584 0.0064282584
0.13725129 0.63970663 0.0063970663
0.13756065 0.63383653 0.0063383653
0.13787001 0.62790294 0.0062790294
0.13817937 0.62966635 0.0062966635
0.13848873 0.61921843 0.0061921843
0.13879809 0.6185272 0.006185272
0.13910745 0.61455515 0.0061455515
0.13941681 0.61019235 0.0061019235
0.13972616 0.60504374 0.0060504374
0.14003552 0.59839118 0.0059839118
0.14034488 0.59258501 0.0059258501
0.14065423 0.59446753 0.0059446753
0.14096358 0.58340537 0.0058340537
0.14127294 0.58199484 0.0058199484
0.14158229 0.57854955 0.0057854955
0.14189164 0.57605833 0.0057605833
0.14220099 0.56981883 0.0056981883
0.14251034 0.56422077 0.0056422077
0.14281969 0.56128318 0.0056128318
0.14312904 0.55684742 0.0055684742
0.14343838 0.55011904 0.0055011904
0.14374773 0.55376373 0.0055376373
0.14405708 0.5477038 0.005477038
0.14436642 0.54355342 0.0054355342
0.14467577 0.53707126 0.0053707126
0.14498511 0.53491209 0.0053491209
0.14529445 0.53083504 0.0053083504
0.14560379 0.52354832 0.0052354832
0.14591314 0.52434807 0.0052434807
0.14622248 0.51959343 0.0051959343
0.14653182 0.51656034 0.0051656034
0.14684115 0.51346816 0.0051346816
0.14715049 0.50563338 0.0050563338
0.14745983 0.50207334 0.0050207334
0.14776917 0.49372677 0.0049372677
0.1480785 0.49327723 0.0049327723
0.14838784 0.49055312 0.0049055312
0.14869717 0.48776272 0.0048776272
0.1490065 0.48314737 0.0048314737
0.14931583 0.48375561 0.0048375561
0.14962517 0.4758392 0.004758392
0.1499345 0.47292175 0.0047292175
0.15024383 0.47206544 0.0047206544
0.15055316 0.46975372 0.0046975372
0.15086248 0.45895954 0.0045895954
0.15117181 0.45899519 0.0045899519
0.15148114 0.45668972 0.0045668972
0.15179046 0.45202522 0.0045202522
0.15209979 0.44816712 0.0044816712
0.15240911 0.44106783 0.0044106783
0.15271844 0.43912961 0.0043912961
0.15302776 0.43365862 0.0043365862
0.15333708 0.43389374 0.0043389374
0.1536464 0.43180412 0.0043180412
0.15395572 0.42441218 0.0042441218
0.15426504 0.42369555 0.0042369555
0.15457436 0.42015014 0.0042015014
0.15488367 0.4179337 0.004179337
0.15519299 0.41508695 0.0041508695
0.15550231 0.40933137 0.0040933137
0.15581162 0.40618981 0.0040618981
0.15612093 0.3994851 0.003994851
0.15643025 0.39633224 0.0039633224
0.15673956 0.39686654 0.0039686654
0.15704887 0.39532642 0.0039532642
0.15735818 0.39082798 0.0039082798
0.15766749 0.38491702 0.0038491702
0.1579768 0.38121089 0.0038121089
0.15828611 0.38147089 0.0038147089
0.15859542 0.3749973 0.003749973
0.15890472 0.37032504 0.0037032504
0.15921403 0.37169211 0.0037169211
0.15952333 0.36656269 0.0036656269
0.15983264 0.36339338 0.0036339338
0.16014194 0.35937636 0.0035937636
0.16045124 0.35485879 0.0035485879
0.16076054 0.35344489 0.0035344489
0.16106984 0.34978142 0.0034978142
0.16137914 0.34966244 0.0034966244
0.16168844 0.34581096 0.0034581096
0.16199774 0.34081879 0.0034081879
0.16230703 0.33919081 0.0033919081
0.16261633 0.3378724 0.003378724
0.16292562 0.33403077 0.0033403077
0.16323492 0.3343105 0.003343105
0.16354421 0.32879128 0.0032879128
0.1638535 0.3242179 0.003242179
0.16416279 0.32201107 0.0032201107
0.16447208 0.31915613 0.0031915613
0.16478137 0.31863694 0.0031863694
0.16509066 0.31396408 0.0031396408
0.16539995 0.31157426 0.0031157426
0.16570924 0.31262101 0.0031262101
0.16601852 0.30716636 0.0030716636
0.16632781 0.30412409 0.0030412409
0.16663709 0.29848237 0.0029848237
0.16694637 0.29842325 0.0029842325
0.16725566 0.29444028 0.0029444028
0.16756494 0.29146872 0.0029146872
0.16787422 0.29088185 0.0029088185
0.1681835 0.28797655 0.0028797655
0.16849278 0.28307948 0.0028307948
0.16880205 0.28020307 0.0028020307
0.16911133 0.28037062 0.0028037062
0.16942061 0.27896221 0.0027896221
0.16972988 0.27199902 0.0027199902
0.17003916 0.27245742 0.0027245742
0.17034843 0.26538907 0.0026538907
0.1706577 0.26564551 0.0026564551
0.17096697 0.26228952 0.0026228952
0.17127624 0.26263222 0.0026263222
0.17158551 0.25722819 0.0025722819
0.17189478 0.25501338 0.0025501338
0.17220405 0.2529565 0.002529565
0.17251331 0.25157931 0.0025157931
0.17282258 0.24982161 0.0024982161
0.17313184 0.24545234 0.0024545234
0.17344111 0.24476952 0.0024476952
0.17375037 0.24238635 0.0024238635
0.17405963 0.24063083 0.0024063083
0.17436889 0.23871238 0.0023871238
0.17467815 0.23481998 0.0023481998
0.17498741 0.23303612 0.0023303612
0.17529667 0.23026699 0.0023026699
0.17560593 0.22817054 0.0022817054
0.17591518 0.22521797 0.0022521797
0.17622444 0.22646451 0.0022646451
0.17653369 0.21905295 0.0021905295
0.17684295 0.22235428 0.0022235428
0.1771522 0.21523794 0.0021523794
0.17746145 0.21703012 0.0021703012
0.1777707 0.21435201 0.0021435201
0.17807995 0.21179248 0.0021179248
0.1783892 0.20946907 0.0020946907
0.17869844 0.20669663 0.0020669663
0.17900769 0.20380431 0.0020380431
0.17931694 0.20352568 0.0020352568
0.17962618 0.20138333 0.0020138333
0.17993542 0.1981122 0.001981122
0.18024467 0.19970614 0.0019970614
0.18055391 0.19531824 0.0019531824
0.18086315 0.19421562 0.0019421562
0.18117239 0.18980896 0.0018980896
0.18148163 0.18809996 0.0018809996
0.18179086 0.18614251 0.0018614251
0.1821001 0.18840077 0.0018840077
0.18240934 0.18152584 0.0018152584
0.18271857 0.17962156 0.0017962156
0.1830278 0.17739533 0.0017739533
0.18333704 0.17610513 0.0017610513
0.18364627 0.17603064 0.0017603064
0.1839555 0.17632072 0.0017632072
0.18426473 0.17354696 0.0017354696
0.18457396 0.17171774 0.0017171774
0.18488318 0.16748496 0.0016748496
0.18519241 0.16673156 0.0016673156
0.18550164 0.1654642 0.001654642
0.18581086 0.16409328 0.0016409328
0.18612009 0.1568151 0.001568151
0.18642931 0.15944111 0.0015944111
0.18673853 0.15931755 0.0015931755
0.18704775 0.15309586 0.0015309586
0.18735697 0.15538868 0.0015538868
0.18766619 0.15249386 0.0015249386
0.1879754 0.15020856 0.0015020856
0.18828462 0.1503151 0.001503151
0.18859384 0.15112758 0.0015112758
0.18890305 0.14757423 0.0014757423
0.18921226 0.14826923 0.0014826923
0.18952148 0.14465004 0.0014465004
0.18983069 0.14234959 0.0014234959
0.1901399 0.13761939 0.0013761939
0.19044911 0.13921377 0.0013921377
0.19075832 0.13639756 0.0013639756
0.19106752 0.13544271 0.0013544271
0.19137673 0.13507701 0.0013507701
0.19168593 0.13250027 0.0013250027
0.19199514 0.13386047 0.0013386047
0.19230434 0.12580396 0.0012580396
0.19261354 0.12812351 0.0012812351
0.19292274 0.12573475 0.0012573475
0.19323194 0.12474249 0.0012474249
0.19354114 0.1231908 0.001231908
0.19385034 0.12228783 0.0012228783
0.19415954 0.12130173 0.0012130173
0.19446873 0.12077011 0.0012077011
0.19477793 0.12011441 0.0012011441
0.19508712 0.11579512 0.0011579512
0.19539631 0.11492513 0.0011492513
0.1957055 0.11473835 0.0011473835
0.19601469 0.11651417 0.0011651417
0.19632388 0.11299185 0.0011299185
0.19663307 0.10877164 0.0010877164
0.19694226 0.10875642 0.0010875642
0.19725144 0.10788021 0.0010788021
0.19756063 0.10751819 0.0010751819
0.19786981 0.10662519 0.0010662519
0.19817899 0.10434952 0.0010434952
0.19848818 0.1033059 0.001033059
0.19879736 0.10333964 0.0010333964
0.19910654 0.10231465 0.0010231465
0.19941572 0.10012901 0.0010012901
0.19972489 0.097854998 0.00097854998
0.20003407 0.098622483 0.00098622483
0.20034324 0.094548211 0.00094548211
0.20065242 0.094717851 0.00094717851
0.20096159 0.09440259 0.0009440259
0.20127076 0.091503834 0.00091503834
0.20157993 0.095960038 0.00095960038
0.2018891 0.089217143 0.00089217143
0.20219827 0.089099732 0.00089099732
0.20250744 0.087725989 0.00087725989
0.20281661 0.086300441 0.00086300441
0.20312577 0.086717476 0.00086717476
0.20343493 0.081379776 0.00081379776
0.2037441 0.084108816 0.00084108816
0.20405326 0.080258298 0.00080258298
0.20436242 0.080150267 0.00080150267
0.20467158 0.082281947 0.00082281947
0.20498074 0.078373193 0.00078373193
0.2052899 0.077635732 0.00077635732
0.20559905 0.077570634 0.00077570634
0.20590821 0.076724597 0.00076724597
0.20621736 0.0765415 0.000765415
0.20652651 0.075186699 0.00075186699
0.20683567 0.073893325 0.00073893325
0.20714482 0.073218338 0.00073218338
0.20745397 0.070468386 0.00070468386
0.20776312 0.070419427 0.00070419427
0.20807226 0.071249772 0.00071249772
0.20838141 0.068000636 0.00068000636
0.20869055 0.067885751 0.00067885751
0.2089997 0.06681438 0.0006681438
0.20930884 0.066821878 0.00066821878
0.20961798 0.068335472 0.00068335472
0.20992712 0.067386533 0.00067386533
0.21023626 0.062289853 0.00062289853
0.2105454 0.06402785 0.0006402785
0.21085454 0.061037158 0.00061037158
0.21116367 0.062952963 0.00062952963
0.21147281 0.062241835 0.00062241835
0.21178194 0.061978562 0.00061978562
0.21209107 0.059937232 0.00059937232
0.21240021 0.059712537 0.00059712537
0.21270934 0.058645312 0.00058645312
0.21301846 0.05829016 0.0005829016
0.21332759 0.056089627 0.00056089627
0.21363672 0.058665428 0.00058665428
0.21394584 0.053810543 0.00053810543
0.21425497 0.056778957 0.00056778957
0.21456409 0.054796187 0.00054796187
0.21487321 0.053227935 0.00053227935
0.21518234 0.051618434 0.00051618434
0.21549145 0.052173748 0.00052173748
0.21580057 0.05039858 0.0005039858
0.21610969 0.049073848 0.00049073848
0.21641881 0.047148033 0.00047148033
0.21672792 0.049448597 0.00049448597
0.21703704 0.044670826 0.00044670826
0.21734615 0.047065859 0.00047065859
0.21765526 0.050393898 0.00050393898
0.21796437 0.045966695 0.00045966695
0.21827348 0.044597651 0.00044597651
0.21858259 0.043132454 0.00043132454
0.21889169 0.043176182 0.00043176182
0.2192008 0.042576159 0.00042576159
0.2195099 0.045734299 0.00045734299
0.21981901 0.04253421 0.0004253421
0.22012811 0.046398363 0.00046398363
0.22043721 0.045334953 0.00045334953
0.22074631 0.043992415 0.00043992415
0.22105541 0.040916532 0.00040916532
0.2213645 0.04049299 0.0004049299
0.2216736 0.038919858 0.00038919858
0.22198269 0.04322072 0.0004322072
0.22229179 0.040109251 0.00040109251
0.22260088 0.040406686 0.00040406686
0.22290997 0.038203037 0.00038203037
0.22321906 0.040301833 0.00040301833
0.22352815 0.033689531 0.00033689531
0.22383724 0.03373265 0.0003373265
0.22414632 0.035569286 0.00035569286
0.22445541 0.036597182 0.00036597182
0.22476449 0.033633426 0.00033633426
0.22507357 0.034887129 0.00034887129
0.22538265 0.033278722 0.00033278722
0.22569174 0.032910664 0.00032910664
0.22600081 0.031339516 0.00031339516
0.22630989 0.033066323 0.00033066323
0.22661897 0.034614722 0.00034614722
0.22692804 0.032567529 0.00032567529
0.22723712 0.035123859 0.00035123859
0.22754619 0.028385029 0.00028385029
0.22785526 0.032709921 0.00032709921
0.22816433 0.031802044 0.00031802044
0.2284734 0.029690317 0.00029690317
0.22878247 0.032577904 0.00032577904
0.22909153 0.03026197 0.0003026197
0.2294006 0.030328884 0.00030328884
0.22970966 0.029692942 0.00029692942
0.23001873 0.027600418 0.00027600418
0.23032779 0.025532492 0.00025532492
0.23063685 0.028176525 0.00028176525
0.23094591 0.026638162 0.00026638162
0.23125496 0.026229278 0.00026229278
0.23156402 0.025902912 0.00025902912
0.23187308 0.026424027 0.00026424027
0.23218213 0.024942245 0.00024942245
0.23249118 0.024704835 0.00024704835
0.23280023 0.025981404 0.00025981404
0.23310928 0.028101141 0.00028101141
0.23341833 0.020678923 0.00020678923
0.23372738 0.025292633 0.00025292633
0.23403643 0.027033038 0.00027033038
0.23434547 0.021982929 0.00021982929
0.23465451 0.023046829 0.00023046829
0.23496356 0.020901891 0.00020901891
0.2352726 0.022079246 0.00022079246
0.23558164 0.022670508 0.00022670508
0.23589068 0.019203572 0.00019203572
0.23619971 0.020181515 0.00020181515
0.23650875 0.019707626 0.00019707626
0.23681778 0.017314004 0.00017314004
0.23712682 0.019808809 0.00019808809
0.23743585 0.021946548 0.00021946548
0.23774488 0.021609054 0.00021609054
0.23805391 0.018005538 0.00018005538
0.23836294 0.01973026 0.0001973026
0.23867197 0.02248437 0.0002248437
0.23898099 0.016813315 0.00016813315
0.23929002 0.017837238 0.00017837238
0.23959904 0.015286692 0.00015286692
0.23990806 0.022164995 0.00022164995
0.24021708 0.017256478 0.00017256478
0.2405261 0.018722855 0.00018722855
0.24083512 0.017248735 0.00017248735
0.24114413 0.022204343 0.00022204343
0.24145315 0.017216336 0.00017216336
0.24176216 0.016131801 0.00016131801
0.24207118 0.019936965 0.00019936965
0.24238019 0.0159534 0.000159534
0.2426892 0.019565175 0.00019565175
0.24299821 0.019456854 0.00019456854
0.24330721 0.018266734 0.00018266734
0.24361622 0.016840109 0.00016840109
0.24392522 0.015972939 0.00015972939
0.24423423 0.015008135 0.00015008135
0.24454323 0.015573596 0.00015573596
0.24485223 0.014636807 0.00014636807
0.24516123 0.014231458 0.00014231458
0.24547023 0.018529828 0.00018529828
0.24577922 0.013737465 0.00013737465
0.24608822 0.013529822 0.00013529822
0.24639721 0.016422249 0.00016422249
0.24670621 0.01612319 0.0001612319
0.2470152 0.015469755 0.00015469755
0.24732419 0.018172784 0.00018172784
0.24763318 0.018747906 0.00018747906
0.24794216 0.012917157 0.00012917157
0.24825115 0.014401402 0.00014401402
0.24856013 0.016481916 0.00016481916
0.24886912 0.013449908 0.00013449908
0.2491781 0.01780362 0.0001780362
0.24948708 0.013136068 0.00013136068
0.24979606 0.014737583 0.00014737583
0.25010504 0.017384229 0.00017384229
0.25041401 0.017529781 0.00017529781
0.25072299 0.016150125 0.00016150125
0.25103196 0.014033008 0.00014033008
0.25134093 0.013999871 0.00013999871
0.2516499 0.019756769 0.00019756769
0.25195887 0.017163346 0.00017163346
0.25226784 0.016421465 0.00016421465
0.25257681 0.014816258 0.00014816258
0.25288577 0.015528844 0.00015528844
0.25319474 0.017103385 0.00017103385
0.2535037 0.016080211 0.00016080211
0.25381266 0.012521749 0.00012521749
0.25412162 0.014874453 0.00014874453
0.25443058 0.013985987 0.00013985987
0.25473954 0.014476033 0.00014476033
0.25504849 0.015534144 0.00015534144
0.25535745 0.019279472 0.00019279472
0.2556664 0.012559814 0.00012559814
0.25597535 0.016324414 0.00016324414
0.2562843 0.014324813 0.00014324813
0.25659325 0.015735101 0.00015735101
0.2569022 0.016093215 0.00016093215
0.25721115 0.014745283 0.00014745283
0.25752009 0.013584215 0.00013584215
0.25782903 0.012865814 0.00012865814
0.25813798 0.01778519 0.0001778519
0.25844692 0.014392692 0.00014392692
0.25875585 0.01629972 0.0001629972
0.25906479 0.016069777 0.00016069777
0.25937373 0.0166878 0.000166878
0.25968266 0.011596022 0.00011596022
0.2599916 0.014680335 0.00014680335
0.26030053 0.013152065 0.00013152065
0.26060946 0.015693654 0.00015693654
0.26091839 0.017262939 0.00017262939
0.26122732 0.014743841 0.00014743841
0.26153624 0.014325612 0.00014325612
0.26184517 0.017279338 0.00017279338
0.26215409 0.020560241 0.00020560241
0.26246301 0.014665691 0.00014665691
0.26277193 0.015356831 0.00015356831
0.26308085 0.014306832 0.00014306832
0.26338977 0.016074204 0.00016074204
0.26369869 0.015297858 0.00015297858
0.2640076 0.012449656 0.00012449656
0.26431651 0.012374814 0.00012374814
0.26462543 0.016972044 0.00016972044
0.26493434 0.016189633 0.00016189633
0.26524325 0.014124914 0.00014124914
0.26555215 0.01471085 0.0001471085
0.26586106 0.014649052 0.00014649052
0.26616996 0.013545205 0.00013545205
0.26647887 0.015133287 0.00015133287
0.26678777 0.014403094 0.00014403094
0.26709667 0.012857708 0.00012857708
0.26740557 0.015611279 0.00015611279
0.26771447 0.014712869 0.00014712869
0.26802336 0.014801746 0.00014801746
0.26833226 0.01370387 0.0001370387
0.26864115 0.01804519 0.0001804519
0.26895004 0.015744047 0.00015744047
0.26925893 0.017373011 0.00017373011
0.26956782 0.017929205 0.00017929205
0.26987671 0.016901722 0.00016901722
0.27018559 0.015511804 0.00015511804
0.27049448 0.016059214 0.00016059214
0.27080336 0.014392306 0.00014392306
0.27111224 0.015558706 0.00015558706
0.27142112 0.013291088 0.00013291088
0.27173 0.01525238 0.0001525238
0.27203888 0.0150696 0.000150696
0.27234775 0.017374526 0.00017374526
0.27265663 0.020113866 0.00020113866
0.2729655 0.015542548 0.00015542548
0.27327437 0.016494468 0.00016494468
0.27358324 0.018121903 0.00018121903
0.27389211 0.02177431 0.0002177431
0.27420098 0.01644594 0.0001644594
0.27450984 0.018970245 0.00018970245
0.2748187 0.01793533 0.0001793533
0.27512757 0.017006116 0.00017006116
0.27543643 0.016289458 0.00016289458
0.27574529 0.021532354 0.00021532354
0.27605414 0.017493246 0.00017493246
0.276363 0.01794883 0.0001794883
0.27667185 0.015167741 0.00015167741
0.27698071 0.01748391 0.0001748391
0.27728956 0.016452288 0.00016452288
0.27759841 0.017636088 0.00017636088
0.27790726 0.018107506 0.00018107506
0.2782161 0.013776806 0.00013776806
0.27852495 0.016474996 0.00016474996
0.27883379 0.020173411 0.00020173411
0.27914264 0.020462999 0.00020462999
0.27945148 0.019483313 0.00019483313
0.27976032 0.019117046 0.00019117046
0.28006915 0.019289942 0.00019289942
0.28037799 0.017021495 0.00017021495
0.28068683 0.018110362 0.00018110362
0.28099566 0.013614646 0.00013614646
0.28130449 0.020928698 0.00020928698
0.28161332 0.018357919 0.00018357919
0.28192215 0.019360218 0.00019360218
0.28223098 0.01951223 0.0001951223
0.2825398 0.02019632 0.0002019632
0.28284863 0.0172718 0.000172718
0.28315745 0.02263905 0.0002263905
0.28346627 0.017235809 0.00017235809
0.28377509 0.020438779 0.00020438779
0.28408391 0.021825567 0.00021825567
0.28439272 0.01776177 0.0001776177
0.28470154 0.014598912 0.00014598912
0.28501035 0.022901968 0.00022901968
0.28531916 0.017375108 0.00017375108
0.28562797 0.025552418 0.00025552418
0.28593678 0.018620145 0.00018620145
0.28624559 0.019266346 0.00019266346
0.2865544 0.017583997 0.00017583997
0.2868632 0.018471749 0.00018471749
0.287172 0.017817068 0.00017817068
0.2874808 0.016210618 0.00016210618
0.2877896 0.021648602 0.00021648602
0.2880984 0.022105769 0.00022105769
0.2884072 0.016896401 0.00016896401
0.28871599 0.021280279 0.00021280279
0.28902478 0.017463936 0.00017463936
0.28933358 0.015345286 0.00015345286
0.28964237 0.022961529 0.00022961529
0.28995115 0.02 0.0002
0.29025994 0.017608374 0.00017608374
0.29056873 0.020543806 0.00020543806
0.29087751 0.021726284 0.00021726284
0.29118629 0.022293296 0.00022293296
0.29149507 0.018577168 0.00018577168
0.29180385 0.022213588 0.00022213588
0.29211263 0.020631306 0.00020631306
0.2924214 0.018854168 0.00018854168
0.29273018 0.016603936 0.00016603936
0.29303895 0.01985113 0.0001985113
0.29334772 0.018754035 0.00018754035
0.29365649 0.01938631 0.0001938631
0.29396526 0.017162809 0.00017162809
0.29427402 0.020611481 0.00020611481
0.29458279 0.022411233 0.00022411233
0.29489155 0.021716883 0.00021716883
0.29520031 0.022763646 0.00022763646
0.29550907 0.020341083 0.00020341083
0.29581783 0.015409398 0.00015409398
0.29612659 0.024607457 0.00024607457
0.29643534 0.027050922 0.00027050922
0.2967441 0.025395558 0.00025395558
0.29705285 0.024476527 0.00024476527
0.2973616 0.020600165 0.00020600165
0.29767035 0.023545782 0.00023545782
0.29797909 0.015936334 0.00015936334
0.29828784 0.021565008 0.00021565008
0.29859658 0.019077752 0.00019077752
0.29890532 0.019704965 0.00019704965
0.29921406 0.019983172 0.00019983172
0.2995228 0.021625719 0.00021625719
0.29983154 0.017266514 0.00017266514
