0.010027023 6.4569608 0.064569608
0.010059664 6.4133097 0.064133097
0.010268595 6.2180046 0.062180046
0.010369191 6.1196156 0.061196156
0.010515988 5.9432335 0.059432335
0.010678719 5.7437049 0.057437049
0.010769341 5.654462 0.05654462
0.010988246 5.4366986 0.054366986
0.011028797 5.4159353 0.054159353
0.011294505 5.2630981 0.052630981
0.011297773 5.26119 0.0526119
0.011566613 4.9869435 0.049869435
0.0116073 4.9442339 0.049442339
0.011845278 4.7579561 0.047579561
0.011916828 4.7003421 0.047003421
0.012130656 4.6017164 0.046017164
0.012226355 4.5573932 0.045573932
0.01242291 4.4872734 0.044872734
0.012535882 4.4425687 0.044425687
0.012722205 4.3236869 0.043236869
0.012845409 4.243568 0.04243568
0.01302871 4.12067 0.0412067
0.013154936 4.0331611 0.040331611
0.0133426 3.9540676 0.039540676
0.013464463 3.9018985 0.039018985
0.013664051 3.8855596 0.038855596
0.013773989 3.8737452 0.038737452
0.013993248 3.7402919 0.037402919
0.014083516 3.6838562 0.036838562
0.014330375 3.5784105 0.035784105
0.014393043 3.552008 0.03552008
0.014675625 3.4578778 0.034578778
0.014702569 3.4483562 0.034483562
0.015012096 3.3350076 0.033350076
0.015029192 3.3310168 0.033310168
0.015321622 3.2620159 0.032620159
0.015391278 3.2311034 0.032311034
0.015631148 3.1149752 0.031149752
0.015762087 3.0921705 0.030921705
0.015940675 3.0614383 0.030614383
0.01614183 3.0096164 0.030096164
0.016250201 2.9809016 0.029809016
0.016530721 2.9388159 0.029388159
0.016559727 2.9346452 0.029346452
0.016869253 2.8619205 0.028619205
0.016928982 2.8354161 0.028354161
0.017178779 2.7161932 0.027161932
0.017336837 2.6997159 0.026997159
0.017488304 2.6857415 0.026857415
0.017754519 2.6761628 0.026761628
0.01779783 2.6733284 0.026733284
0.018107355 2.565974 0.02565974
0.018182263 2.555803 0.02555803
0.018416881 2.5284691 0.025284691
0.018620313 2.4843873 0.024843873
0.018726406 2.4598368 0.024598368
0.019035932 2.4427329 0.024427329
0.019068917 2.4398651 0.024398651
0.019345457 2.4120001 0.024120001
0.019528328 2.3527624 0.023527624
0.019654982 2.3111386 0.023111386
0.019964507 2.2768516 0.022768516
0.019998807 2.2751404 0.022751404
0.020274032 2.2601196 0.022601196
0.020480622 2.2006222 0.022006222
0.020583556 2.1706691 0.021706691
0.020893081 2.1470613 0.021470613
0.020974044 2.1338139 0.021338139
0.021202605 2.09433 0.0209433
0.021479354 2.0778499 0.020778499
0.02151213 2.0759137 0.020759137
0.021821654 2.0508936 0.020508936
0.021996838 2.0156528 0.020156528
0.022131178 1.9893399 0.019893399
0.022440702 2.0455577 0.020455577
0.022526789 2.0476084 0.020476084
0.022750226 2.0515018 0.020515018
0.02305975 2.0672962 0.020672962
0.023069508 2.0665869 0.020665869
0.023369274 2.040393 0.02040393
0.023625302 2.0175457 0.020175457
0.023678797 2.0129151 0.020129151
0.023988321 1.9823348 0.019823348
0.024194486 1.995263 0.01995263
0.024297844 2.0011116 0.020011116
0.024607367 1.9824688 0.019824688
0.024777383 1.9587478 0.019587478
0.02491689 1.93809 0.0193809
0.025226413 1.8970116 0.018970116
0.025374324 1.9007318 0.019007318
0.025535936 1.9045405 0.019045405
0.025845458 1.8577744 0.018577744
0.025985646 1.8584505 0.018584505
0.026154981 1.8592867 0.018592867
0.026464503 1.8015233 0.018015233
0.026611696 1.802671 0.01802671
0.026774025 1.8033939 0.018033939
0.027083547 1.7927919 0.017927919
0.027252829 1.7702541 0.017702541
0.027393069 1.7510975 0.017510975
0.027702591 1.7150494 0.017150494
0.027909409 1.7028293 0.017028293
0.028012112 1.6958644 0.016958644
0.028321634 1.6298289 0.016298289
0.028581806 1.5990206 0.015990206
0.028631155 1.5933766 0.015933766
0.028940676 1.5539171 0.015539171
0.029250197 1.5490517 0.015490517
0.029270403 1.5458764 0.015458764
0.029559718 1.4995072 0.014995072
0.029869238 1.4905565 0.014905565
0.02997559 1.4838123 0.014838123
0.030178759 1.4708415 0.014708415
0.030488279 1.4305273 0.014305273
0.030697767 1.4301295 0.014301295
0.030797799 1.4297845 0.014297845
0.031107319 1.4072972 0.014072972
0.031416839 1.3930839 0.013930839
0.031437342 1.3916813 0.013916813
0.031726359 1.3716723 0.013716723
0.032035878 1.346517 0.01346517
0.032194735 1.3504823 0.013504823
0.032345397 1.3543736 0.013543736
0.032654916 1.3365999 0.013365999
0.032964435 1.3187519 0.013187519
0.032970376 1.3185409 0.013185409
0.033273954 1.3068472 0.013068472
0.033583473 1.2909191 0.012909191
0.033764703 1.2946368 0.012946368
0.033892991 1.2970881 0.012970881
0.034202509 1.2700142 0.012700142
0.034512027 1.2671969 0.012671969
0.034578168 1.2654901 0.012654901
0.034821545 1.2584775 0.012584775
0.035131063 1.2439362 0.012439362
0.03541123 1.2276852 0.012276852
0.03544058 1.2260579 0.012260579
0.035750097 1.2185261 0.012185261
0.036059614 1.2283448 0.012283448
0.036264363 1.2190219 0.012190219
0.036369131 1.21383 0.0121383
0.036678648 1.1968969 0.011968969
0.036988164 1.1894886 0.011894886
0.037138049 1.1870339 0.011870339
0.03729768 1.184608 0.01184608
0.037607196 1.1855443 0.011855443
0.037916712 1.1761683 0.011761683
0.038032785 1.1718488 0.011718488
0.038226228 1.164481 0.01164481
0.038535743 1.1663721 0.011663721
0.038845259 1.1626849 0.011626849
0.038949077 1.1588002 0.011588002
0.039154774 1.1508327 0.011508327
0.039464288 1.1514618 0.011514618
0.039773803 1.1350503 0.011350503
0.039887444 1.1371396 0.011371396
0.040083317 1.1402949 0.011402949
0.040392831 1.1352207 0.011352207
0.040702345 1.107782 0.01107782
0.040848418 1.1095025 0.011095025
0.041011859 1.1115693 0.011115693
0.041321372 1.1081346 0.011081346
0.041630886 1.1021493 0.011021493
0.041832544 1.0974371 0.010974371
0.041940399 1.0947446 0.010947446
0.042249911 1.0700038 0.010700038
0.042559424 1.0742586 0.010742586
0.04284038 1.0694003 0.010694003
0.042868936 1.0688869 0.010688869
0.043178448 1.0561075 0.010561075
0.04348796 1.0458556 0.010458556
0.043797472 1.0410376 0.010410376
0.043872497 1.040891 0.01040891
0.044106983 1.0401981 0.010401981
0.044416494 1.031218 0.01031218
0.044726005 1.0141678 0.010141678
0.04492948 1.0163239 0.010163239
0.045035516 1.0175578 0.010175578
0.045345026 1.012252 0.01012252
0.045654536 1.0021027 0.010021027
0.045964046 0.9908822 0.009908822
0.046011928 0.9904079 0.009904079
0.046273556 0.98755997 0.0098755997
0.046583065 0.98098584 0.0098098584
0.046892575 0.97595787 0.0097595787
0.047120454 0.97039054 0.0097039054
0.047202083 0.96838459 0.0096838459
0.047511592 0.96684221 0.0096684221
0.0478211 0.95731089 0.0095731089
0.048130609 0.95676618 0.0095676618
0.048255688 0.9530737 0.009530737
0.048440116 0.94757941 0.0094757941
0.048749624 0.94531911 0.0094531911
0.049059131 0.94088875 0.0094088875
0.049368638 0.92448983 0.0092448983
0.049418271 0.92648508 0.0092648508
0.049678145 0.93672487 0.0093672487
0.049987652 0.93041677 0.0093041677
0.050297158 0.92341146 0.0092341146
0.050606664 0.91594295 0.0091594295
0.050608864 0.91594521 0.0091594521
0.05091617 0.91594487 0.0091594487
0.051225675 0.91734374 0.0091734374
0.05153518 0.90451344 0.0090451344
0.05182814 0.89743156 0.0089743156
0.051844685 0.89703674 0.0089703674
0.05215419 0.89472654 0.0089472654
0.052463694 0.89085583 0.0089085583
0.052773198 0.88758193 0.0088758193
0.053076791 0.8867642 0.008867642
0.053082702 0.88674968 0.0088674968
0.053392205 0.88060708 0.0088060708
0.053701708 0.87455309 0.0087455309
0.054011211 0.87178982 0.0087178982
0.054320713 0.87023109 0.0087023109
0.054355526 0.87022167 0.0087022167
0.054630216 0.87000164 0.0087000164
0.054939718 0.85895957 0.0085895957
0.055249219 0.85907648 0.0085907648
0.055558721 0.85399517 0.0085399517
0.055665067 0.85406622 0.0085406622
0.055868222 0.8541281 0.008541281
0.056177722 0.84916753 0.0084916753
0.056487223 0.84197464 0.0084197464
0.056796723 0.84709671 0.0084709671
0.057006158 0.84167534 0.0084167534
0.057106223 0.83897622 0.0083897622
0.057415722 0.8272912 0.008272912
0.057725221 0.82392811 0.0082392811
0.05803472 0.81875961 0.0081875961
0.058344219 0.81867572 0.0081867572
0.058379559 0.81777467 0.0081777467
0.058653717 0.8109738 0.008109738
0.058963215 0.81188273 0.0081188273
0.059272713 0.80263778 0.0080263778
0.05958221 0.80411364 0.0080411364
0.059786049 0.80535422 0.0080535422
0.059891707 0.80599595 0.0080599595
0.060201203 0.79935536 0.0079935536
0.0605107 0.79434799 0.0079434799
0.060820196 0.79036243 0.0079036243
0.061129691 0.78635872 0.0078635872
0.061226423 0.78758654 0.0078758654
0.061439187 0.79011658 0.0079011658
0.061748681 0.78629796 0.0078629796
0.062058176 0.77532049 0.0077532049
0.06236767 0.78066733 0.0078066733
0.062677164 0.7762032 0.007762032
0.0627015 0.77563924 0.0077563924
0.062986658 0.76908878 0.0076908878
0.063296151 0.76779608 0.0076779608
0.063605644 0.76148167 0.0076148167
0.063915137 0.75692914 0.0075692914
0.064212114 0.75161406 0.0075161406
0.064224629 0.75138743 0.0075138743
0.064534121 0.75480019 0.0075480019
0.064843612 0.74948105 0.0074948105
0.065153103 0.7458721 0.007458721
0.065462594 0.74238075 0.0074238075
0.065759122 0.73728759 0.0073728759
0.065772085 0.73706358 0.0073706358
0.066081575 0.73581422 0.0073581422
0.066391064 0.73271435 0.0073271435
0.066700554 0.72947086 0.0072947086
0.067010043 0.72648021 0.0072648021
0.067319531 0.72534703 0.0072534703
0.0673434 0.72514482 0.0072514482
0.06762902 0.722672 0.00722672
0.067938508 0.71357017 0.0071357017
0.068247995 0.71440702 0.0071440702
0.068557482 0.71588758 0.0071588758
0.068866969 0.71009453 0.0071009453
0.068965848 0.71086858 0.0071086858
0.069176455 0.71247129 0.0071247129
0.069485941 0.69735771 0.0069735771
0.069795427 0.70240224 0.0070240224
0.070104912 0.69366089 0.0069366089
0.070414397 0.69366535 0.0069366535
0.070627384 0.69055805 0.0069055805
0.070723882 0.689147 0.00689147
0.071033366 0.686536 0.00686536
0.07134285 0.68165638 0.0068165638
0.071652333 0.67413726 0.0067413726
0.071961816 0.67517806 0.0067517806
0.072271298 0.67220541 0.0067220541
0.072328949 0.67141394 0.0067141394
0.07258078 0.66793132 0.0066793132
0.072890262 0.66712203 0.0066712203
0.073199744 0.66879268 0.0066879268
0.073509225 0.65878832 0.0065878832
0.073818705 0.65914931 0.0065914931
0.074071509 0.65770695 0.0065770695
0.074128185 0.65737867 0.0065737867
0.074437665 0.65230864 0.0065230864
0.074747144 0.64334576 0.0064334576
0.075056623 0.64482988 0.0064482988
0.075366102 0.64250211 0.0064250211
0.07567558 0.64205079 0.0064205079
0.075856051 0.63999016 0.0063999016
0.075985058 0.63848353 0.0063848353
0.076294535 0.63658472 0.0063658472
0.076604012 0.63222771 0.0063222771
0.076913488 0.62943185 0.0062943185
0.077222964 0.62787105 0.0062787105
0.07753244 0.62070297 0.0062070297
0.077683587 0.62235098 0.0062235098
0.077841915 0.62404504 0.0062404504
0.07815139 0.61808562 0.0061808562
0.078460864 0.61641313 0.0061641313
0.078770338 0.61386955 0.0061386955
0.079079812 0.61402143 0.0061402143
0.079389285 0.60934915 0.0060934915
0.079555152 0.60732917 0.0060732917
0.079698757 0.60557674 0.0060557674
0.080008229 0.60305146 0.0060305146
0.080317701 0.60091164 0.0060091164
0.080627172 0.59364094 0.0059364094
0.080936643 0.59350556 0.0059350556
0.081246114 0.58864968 0.0058864968
0.081471807 0.58917095 0.0058917095
0.081555584 0.58934184 0.0058934184
0.081865053 0.58763897 0.0058763897
0.082174522 0.585218 0.00585218
0.082483991 0.57749779 0.0057749779
0.082793459 0.57669067 0.0057669067
0.083102927 0.57951772 0.0057951772
0.083412394 0.5699529 0.005699529
0.083434638 0.56988901 0.0056988901
0.083721861 0.56916349 0.0056916349
0.084031327 0.56594306 0.0056594306
0.084340793 0.56044228 0.0056044228
0.084650259 0.56383311 0.0056383311
0.084959724 0.5603529 0.005603529
0.085269188 0.556689 0.00556689
0.085444758 0.55383891 0.0055383891
0.085578652 0.5516307 0.005516307
0.085888116 0.55332399 0.0055332399
0.086197579 0.54682529 0.0054682529
0.086507042 0.54579347 0.0054579347
0.086816504 0.54154635 0.0054154635
0.087125966 0.53315034 0.0053315034
0.087435427 0.53842469 0.0053842469
0.087503306 0.53776628 0.0053776628
0.087744888 0.53537242 0.0053537242
0.088054348 0.52973089 0.0052973089
0.088363808 0.53185716 0.0053185716
0.088673267 0.52780876 0.0052780876
0.088982726 0.5282544 0.005282544
0.089292184 0.52125124 0.0052125124
0.089601642 0.52150194 0.0052150194
0.089611449 0.52140291 0.0052140291
0.089911099 0.51840168 0.0051840168
0.090220556 0.51360284 0.0051360284
0.090530013 0.51455498 0.0051455498
0.090839469 0.51234524 0.0051234524
0.091148924 0.51470294 0.0051470294
0.091458379 0.50173544 0.0050173544
0.091767833 0.50261936 0.0050261936
0.091770381 0.50261866 0.0050261866
0.092077287 0.50242758 0.0050242758
0.092386741 0.49569853 0.0049569853
0.092696194 0.49798119 0.0049798119
0.093005646 0.49070331 0.0049070331
0.093315098 0.49116093 0.0049116093
0.093624549 0.48497568 0.0048497568
0.093934 0.4845908 0.004845908
0.093981327 0.48492857 0.0048492857
0.09424345 0.48682285 0.0048682285
0.0945529 0.48461025 0.0048461025
0.09486235 0.48081266 0.0048081266
0.095171798 0.47517589 0.0047517589
0.095481247 0.47521555 0.0047521555
0.095790694 0.47122878 0.0047122878
0.096100142 0.46901826 0.0046901826
0.09624554 0.4681608 0.004681608
0.096409588 0.46719235 0.0046719235
0.096719035 0.46591075 0.0046591075
0.09702848 0.46554474 0.0046554474
0.097337925 0.46322329 0.0046322329
0.09764737 0.45302734 0.0045302734
0.097956814 0.45728434 0.0045728434
0.098266257 0.45423443 0.0045423443
0.098564302 0.45115158 0.0045115158
0.0985757 0.45103247 0.0045103247
0.098885143 0.44636921 0.0044636921
0.099194585 0.45014335 0.0045014335
0.099504026 0.44484483 0.0044484483
0.099813467 0.4384573 0.004384573
0.10012291 0.43898446 0.0043898446
0.10043235 0.44040296 0.0044040296
0.10074179 0.43789621 0.0043789621
0.10093893 0.43654786 0.0043654786
0.10105122 0.43575 0.0043575
0.10136066 0.42945507 0.0042945507
0.1016701 0.42691001 0.0042691001
0.10197954 0.43020594 0.0043020594
0.10228897 0.42460019 0.0042460019
0.10259841 0.42386818 0.0042386818
0.10290785 0.41842946 0.0041842946
0.10321728 0.41537309 0.0041537309
0.10337076 0.4160858 0.004160858
0.10352671 0.41683575 0.0041683575
0.10383615 0.41387603 0.0041387603
0.10414558 0.40795342 0.0040795342
0.10445501 0.40996498 0.0040996498
0.10476445 0.40340255 0.0040340255
0.10507388 0.40672416 0.0040672416
0.10538331 0.4036977 0.004036977
0.10569274 0.40510883 0.0040510883
0.10586119 0.40269668 0.0040269668
0.10600217 0.40065738 0.0040065738
0.1063116 0.39845458 0.0039845458
0.10662102 0.39672816 0.0039672816
0.10693045 0.39030438 0.0039030438
0.10723988 0.38881609 0.0038881609
0.10754931 0.38883008 0.0038883008
0.10785873 0.38523157 0.0038523157
0.10816816 0.38244403 0.0038244403
0.10841161 0.38084425 0.0038084425
0.10847758 0.38041411 0.0038041411
0.10878701 0.37911475 0.0037911475
0.10909643 0.38160228 0.0038160228
0.10940585 0.37537605 0.0037537605
0.10971528 0.37414905 0.0037414905
0.1100247 0.37211069 0.0037211069
0.11033412 0.3738716 0.003738716
0.11064354 0.37028159 0.0037028159
0.11095296 0.36954437 0.0036954437
0.11102348 0.36908976 0.0036908976
0.11126238 0.36752286 0.0036752286
0.1115718 0.36487414 0.0036487414
0.11188122 0.36622872 0.0036622872
0.11219064 0.37355366 0.0037355366
0.11250005 0.44002506 0.0044002506
0.11280947 0.6636246 0.006636246
0.11311889 0.85215012 0.0085215012
0.1134283 0.67863328 0.0067863328
0.11369828 0.46592591 0.0046592591
0.11373772 0.43485051 0.0043485051
0.11404713 0.36651889 0.0036651889
0.11435654 0.3514604 0.003514604
0.11466596 0.34486725 0.0034486725
0.11497537 0.34215199 0.0034215199
0.11528478 0.34140088 0.0034140088
0.11559419 0.33737935 0.0033737935
0.1159036 0.33214154 0.0033214154
0.11621301 0.33490195 0.0033490195
0.11643751 0.33274049 0.0033274049
0.11652242 0.33191943 0.0033191943
0.11683183 0.32853297 0.0032853297
0.11714124 0.32646447 0.0032646447
0.11745064 0.32385665 0.0032385665
0.11776005 0.32299627 0.0032299627
0.11806945 0.32459272 0.0032459272
0.11837886 0.31909406 0.0031909406
0.11868826 0.31977476 0.0031977476
0.11899767 0.31510004 0.0031510004
0.11924274 0.31454882 0.0031454882
0.11930707 0.31440434 0.0031440434
0.11961647 0.31192429 0.0031192429
0.11992588 0.31003158 0.0031003158
0.12023528 0.30954111 0.0030954111
0.12054468 0.30705144 0.0030705144
0.12085408 0.30514792 0.0030514792
0.12116348 0.30522298 0.0030522298
0.12147288 0.29885425 0.0029885425
0.12178227 0.30134812 0.0030134812
0.12209167 0.3002724 0.003002724
0.12211556 0.29978014 0.0029978014
0.12240107 0.29387858 0.0029387858
0.12271046 0.29537449 0.0029537449
0.12301986 0.29097778 0.0029097778
0.12332925 0.29149991 0.0029149991
0.12363865 0.28956817 0.0028956817
0.12394804 0.28608114 0.0028608114
0.12425743 0.2875715 0.002875715
0.12456683 0.28453833 0.0028453833
0.12487622 0.28736639 0.0028736639
0.12505758 0.28302373 0.0028302373
0.12518561 0.27994899 0.0027994899
0.125495 0.28008876 0.0028008876
0.12580439 0.27767138 0.0027767138
0.12611377 0.27511007 0.0027511007
0.12642316 0.27821378 0.0027821378
0.12673255 0.27353315 0.0027353315
0.12704194 0.27222246 0.0027222246
0.12735132 0.27296793 0.0027296793
0.12766071 0.26911747 0.0026911747
0.12797009 0.26603213 0.0026603213
0.12807049 0.26624686 0.0026624686
0.12827947 0.26668651 0.0026668651
0.12858886 0.26141437 0.0026141437
0.12889824 0.263281 0.00263281
0.12920762 0.26154744 0.0026154744
0.129517 0.2577468 0.002577468
0.12982638 0.25701333 0.0025701333
0.13013576 0.25032378 0.0025032378
0.13044514 0.25072458 0.0025072458
0.13075452 0.25038794 0.0025038794
0.1310639 0.24888734 0.0024888734
0.13115598 0.24782376 0.0024782376
0.13137327 0.2453041 0.002453041
0.13168265 0.24871133 0.0024871133
0.13199202 0.24461759 0.0024461759
0.1323014 0.24317792 0.0024317792
0.13261077 0.24061578 0.0024061578
0.13292015 0.23980261 0.0023980261
0.13322952 0.2380883 0.002380883
0.13353889 0.23553373 0.0023553373
0.13384826 0.23474804 0.0023474804
0.13415763 0.23223417 0.0023223417
0.13431581 0.23312641 0.0023312641
0.134467 0.23398604 0.0023398604
0.13477637 0.22933783 0.0022933783
0.13508574 0.2295751 0.002295751
0.1353951 0.22893181 0.0022893181
0.13570447 0.22494185 0.0022494185
0.13601383 0.22408837 0.0022408837
0.1363232 0.22146318 0.0022146318
0.13663256 0.22194937 0.0022194937
0.13694193 0.21973629 0.0021973629
0.13725129 0.218076 0.00218076
0.13755177 0.21629034 0.0021629034
0.13756065 0.21623886 0.0021623886
0.13787001 0.21286879 0.0021286879
0.13817937 0.21121598 0.0021121598
0.13848873 0.21421842 0.0021421842
0.13879809 0.21462747 0.0021462747
0.13910745 0.21300577 0.0021300577
0.13941681 0.21158111 0.0021158111
0.13972616 0.20875374 0.0020875374
0.14003552 0.20496306 0.0020496306
0.14034488 0.20596451 0.0020596451
0.14065423 0.20455081 0.0020455081
0.14086569 0.20447347 0.0020447347
0.14096358 0.20442066 0.0020442066
0.14127294 0.20384733 0.0020384733
0.14158229 0.20083277 0.0020083277
0.14189164 0.20161509 0.0020161509
0.14220099 0.19980361 0.0019980361
0.14251034 0.19824466 0.0019824466
0.14281969 0.19777219 0.0019777219
0.14312904 0.19478675 0.0019478675
0.14343838 0.19421906 0.0019421906
0.14374773 0.19354741 0.0019354741
0.14405708 0.19320449 0.0019320449
0.14425945 0.19142914 0.0019142914
0.14436642 0.19049533 0.0019049533
0.14467577 0.18838083 0.0018838083
0.14498511 0.18649977 0.0018649977
0.14529445 0.18834799 0.0018834799
0.14560379 0.1854092 0.001854092
0.14591314 0.18229731 0.0018229731
0.14622248 0.18382057 0.0018382057
0.14653182 0.18276275 0.0018276275
0.14684115 0.18058697 0.0018058697
0.14715049 0.18076714 0.0018076714
0.14745983 0.17646344 0.0017646344
0.14773497 0.17411105 0.0017411105
0.14776917 0.17381814 0.0017381814
0.1480785 0.17477234 0.0017477234
0.14838784 0.1753024 0.001753024
0.14869717 0.17484429 0.0017484429
0.1490065 0.17043756 0.0017043756
0.14931583 0.17267928 0.0017267928
0.14962517 0.1690137 0.001690137
0.1499345 0.16820728 0.0016820728
0.15024383 0.16789777 0.0016789777
0.15055316 0.16693231 0.0016693231
0.15086248 0.16345023 0.0016345023
0.15117181 0.16391762 0.0016391762
0.15129422 0.16416133 0.0016416133
0.15148114 0.16452796 0.0016452796
0.15179046 0.16168719 0.0016168719
0.15209979 0.16383105 0.0016383105
0.15240911 0.16199724 0.0016199724
0.15271844 0.15926379 0.0015926379
0.15302776 0.15874445 0.0015874445
0.15333708 0.15361207 0.0015361207
0.1536464 0.15318447 0.0015318447
0.15395572 0.15538018 0.0015538018
0.15426504 0.1544744 0.001544744
0.15457436 0.15229922 0.0015229922
0.15488367 0.15139632 0.0015139632
0.15493922 0.15097805 0.0015097805
0.15519299 0.14909883 0.0014909883
0.15550231 0.14836239 0.0014836239
0.15581162 0.14770998 0.0014770998
0.15612093 0.14933194 0.0014933194
0.15643025 0.14591938 0.0014591938
0.15673956 0.14528737 0.0014528737
0.15704887 0.14387142 0.0014387142
0.15735818 0.14279898 0.0014279898
0.15766749 0.140652 0.00140652
0.1579768 0.14287491 0.0014287491
0.15828611 0.14070142 0.0014070142
0.15859542 0.14217525 0.0014217525
0.15867204 0.1446006 0.001446006
0.15890472 0.1519368 0.001519368
0.15921403 0.20466701 0.0020466701
0.15952333 0.44730862 0.0044730862
0.15983264 0.6222747 0.006222747
0.16014194 0.57567669 0.0057567669
0.16045124 0.3235259 0.003235259
0.16076054 0.17788623 0.0017788623
0.16106984 0.14556149 0.0014556149
0.16137914 0.1335974 0.001335974
0.16168844 0.13401899 0.0013401899
0.16199774 0.12768799 0.0012768799
0.16230703 0.12878696 0.0012878696
0.16249479 0.12874922 0.0012874922
0.16261633 0.12872453 0.0012872453
0.16292562 0.12806562 0.0012806562
0.16323492 0.12603999 0.0012603999
0.16354421 0.12400095 0.0012400095
0.1638535 0.12708404 0.0012708404
0.16416279 0.12152208 0.0012152208
0.16447208 0.12280373 0.0012280373
0.16478137 0.11906163 0.0011906163
0.16509066 0.11672097 0.0011672097
0.16539995 0.11753293 0.0011753293
0.16570924 0.11757685 0.0011757685
0.16601852 0.11621411 0.0011621411
0.16632781 0.11938358 0.0011938358
0.16640964 0.11848263 0.0011848263
0.16663709 0.11597682 0.0011597682
0.16694637 0.11424423 0.0011424423
0.16725566 0.11105053 0.0011105053
0.16756494 0.11365545 0.0011365545
0.16787422 0.11366917 0.0011366917
0.1681835 0.11102204 0.0011102204
0.16849278 0.11062207 0.0011062207
0.16880205 0.10977248 0.0010977248
0.16911133 0.10729971 0.0010729971
0.16942061 0.10604531 0.0010604531
0.16972988 0.10812346 0.0010812346
0.17003916 0.10698913 0.0010698913
0.17034843 0.10663353 0.0010663353
0.17041881 0.10601345 0.0010601345
0.1706577 0.10389053 0.0010389053
0.17096697 0.10231513 0.0010231513
0.17127624 0.10303904 0.0010303904
0.17158551 0.10397457 0.0010397457
0.17189478 0.10215642 0.0010215642
0.17220405 0.10163644 0.0010163644
0.17251331 0.10128818 0.0010128818
0.17282258 0.097729022 0.00097729022
0.17313184 0.09903888 0.0009903888
0.17344111 0.096930569 0.00096930569
0.17375037 0.10131906 0.0010131906
0.17405963 0.097644985 0.00097644985
0.17436889 0.097090541 0.00097090541
0.17452457 0.097115497 0.00097115497
0.17467815 0.097142221 0.00097142221
0.17498741 0.096154958 0.00096154958
0.17529667 0.096284744 0.00096284744
0.17560593 0.092439521 0.00092439521
0.17591518 0.095165321 0.00095165321
0.17622444 0.093173801 0.00093173801
0.17653369 0.091790634 0.00091790634
0.17684295 0.094772582 0.00094772582
0.1771522 0.094199133 0.00094199133
0.17746145 0.097187069 0.00097187069
0.1777707 0.11381233 0.0011381233
0.17807995 0.18837618 0.0018837618
0.1783892 0.46875056 0.0046875056
0.17869844 1.0451819 0.010451819
0.17872924 1.0697911 0.010697911
0.17900769 1.2922797 0.012922797
0.17931694 0.62486721 0.0062486721
0.17962618 0.22158824 0.0022158824
0.17993542 0.11658728 0.0011658728
0.18024467 0.096613586 0.00096613586
0.18055391 0.089703758 0.00089703758
0.18086315 0.086025283 0.00086025283
0.18117239 0.086499914 0.00086499914
0.18148163 0.082969322 0.00082969322
0.18179086 0.084251817 0.00084251817
0.1821001 0.083504696 0.00083504696
0.18240934 0.086481388 0.00086481388
0.18271857 0.10766807 0.0010766807
0.1830278 0.15201674 0.0015201674
0.18303521 0.15354129 0.0015354129
0.18333704 0.21566324 0.0021566324
0.18364627 0.22066414 0.0022066414
0.1839555 0.14969887 0.0014969887
0.18426473 0.09874523 0.0009874523
0.18457396 0.080896991 0.00080896991
0.18488318 0.077728793 0.00077728793
0.18519241 0.075330865 0.00075330865
0.18550164 0.075358739 0.00075358739
0.18581086 0.072957445 0.00072957445
0.18612009 0.073433971 0.00073433971
0.18642931 0.073749729 0.00073749729
0.18673853 0.072264824 0.00072264824
0.18704775 0.071035064 0.00071035064
0.18735697 0.070665759 0.00070665759
0.18744492 0.070120956 0.00070120956
0.18766619 0.068730593 0.00068730593
0.1879754 0.06762875 0.0006762875
0.18828462 0.072930102 0.00072930102
0.18859384 0.06842124 0.0006842124
0.18890305 0.065564638 0.00065564638
0.18921226 0.062818561 0.00062818561
0.18952148 0.064322222 0.00064322222
0.18983069 0.066771231 0.00066771231
0.1901399 0.065683117 0.00065683117
0.19044911 0.064673745 0.00064673745
0.19075832 0.063385876 0.00063385876
0.19106752 0.062806272 0.00062806272
0.19137673 0.064626941 0.00064626941
0.19168593 0.062148171 0.00062148171
0.19196087 0.061205296 0.00061205296
0.19199514 0.061090132 0.00061090132
0.19230434 0.063639599 0.00063639599
0.19261354 0.06306629 0.0006306629
0.19292274 0.060100902 0.00060100902
0.19323194 0.060640252 0.00060640252
0.19354114 0.062109055 0.00062109055
0.19385034 0.060166117 0.00060166117
0.19415954 0.057406527 0.00057406527
0.19446873 0.05610364 0.0005610364
0.19477793 0.058690749 0.00058690749
0.19508712 0.057617252 0.00057617252
0.19539631 0.055828763 0.00055828763
0.1957055 0.05514865 0.0005514865
0.19601469 0.054931798 0.00054931798
0.19632388 0.056621722 0.00056621722
0.19658562 0.057951657 0.00057951657
0.19663307 0.058187421 0.00058187421
0.19694226 0.056924155 0.00056924155
0.19725144 0.055688489 0.00055688489
0.19756063 0.054973862 0.00054973862
0.19786981 0.056442864 0.00056442864
0.19817899 0.056687984 0.00056687984
0.19848818 0.05777607 0.0005777607
0.19879736 0.063399244 0.00063399244
0.19910654 0.081979832 0.00081979832
0.19941572 0.13601489 0.0013601489
0.19972489 0.29402877 0.0029402877
0.20003407 0.48313246 0.0048313246
0.20034324 0.50060119 0.0050060119
0.20065242 0.25593337 0.0025593337
0.20096159 0.1197059 0.001197059
0.20127076 0.0646437 0.000646437
0.2013218 0.06308098 0.0006308098
0.20157993 0.05522136 0.0005522136
0.2018891 0.052287884 0.00052287884
0.20219827 0.050968012 0.00050968012
0.20250744 0.049483606 0.00049483606
0.20281661 0.046958816 0.00046958816
0.20312577 0.047161196 0.00047161196
0.20343493 0.048764884 0.00048764884
0.2037441 0.047922279 0.00047922279
0.20405326 0.045925537 0.00045925537
0.20436242 0.047147311 0.00047147311
0.20467158 0.043874434 0.00043874434
0.20498074 0.044500504 0.00044500504
0.2052899 0.040818679 0.00040818679
0.20559905 0.043778438 0.00043778438
0.20590821 0.044081972 0.00044081972
0.20617207 0.043939262 0.00043939262
0.20621736 0.043911873 0.00043911873
0.20652651 0.043421898 0.00043421898
0.20683567 0.040698255 0.00040698255
0.20714482 0.044442413 0.00044442413
0.20745397 0.041114958 0.00041114958
0.20776312 0.042235361 0.00042235361
0.20807226 0.041793008 0.00041793008
0.20838141 0.042294221 0.00042294221
0.20869055 0.037596688 0.00037596688
0.2089997 0.040876697 0.00040876697
0.20930884 0.042436526 0.00042436526
0.20961798 0.041125592 0.00041125592
0.20992712 0.039081976 0.00039081976
0.21023626 0.040544562 0.00040544562
0.2105454 0.037933651 0.00037933651
0.21085454 0.037666678 0.00037666678
0.2111392 0.038757815 0.00038757815
0.21116367 0.038850025 0.00038850025
0.21147281 0.039046845 0.00039046845
0.21178194 0.039589066 0.00039589066
0.21209107 0.036904619 0.00036904619
0.21240021 0.036516816 0.00036516816
0.21270934 0.039392297 0.00039392297
0.21301846 0.037562578 0.00037562578
0.21332759 0.03720889 0.0003720889
0.21363672 0.034853498 0.00034853498
0.21394584 0.035323076 0.00035323076
0.21425497 0.034722673 0.00034722673
0.21456409 0.034540993 0.00034540993
0.21487321 0.032895383 0.00032895383
0.21518234 0.03450411 0.0003450411
0.21549145 0.037519572 0.00037519572
0.21580057 0.035189139 0.00035189139
0.21610969 0.03409436 0.0003409436
0.216226 0.033662398 0.00033662398
0.21641881 0.032947731 0.00032947731
0.21672792 0.035251891 0.00035251891
0.21703704 0.03169837 0.0003169837
0.21734615 0.03571231 0.0003571231
0.21765526 0.033569775 0.00033569775
0.21796437 0.032565471 0.00032565471
0.21827348 0.032569908 0.00032569908
0.21858259 0.031934843 0.00031934843
0.21889169 0.029987141 0.00029987141
0.2192008 0.033782495 0.00033782495
0.2195099 0.031911011 0.00031911011
0.21981901 0.031254531 0.00031254531
0.22012811 0.030148157 0.00030148157
0.22043721 0.032125445 0.00032125445
0.22074631 0.028069274 0.00028069274
0.22105541 0.032838736 0.00032838736
0.2213645 0.031116578 0.00031116578
0.22143535 0.031590595 0.00031590595
0.2216736 0.033188466 0.00033188466
0.22198269 0.028598763 0.00028598763
0.22229179 0.030704962 0.00030704962
0.22260088 0.029503765 0.00029503765
0.22290997 0.028257988 0.00028257988
0.22321906 0.032780335 0.00032780335
0.22352815 0.03059859 0.0003059859
0.22383724 0.029557275 0.00029557275
0.22414632 0.030012211 0.00030012211
0.22445541 0.028557548 0.00028557548
0.22476449 0.033802654 0.00033802654
0.22507357 0.030728636 0.00030728636
0.22538265 0.039243116 0.00039243116
0.22569174 0.10346426 0.0010346426
0.22600081 0.17625518 0.0017625518
0.22630989 0.32155096 0.0032155096
0.22661897 0.24221935 0.0024221935
0.2267702 0.15551663 0.0015551663
0.22692804 0.065023992 0.00065023992
0.22723712 0.036658496 0.00036658496
0.22754619 0.027294116 0.00027294116
0.22785526 0.027598441 0.00027598441
0.22816433 0.023963373 0.00023963373
0.2284734 0.02691889 0.0002691889
0.22878247 0.027142933 0.00027142933
0.22909153 0.026706254 0.00026706254
0.2294006 0.025097544 0.00025097544
0.22970966 0.029294151 0.00029294151
0.23001873 0.031192378 0.00031192378
0.23032779 0.030470537 0.00030470537
0.23063685 0.028133053 0.00028133053
0.23094591 0.028721537 0.00028721537
0.23125496 0.023632676 0.00023632676
0.23156402 0.025479015 0.00025479015
0.23187308 0.023442519 0.00023442519
0.23218213 0.025869261 0.00025869261
0.23223358 0.02577133 0.0002577133
0.23249118 0.025275044 0.00025275044
0.23280023 0.022505 0.00022505
0.23310928 0.023140424 0.00023140424
0.23341833 0.026748128 0.00026748128
0.23372738 0.026118483 0.00026118483
0.23403643 0.023595507 0.00023595507
0.23434547 0.024606245 0.00024606245
0.23465451 0.021562111 0.00021562111
0.23496356 0.023011422 0.00023011422
0.2352726 0.025172233 0.00025172233
0.23558164 0.022854319 0.00022854319
0.23589068 0.023161791 0.00023161791
0.23619971 0.025621287 0.00025621287
0.23650875 0.025872523 0.00025872523
0.23681778 0.024627411 0.00024627411
0.23712682 0.022825326 0.00022825326
0.23743585 0.022955269 0.00022955269
0.23774488 0.022303987 0.00022303987
0.23782859 0.022225263 0.00022225263
0.23805391 0.022030233 0.00022030233
0.23836294 0.023850933 0.00023850933
0.23867197 0.023613625 0.00023613625
0.23898099 0.020293053 0.00020293053
0.23929002 0.021174511 0.00021174511
0.23959904 0.021586289 0.00021586289
0.23990806 0.019879716 0.00019879716
0.24021708 0.022879543 0.00022879543
0.2405261 0.02295924 0.0002295924
0.24083512 0.020898019 0.00020898019
0.24114413 0.024722801 0.00024722801
0.24145315 0.023605887 0.00023605887
0.24176216 0.021890821 0.00021890821
0.24207118 0.026739756 0.00026739756
0.24238019 0.031305789 0.00031305789
0.2426892 0.043669563 0.00043669563
0.24299821 0.10955 0.0010955
0.24330721 0.20091861 0.0020091861
0.24355839 0.18047576 0.0018047576
0.24361622 0.17576619 0.0017576619
0.24392522 0.089020284 0.00089020284
0.24423423 0.040788809 0.00040788809
0.24454323 0.029390971 0.00029390971
0.24485223 0.023826598 0.00023826598
0.24516123 0.021639614 0.00021639614
0.24547023 0.021846406 0.00021846406
0.24577922 0.019377038 0.00019377038
0.24608822 0.022101952 0.00022101952
0.24639721 0.020503768 0.00020503768
0.24670621 0.021609975 0.00021609975
0.2470152 0.022570164 0.00022570164
0.24732419 0.019216239 0.00019216239
0.24763318 0.02202767 0.0002202767
0.24794216 0.020594708 0.00020594708
0.24825115 0.019007771 0.00019007771
0.24856013 0.021944 0.00021944
0.24886912 0.022243102 0.00022243102
0.2491781 0.019516287 0.00019516287
0.24942624 0.021697555 0.00021697555
0.24948708 0.02223666 0.0002223666
0.24979606 0.020424317 0.00020424317
0.25010504 0.024117632 0.00024117632
0.25041401 0.023180035 0.00023180035
0.25072299 0.019051219 0.00019051219
0.25103196 0.019601896 0.00019601896
0.25134093 0.021921328 0.00021921328
0.2516499 0.021884682 0.00021884682
0.25195887 0.028464207 0.00028464207
0.25226784 0.040156322 0.00040156322
0.25257681 0.08448125 0.0008448125
0.25288577 0.17762777 0.0017762777
0.25319474 0.1899957 0.001899957
0.2535037 0.070073725 0.00070073725
0.25381266 0.035303514 0.00035303514
0.25412162 0.024928105 0.00024928105
0.25443058 0.019944935 0.00019944935
0.25473954 0.020010494 0.00020010494
0.25504849 0.016939229 0.00016939229
0.25535745 0.023022502 0.00023022502
0.25543545 0.021517159 0.00021517159
0.2556664 0.01701066 0.0001701066
0.25597535 0.020049031 0.00020049031
0.2562843 0.020311226 0.00020311226
0.25659325 0.016853382 0.00016853382
0.2569022 0.019293273 0.00019293273
0.25721115 0.021767959 0.00021767959
0.25752009 0.017662983 0.00017662983
0.25782903 0.020181985 0.00020181985
0.25813798 0.017932016 0.00017932016
0.25844692 0.01929567 0.0001929567
0.25875585 0.018107494 0.00018107494
0.25906479 0.01724463 0.0001724463
0.25937373 0.020955749 0.00020955749
0.25968266 0.019698633 0.00019698633
0.2599916 0.017197938 0.00017197938
0.26030053 0.018897078 0.00018897078
0.26060946 0.019676054 0.00019676054
0.26091839 0.018363982 0.00018363982
0.26122732 0.015776938 0.00015776938
0.26153624 0.01776562 0.0001776562
0.26158944 0.017661264 0.00017661264
0.26184517 0.017192726 0.00017192726
0.26215409 0.020234973 0.00020234973
0.26246301 0.018769716 0.00018769716
0.26277193 0.016623808 0.00016623808
0.26308085 0.021446555 0.00021446555
0.26338977 0.015877491 0.00015877491
0.26369869 0.018956373 0.00018956373
0.2640076 0.019350164 0.00019350164
0.26431651 0.019689663 0.00019689663
0.26462543 0.016233033 0.00016233033
0.26493434 0.019787362 0.00019787362
0.26524325 0.022086359 0.00022086359
0.26555215 0.016509346 0.00016509346
0.26586106 0.019364064 0.00019364064
0.26616996 0.019113313 0.00019113313
0.26647887 0.01711814 0.0001711814
0.26678777 0.019638545 0.00019638545
0.26709667 0.019406771 0.00019406771
0.26740557 0.018677861 0.00018677861
0.26771447 0.018209737 0.00018209737
0.2678917 0.018885271 0.00018885271
0.26802336 0.019386888 0.00019386888
0.26833226 0.018866721 0.00018866721
0.26864115 0.019668058 0.00019668058
0.26895004 0.019026511 0.00019026511
0.26925893 0.017669418 0.00017669418
0.26956782 0.018586621 0.00018586621
0.26987671 0.017836741 0.00017836741
0.27018559 0.017246323 0.00017246323
0.27049448 0.017975289 0.00017975289
0.27080336 0.017739304 0.00017739304
0.27111224 0.016049383 0.00016049383
0.27142112 0.016011954 0.00016011954
0.27173 0.015755842 0.00015755842
0.27203888 0.01861939 0.0001861939
0.27234775 0.02112237 0.0002112237
0.27265663 0.020196431 0.00020196431
0.2729655 0.018313731 0.00018313731
0.27327437 0.02133007 0.0002133007
0.27358324 0.018849307 0.00018849307
0.27389211 0.018775621 0.00018775621
0.27420098 0.017102574 0.00017102574
0.27434578 0.019211848 0.00019211848
0.27450984 0.021599675 0.00021599675
0.2748187 0.018768248 0.00018768248
0.27512757 0.020857629 0.00020857629
0.27543643 0.02030514 0.0002030514
0.27574529 0.018905312 0.00018905312
0.27605414 0.017864218 0.00017864218
0.276363 0.019425085 0.00019425085
0.27667185 0.018946049 0.00018946049
0.27698071 0.021032952 0.00021032952
0.27728956 0.017633385 0.00017633385
0.27759841 0.016596695 0.00016596695
0.27790726 0.01923012 0.0001923012
0.2782161 0.016559484 0.00016559484
0.27852495 0.020717539 0.00020717539
0.27883379 0.02576777 0.0002576777
0.27914264 0.035193459 0.00035193459
0.27945148 0.071871201 0.00071871201
0.27976032 0.26558419 0.0026558419
0.28006915 0.62516261 0.0062516261
0.28037799 0.45827004 0.0045827004
0.28068683 0.10588374 0.0010588374
0.28095536 0.048804342 0.00048804342
0.28099566 0.040241912 0.00040241912
0.28130449 0.028183453 0.00028183453
0.28161332 0.025086779 0.00025086779
0.28192215 0.02241543 0.0002241543
0.28223098 0.019287905 0.00019287905
0.2825398 0.020157563 0.00020157563
0.28284863 0.019198385 0.00019198385
0.28315745 0.017382631 0.00017382631
0.28346627 0.019894985 0.00019894985
0.28377509 0.018092795 0.00018092795
0.28408391 0.018649517 0.00018649517
0.28439272 0.022559568 0.00022559568
0.28470154 0.020041715 0.00020041715
0.28501035 0.01913666 0.0001913666
0.28531916 0.017455382 0.00017455382
0.28562797 0.018198218 0.00018198218
0.28593678 0.014236393 0.00014236393
0.28624559 0.016468393 0.00016468393
0.2865544 0.01831419 0.0001831419
0.2868632 0.020272976 0.00020272976
0.287172 0.0217034 0.000217034
0.2874808 0.024783856 0.00024783856
0.28772418 0.035223059 0.00035223059
0.2877896 0.038019378 0.00038019378
0.2880984 0.10336314 0.0010336314
0.2884072 0.20087302 0.0020087302
0.28871599 0.16310749 0.0016310749
0.28902478 0.050273804 0.00050273804
0.28933358 0.026932129 0.00026932129
0.28964237 0.020519371 0.00020519371
0.28995115 0.018911291 0.00018911291
0.29025994 0.019651826 0.00019651826
0.29056873 0.018053608 0.00018053608
0.29087751 0.020881105 0.00020881105
0.29118629 0.020957728 0.00020957728
0.29149507 0.021433654 0.00021433654
0.29180385 0.018490789 0.00018490789
0.29211263 0.017837929 0.00017837929
0.2924214 0.018596129 0.00018596129
0.29273018 0.017496917 0.00017496917
0.29303895 0.017084605 0.00017084605
0.29334772 0.018124154 0.00018124154
0.29365649 0.020071512 0.00020071512
0.29396526 0.015301195 0.00015301195
0.29427402 0.019487833 0.00019487833
0.29458279 0.017461679 0.00017461679
0.29465608 0.01786377 0.0001786377
0.29489155 0.019157439 0.00019157439
0.29520031 0.016243356 0.00016243356
0.29550907 0.01978679 0.0001978679
0.29581783 0.016213727 0.00016213727
0.29612659 0.018173234 0.00018173234
0.29643534 0.015679251 0.00015679251
0.2967441 0.017176954 0.00017176954
0.29705285 0.016721596 0.00016721596
0.2973616 0.017032237 0.00017032237
0.29767035 0.018748605 0.00018748605
0.29797909 0.018419005 0.00018419005
0.29828784 0.015978302 0.00015978302
0.29859658 0.016602685 0.00016602685
0.29890532 0.018132097 0.00018132097
0.29921406 0.022259109 0.00022259109
0.2995228 0.020476996 0.00020476996
0.29983154 0.02042165 0.0002042165
