0.010059664 65.493639 0.65493639
0.010369191 59.461938 0.59461938
0.010678719 54.109265 0.54109265
0.010988246 49.308467 0.49308467
0.011297773 45.35067 0.4535067
0.0116073 41.788609 0.41788609
0.011916828 38.3686 0.383686
0.012226355 35.561353 0.35561353
0.012535882 33.102413 0.33102413
0.012845409 30.613677 0.30613677
0.013154936 28.531492 0.28531492
0.013464463 26.731066 0.26731066
0.013773989 25.161128 0.25161128
0.014083516 23.594219 0.23594219
0.014393043 22.164593 0.22164593
0.014702569 20.944187 0.20944187
0.015012096 19.759956 0.19759956
0.015321622 18.687045 0.18687045
0.015631148 17.776901 0.17776901
0.015940675 16.918237 0.16918237
0.016250201 16.134726 0.16134726
0.016559727 15.326959 0.15326959
0.016869253 14.686036 0.14686036
0.017178779 13.971873 0.13971873
0.017488304 13.403343 0.13403343
0.01779783 12.929773 0.12929773
0.018107355 12.354835 0.12354835
0.018416881 11.943578 0.11943578
0.018726406 11.4416 0.114416
0.019035932 11.063786 0.11063786
0.019345457 10.670265 0.10670265
0.019654982 10.287472 0.10287472
0.019964507 9.9478316 0.099478316
0.020274032 9.6632185 0.096632185
0.020583556 9.3741425 0.093741425
0.020893081 9.1004628 0.091004628
0.021202605 8.8060703 0.088060703
0.02151213 8.5884178 0.085884178
0.021821654 8.3644909 0.083644909
0.022131178 8.1604237 0.081604237
0.022440702 7.9850567 0.079850567
0.022750226 7.8468986 0.078468986
0.02305975 7.7121144 0.077121144
0.023369274 7.5652198 0.075652198
0.023678797 7.381831 0.07381831
0.023988321 7.2516752 0.072516752
0.024297844 7.1235659 0.071235659
0.024607367 6.9537776 0.069537776
0.02491689 6.7787478 0.067787478
0.025226413 6.6878906 0.066878906
0.025535936 6.5539606 0.065539606
0.025845458 6.4353118 0.064353118
0.026154981 6.2911963 0.062911963
0.026464503 6.1633734 0.061633734
0.026774025 6.0783766 0.060783766
0.027083547 5.9686833 0.059686833
0.027393069 5.8641654 0.058641654
0.027702591 5.7524904 0.057524904
0.028012112 5.6524476 0.056524476
0.028321634 5.5050171 0.055050171
0.028631155 5.3725703 0.053725703
0.028940676 5.2525263 0.052525263
0.029250197 5.1852189 0.051852189
0.029559718 5.074536 0.05074536
0.029869238 4.9794731 0.049794731
0.030178759 4.9154736 0.049154736
0.030488279 4.8346068 0.048346068
0.030797799 4.772033 0.04772033
0.031107319 4.6943411 0.046943411
0.031416839 4.6453741 0.046453741
0.031726359 4.5642122 0.045642122
0.032035878 4.5224281 0.045224281
0.032345397 4.4633927 0.044633927
0.032654916 4.39316 0.0439316
0.032964435 4.3347762 0.043347762
0.033273954 4.2887874 0.042887874
0.033583473 4.237005 0.04237005
0.033892991 4.1931806 0.041931806
0.034202509 4.1496537 0.041496537
0.034512027 4.0842914 0.040842914
0.034821545 4.0735561 0.040735561
0.035131063 3.9951301 0.039951301
0.03544058 3.953995 0.03953995
0.035750097 3.921676 0.03921676
0.036059614 3.8723402 0.038723402
0.036369131 3.85585 0.0385585
0.036678648 3.7931519 0.037931519
0.036988164 3.7567857 0.037567857
0.03729768 3.7196868 0.037196868
0.037607196 3.7259556 0.037259556
0.037916712 3.6924097 0.036924097
0.038226228 3.6486208 0.036486208
0.038535743 3.6102255 0.036102255
0.038845259 3.5787043 0.035787043
0.039154774 3.5294326 0.035294326
0.039464288 3.5208904 0.035208904
0.039773803 3.4813051 0.034813051
0.040083317 3.4529862 0.034529862
0.040392831 3.4335495 0.034335495
0.040702345 3.3994784 0.033994784
0.041011859 3.3586065 0.033586065
0.041321372 3.3435879 0.033435879
0.041630886 3.3062472 0.033062472
0.041940399 3.2740482 0.032740482
0.042249911 3.2489701 0.032489701
0.042559424 3.2314964 0.032314964
0.042868936 3.1942967 0.031942967
0.043178448 3.1598387 0.031598387
0.04348796 3.1321492 0.031321492
0.043797472 3.10637 0.0310637
0.044106983 3.0772572 0.030772572
0.044416494 3.0444317 0.030444317
0.044726005 3.0419987 0.030419987
0.045035516 3.0142144 0.030142144
0.045345026 2.9683505 0.029683505
0.045654536 2.9576986 0.029576986
0.045964046 2.9259277 0.029259277
0.046273556 2.8974096 0.028974096
0.046583065 2.8829407 0.028829407
0.046892575 2.8625588 0.028625588
0.047202083 2.8315355 0.028315355
0.047511592 2.7942153 0.027942153
0.0478211 2.7830918 0.027830918
0.048130609 2.7873778 0.027873778
0.048440116 2.761169 0.02761169
0.048749624 2.7409937 0.027409937
0.049059131 2.7106897 0.027106897
0.049368638 2.6879841 0.026879841
0.049678145 2.6972366 0.026972366
0.049987652 2.660065 0.02660065
0.050297158 2.6406213 0.026406213
0.050606664 2.6363608 0.026363608
0.05091617 2.613153 0.02613153
0.051225675 2.6099994 0.026099994
0.05153518 2.5902638 0.025902638
0.051844685 2.5654129 0.025654129
0.05215419 2.5676631 0.025676631
0.052463694 2.5258998 0.025258998
0.052773198 2.5134923 0.025134923
0.053082702 2.5024082 0.025024082
0.053392205 2.4912238 0.024912238
0.053701708 2.4780082 0.024780082
0.054011211 2.4649783 0.024649783
0.054320713 2.4520627 0.024520627
0.054630216 2.4223979 0.024223979
0.054939718 2.3982327 0.023982327
0.055249219 2.3953482 0.023953482
0.055558721 2.3743347 0.023743347
0.055868222 2.365164 0.02365164
0.056177722 2.3710977 0.023710977
0.056487223 2.3429903 0.023429903
0.056796723 2.3327387 0.023327387
0.057106223 2.3152267 0.023152267
0.057415722 2.2959839 0.022959839
0.057725221 2.2974248 0.022974248
0.05803472 2.2880286 0.022880286
0.058344219 2.2675111 0.022675111
0.058653717 2.256034 0.02256034
0.058963215 2.2310296 0.022310296
0.059272713 2.2247461 0.022247461
0.05958221 2.2246212 0.022246212
0.059891707 2.1997828 0.021997828
0.060201203 2.1848184 0.021848184
0.0605107 2.1738692 0.021738692
0.060820196 2.1618702 0.021618702
0.061129691 2.1453689 0.021453689
0.061439187 2.1447226 0.021447226
0.061748681 2.1318376 0.021318376
0.062058176 2.1225138 0.021225138
0.06236767 2.1048945 0.021048945
0.062677164 2.0931098 0.020931098
0.062986658 2.0924658 0.020924658
0.063296151 2.0755986 0.020755986
0.063605644 2.0653235 0.020653235
0.063915137 2.0453716 0.020453716
0.064224629 2.0354507 0.020354507
0.064534121 2.0331009 0.020331009
0.064843612 2.0134568 0.020134568
0.065153103 2.0132772 0.020132772
0.065462594 2.0031182 0.020031182
0.065772085 1.9857873 0.019857873
0.066081575 1.9751946 0.019751946
0.066391064 1.9609283 0.019609283
0.066700554 1.9641883 0.019641883
0.067010043 1.9432992 0.019432992
0.067319531 1.9319955 0.019319955
0.06762902 1.9251638 0.019251638
0.067938508 1.9127797 0.019127797
0.068247995 1.9078943 0.019078943
0.068557482 1.9015483 0.019015483
0.068866969 1.8799069 0.018799069
0.069176455 1.8654142 0.018654142
0.069485941 1.8566533 0.018566533
0.069795427 1.8537198 0.018537198
0.070104912 1.8354671 0.018354671
0.070414397 1.8292637 0.018292637
0.070723882 1.8248452 0.018248452
0.071033366 1.8148647 0.018148647
0.07134285 1.8066292 0.018066292
0.071652333 1.7949681 0.017949681
0.071961816 1.782182 0.01782182
0.072271298 1.7801591 0.017801591
0.07258078 1.7656069 0.017656069
0.072890262 1.7528931 0.017528931
0.073199744 1.749553 0.01749553
0.073509225 1.7374767 0.017374767
0.073818705 1.7327954 0.017327954
0.074128185 1.7204964 0.017204964
0.074437665 1.7088762 0.017088762
0.074747144 1.6972479 0.016972479
0.075056623 1.6970867 0.016970867
0.075366102 1.6851622 0.016851622
0.07567558 1.6852419 0.016852419
0.075985058 1.6714901 0.016714901
0.076294535 1.6641636 0.016641636
0.076604012 1.6582169 0.016582169
0.076913488 1.650559 0.01650559
0.077222964 1.6339741 0.016339741
0.07753244 1.6256266 0.016256266
0.077841915 1.6224388 0.016224388
0.07815139 1.6092905 0.016092905
0.078460864 1.5948645 0.015948645
0.078770338 1.5947884 0.015947884
0.079079812 1.5880267 0.015880267
0.079389285 1.5859408 0.015859408
0.079698757 1.5805335 0.015805335
0.080008229 1.5737694 0.015737694
0.080317701 1.5542533 0.015542533
0.080627172 1.5412954 0.015412954
0.080936643 1.5446035 0.015446035
0.081246114 1.5295533 0.015295533
0.081555584 1.5244489 0.015244489
0.081865053 1.5144015 0.015144015
0.082174522 1.5076354 0.015076354
0.082483991 1.4967899 0.014967899
0.082793459 1.49467 0.0149467
0.083102927 1.488817 0.01488817
0.083412394 1.4731731 0.014731731
0.083721861 1.4626034 0.014626034
0.084031327 1.4644851 0.014644851
0.084340793 1.445157 0.01445157
0.084650259 1.4380088 0.014380088
0.084959724 1.439317 0.01439317
0.085269188 1.4279454 0.014279454
0.085578652 1.416754 0.01416754
0.085888116 1.4096251 0.014096251
0.086197579 1.4016845 0.014016845
0.086507042 1.4010871 0.014010871
0.086816504 1.3853619 0.013853619
0.087125966 1.3825644 0.013825644
0.087435427 1.369111 0.01369111
0.087744888 1.3683502 0.013683502
0.088054348 1.3564203 0.013564203
0.088363808 1.3442909 0.013442909
0.088673267 1.3465487 0.013465487
0.088982726 1.3421911 0.013421911
0.089292184 1.3303563 0.013303563
0.089601642 1.3252455 0.013252455
0.089911099 1.3149568 0.013149568
0.090220556 1.3108478 0.013108478
0.090530013 1.2993562 0.012993562
0.090839469 1.2956539 0.012956539
0.091148924 1.2856108 0.012856108
0.091458379 1.280448 0.01280448
0.091767833 1.2746503 0.012746503
0.092077287 1.2722853 0.012722853
0.092386741 1.2583426 0.012583426
0.092696194 1.2534381 0.012534381
0.093005646 1.243293 0.01243293
0.093315098 1.2397737 0.012397737
0.093624549 1.2383684 0.012383684
0.093934 1.2315307 0.012315307
0.09424345 1.222022 0.01222022
0.0945529 1.2136704 0.012136704
0.09486235 1.2072255 0.012072255
0.095171798 1.2009509 0.012009509
0.095481247 1.1954015 0.011954015
0.095790694 1.1899072 0.011899072
0.096100142 1.1795591 0.011795591
0.096409588 1.1790772 0.011790772
0.096719035 1.1727327 0.011727327
0.09702848 1.1681338 0.011681338
0.097337925 1.1539504 0.011539504
0.09764737 1.1482706 0.011482706
0.097956814 1.1473977 0.011473977
0.098266257 1.1401153 0.011401153
0.0985757 1.1361652 0.011361652
0.098885143 1.1250328 0.011250328
0.099194585 1.1239953 0.011239953
0.099504026 1.1145265 0.011145265
0.099813467 1.1101741 0.011101741
0.10012291 1.1070612 0.011070612
0.10043235 1.09792 0.0109792
0.10074179 1.087282 0.01087282
0.10105122 1.0865298 0.010865298
0.10136066 1.0756397 0.010756397
0.1016701 1.0714044 0.010714044
0.10197954 1.0645137 0.010645137
0.10228897 1.0617985 0.010617985
0.10259841 1.054377 0.01054377
0.10290785 1.0486089 0.010486089
0.10321728 1.0464907 0.010464907
0.10352671 1.0347331 0.010347331
0.10383615 1.0333848 0.010333848
0.10414558 1.0205081 0.010205081
0.10445501 1.0233211 0.010233211
0.10476445 1.0172532 0.010172532
0.10507388 1.0058217 0.010058217
0.10538331 1.0019117 0.010019117
0.10569274 0.9985297 0.009985297
0.10600217 0.99539049 0.0099539049
0.1063116 0.98775942 0.0098775942
0.10662102 0.98566323 0.0098566323
0.10693045 0.98361109 0.0098361109
0.10723988 0.97229989 0.0097229989
0.10754931 0.97386507 0.0097386507
0.10785873 0.96232171 0.0096232171
0.10816816 0.95946064 0.0095946064
0.10847758 0.95198245 0.0095198245
0.10878701 0.95588911 0.0095588911
0.10909643 0.9464225 0.009464225
0.10940585 0.94757258 0.0094757258
0.10971528 0.94145242 0.0094145242
0.1100247 0.9469095 0.009469095
0.11033412 0.94289676 0.0094289676
0.11064354 0.94695259 0.0094695259
0.11095296 0.95885309 0.0095885309
0.11126238 0.97756416 0.0097756416
0.1115718 1.0097359 0.010097359
0.11188122 1.1343032 0.011343032
0.11219064 1.5716092 0.015716092
0.11250005 3.055129 0.03055129
0.11280947 6.4398421 0.064398421
0.11311889 6.1470414 0.061470414
0.1134283 2.7324432 0.027324432
0.11373772 1.3837366 0.013837366
0.11404713 1.0046727 0.010046727
0.11435654 0.90567256 0.0090567256
0.11466596 0.87472278 0.0087472278
0.11497537 0.85849194 0.0085849194
0.11528478 0.84228112 0.0084228112
0.11559419 0.83499398 0.0083499398
0.1159036 0.81956719 0.0081956719
0.11621301 0.81747156 0.0081747156
0.11652242 0.81641949 0.0081641949
0.11683183 0.80648372 0.0080648372
0.11714124 0.80303393 0.0080303393
0.11745064 0.79430279 0.0079430279
0.11776005 0.78462464 0.0078462464
0.11806945 0.78808508 0.0078808508
0.11837886 0.78186741 0.0078186741
0.11868826 0.77712044 0.0077712044
0.11899767 0.76847326 0.0076847326
0.11930707 0.76135712 0.0076135712
0.11961647 0.75655712 0.0075655712
0.11992588 0.75731203 0.0075731203
0.12023528 0.75317274 0.0075317274
0.12054468 0.74673756 0.0074673756
0.12085408 0.74500188 0.0074500188
0.12116348 0.73597349 0.0073597349
0.12147288 0.73019395 0.0073019395
0.12178227 0.72733518 0.0072733518
0.12209167 0.72555592 0.0072555592
0.12240107 0.72409866 0.0072409866
0.12271046 0.71629111 0.0071629111
0.12301986 0.71248966 0.0071248966
0.12332925 0.71075941 0.0071075941
0.12363865 0.70465466 0.0070465466
0.12394804 0.70059293 0.0070059293
0.12425743 0.69253919 0.0069253919
0.12456683 0.69162563 0.0069162563
0.12487622 0.68917865 0.0068917865
0.12518561 0.67770221 0.0067770221
0.125495 0.67872695 0.0067872695
0.12580439 0.67608573 0.0067608573
0.12611377 0.67387731 0.0067387731
0.12642316 0.66778499 0.0066778499
0.12673255 0.66605714 0.0066605714
0.12704194 0.65757879 0.0065757879
0.12735132 0.65301027 0.0065301027
0.12766071 0.64773488 0.0064773488
0.12797009 0.64404932 0.0064404932
0.12827947 0.64419326 0.0064419326
0.12858886 0.64161661 0.0064161661
0.12889824 0.63315224 0.0063315224
0.12920762 0.62915207 0.0062915207
0.129517 0.6253185 0.006253185
0.12982638 0.62069711 0.0062069711
0.13013576 0.61882565 0.0061882565
0.13044514 0.61467152 0.0061467152
0.13075452 0.60962632 0.0060962632
0.1310639 0.60797009 0.0060797009
0.13137327 0.6023055 0.006023055
0.13168265 0.59873244 0.0059873244
0.13199202 0.59349408 0.0059349408
0.1323014 0.59234786 0.0059234786
0.13261077 0.58636338 0.0058636338
0.13292015 0.58388756 0.0058388756
0.13322952 0.57694386 0.0057694386
0.13353889 0.57844444 0.0057844444
0.13384826 0.57157324 0.0057157324
0.13415763 0.56591729 0.0056591729
0.134467 0.56696846 0.0056696846
0.13477637 0.55898644 0.0055898644
0.13508574 0.55983535 0.0055983535
0.1353951 0.5512586 0.005512586
0.13570447 0.54902337 0.0054902337
0.13601383 0.549022 0.00549022
0.1363232 0.54481167 0.0054481167
0.13663256 0.54364659 0.0054364659
0.13694193 0.53930936 0.0053930936
0.13725129 0.53508713 0.0053508713
0.13756065 0.53623026 0.0053623026
0.13787001 0.52675115 0.0052675115
0.13817937 0.52097763 0.0052097763
0.13848873 0.52278926 0.0052278926
0.13879809 0.51808093 0.0051808093
0.13910745 0.51233235 0.0051233235
0.13941681 0.51235051 0.0051235051
0.13972616 0.51033749 0.0051033749
0.14003552 0.50510886 0.0050510886
0.14034488 0.49995639 0.0049995639
0.14065423 0.49640737 0.0049640737
0.14096358 0.49311605 0.0049311605
0.14127294 0.49036345 0.0049036345
0.14158229 0.4873638 0.004873638
0.14189164 0.48108352 0.0048108352
0.14220099 0.47749406 0.0047749406
0.14251034 0.47433021 0.0047433021
0.14281969 0.47221352 0.0047221352
0.14312904 0.47485313 0.0047485313
0.14343838 0.46772039 0.0046772039
0.14374773 0.46490168 0.0046490168
0.14405708 0.45919604 0.0045919604
0.14436642 0.4593643 0.004593643
0.14467577 0.45721472 0.0045721472
0.14498511 0.45574817 0.0045574817
0.14529445 0.45165197 0.0045165197
0.14560379 0.44616476 0.0044616476
0.14591314 0.44248629 0.0044248629
0.14622248 0.43789275 0.0043789275
0.14653182 0.44027678 0.0044027678
0.14684115 0.43067743 0.0043067743
0.14715049 0.43131646 0.0043131646
0.14745983 0.43019833 0.0043019833
0.14776917 0.426448 0.00426448
0.1480785 0.42327591 0.0042327591
0.14838784 0.42195304 0.0042195304
0.14869717 0.41775825 0.0041775825
0.1490065 0.41358669 0.0041358669
0.14931583 0.4127032 0.004127032
0.14962517 0.4137967 0.004137967
0.1499345 0.40791936 0.0040791936
0.15024383 0.40304496 0.0040304496
0.15055316 0.40360677 0.0040360677
0.15086248 0.40133974 0.0040133974
0.15117181 0.40028631 0.0040028631
0.15148114 0.39256891 0.0039256891
0.15179046 0.38962038 0.0038962038
0.15209979 0.38789901 0.0038789901
0.15240911 0.38331426 0.0038331426
0.15271844 0.38512156 0.0038512156
0.15302776 0.38328529 0.0038328529
0.15333708 0.38165944 0.0038165944
0.1536464 0.37997257 0.0037997257
0.15395572 0.37667953 0.0037667953
0.15426504 0.37813313 0.0037813313
0.15457436 0.37196378 0.0037196378
0.15488367 0.36947903 0.0036947903
0.15519299 0.36913639 0.0036913639
0.15550231 0.37034558 0.0037034558
0.15581162 0.366197 0.00366197
0.15612093 0.36678947 0.0036678947
0.15643025 0.3650873 0.003650873
0.15673956 0.37091187 0.0037091187
0.15704887 0.3651636 0.003651636
0.15735818 0.37312159 0.0037312159
0.15766749 0.3848765 0.003848765
0.1579768 0.40423019 0.0040423019
0.15828611 0.43593823 0.0043593823
0.15859542 0.52495651 0.0052495651
0.15890472 0.8658786 0.008658786
0.15921403 2.0313419 0.020313419
0.15952333 4.8813028 0.048813028
0.15983264 6.434079 0.06434079
0.16014194 3.3215968 0.033215968
0.16045124 1.1892717 0.011892717
0.16076054 0.58877579 0.0058877579
0.16106984 0.43952681 0.0043952681
0.16137914 0.38706251 0.0038706251
0.16168844 0.36114267 0.0036114267
0.16199774 0.34206754 0.0034206754
0.16230703 0.3349763 0.003349763
0.16261633 0.32250611 0.0032250611
0.16292562 0.31966515 0.0031966515
0.16323492 0.30666449 0.0030666449
0.16354421 0.30842604 0.0030842604
0.1638535 0.30074852 0.0030074852
0.16416279 0.30507312 0.0030507312
0.16447208 0.30228221 0.0030228221
0.16478137 0.29591297 0.0029591297
0.16509066 0.29415632 0.0029415632
0.16539995 0.28931664 0.0028931664
0.16570924 0.28867344 0.0028867344
0.16601852 0.28311167 0.0028311167
0.16632781 0.283555 0.00283555
0.16663709 0.27931267 0.0027931267
0.16694637 0.27573757 0.0027573757
0.16725566 0.27335408 0.0027335408
0.16756494 0.27584949 0.0027584949
0.16787422 0.27085269 0.0027085269
0.1681835 0.27046155 0.0027046155
0.16849278 0.26539899 0.0026539899
0.16880205 0.2674007 0.002674007
0.16911133 0.26392468 0.0026392468
0.16942061 0.25895656 0.0025895656
0.16972988 0.2610604 0.002610604
0.17003916 0.25686683 0.0025686683
0.17034843 0.25456774 0.0025456774
0.1706577 0.25834516 0.0025834516
0.17096697 0.25471069 0.0025471069
0.17127624 0.25072671 0.0025072671
0.17158551 0.25014061 0.0025014061
0.17189478 0.24707328 0.0024707328
0.17220405 0.24752628 0.0024752628
0.17251331 0.24482665 0.0024482665
0.17282258 0.24584707 0.0024584707
0.17313184 0.24595403 0.0024595403
0.17344111 0.24399161 0.0024399161
0.17375037 0.24388382 0.0024388382
0.17405963 0.24583505 0.0024583505
0.17436889 0.24922192 0.0024922192
0.17467815 0.24899511 0.0024899511
0.17498741 0.24797207 0.0024797207
0.17529667 0.25603693 0.0025603693
0.17560593 0.26475155 0.0026475155
0.17591518 0.27358474 0.0027358474
0.17622444 0.2918947 0.002918947
0.17653369 0.31356103 0.0031356103
0.17684295 0.36404627 0.0036404627
0.1771522 0.43987753 0.0043987753
0.17746145 0.64491127 0.0064491127
0.1777707 1.4739125 0.014739125
0.17807995 5.1135447 0.051135447
0.1783892 12.292932 0.12292932
0.17869844 15.210256 0.15210256
0.17900769 7.617361 0.07617361
0.17931694 2.2299481 0.022299481
0.17962618 0.82879223 0.0082879223
0.17993542 0.47909695 0.0047909695
0.18024467 0.37344119 0.0037344119
0.18055391 0.32488367 0.0032488367
0.18086315 0.29691103 0.0029691103
0.18117239 0.28440449 0.0028440449
0.18148163 0.28471575 0.0028471575
0.18179086 0.29543048 0.0029543048
0.1821001 0.3301995 0.003301995
0.18240934 0.41921287 0.0041921287
0.18271857 0.7558811 0.007558811
0.1830278 2.0393799 0.020393799
0.18333704 3.7126465 0.037126465
0.18364627 3.4018177 0.034018177
0.1839555 1.5805586 0.015805586
0.18426473 0.62284999 0.0062284999
0.18457396 0.35096385 0.0035096385
0.18488318 0.2608994 0.002608994
0.18519241 0.23020217 0.0023020217
0.18550164 0.21010972 0.0021010972
0.18581086 0.19850679 0.0019850679
0.18612009 0.18874779 0.0018874779
0.18642931 0.18280771 0.0018280771
0.18673853 0.17946613 0.0017946613
0.18704775 0.17314079 0.0017314079
0.18735697 0.16717845 0.0016717845
0.18766619 0.16515105 0.0016515105
0.1879754 0.16334116 0.0016334116
0.18828462 0.15833605 0.0015833605
0.18859384 0.15834076 0.0015834076
0.18890305 0.15847648 0.0015847648
0.18921226 0.15178377 0.0015178377
0.18952148 0.15339557 0.0015339557
0.18983069 0.15229749 0.0015229749
0.1901399 0.1506262 0.001506262
0.19044911 0.14812828 0.0014812828
0.19075832 0.14939294 0.0014939294
0.19106752 0.1476518 0.001476518
0.19137673 0.14406685 0.0014406685
0.19168593 0.14229108 0.0014229108
0.19199514 0.14126374 0.0014126374
0.19230434 0.14526031 0.0014526031
0.19261354 0.14008767 0.0014008767
0.19292274 0.14115315 0.0014115315
0.19323194 0.14080904 0.0014080904
0.19354114 0.14072884 0.0014072884
0.19385034 0.14141125 0.0014141125
0.19415954 0.13713297 0.0013713297
0.19446873 0.14360914 0.0014360914
0.19477793 0.14185293 0.0014185293
0.19508712 0.1412419 0.001412419
0.19539631 0.14129578 0.0014129578
0.1957055 0.14628008 0.0014628008
0.19601469 0.14989382 0.0014989382
0.19632388 0.15046025 0.0015046025
0.19663307 0.15939355 0.0015939355
0.19694226 0.16875226 0.0016875226
0.19725144 0.1756783 0.001756783
0.19756063 0.19128559 0.0019128559
0.19786981 0.22038705 0.0022038705
0.19817899 0.26005975 0.0026005975
0.19848818 0.32228656 0.0032228656
0.19879736 0.44073142 0.0044073142
0.19910654 0.77953724 0.0077953724
0.19941572 1.876733 0.01876733
0.19972489 4.8859124 0.048859124
0.20003407 9.1354278 0.091354278
0.20034324 8.0649522 0.080649522
0.20065242 3.5069069 0.035069069
0.20096159 1.0590058 0.010590058
0.20127076 0.49449481 0.0049449481
0.20157993 0.31787219 0.0031787219
0.2018891 0.24129014 0.0024129014
0.20219827 0.19093369 0.0019093369
0.20250744 0.16494597 0.0016494597
0.20281661 0.14803768 0.0014803768
0.20312577 0.13198957 0.0013198957
0.20343493 0.12505554 0.0012505554
0.2037441 0.11541583 0.0011541583
0.20405326 0.11049364 0.0011049364
0.20436242 0.10464878 0.0010464878
0.20467158 0.098440139 0.00098440139
0.20498074 0.096721062 0.00096721062
0.2052899 0.093390577 0.00093390577
0.20559905 0.090357239 0.00090357239
0.20590821 0.08579493 0.0008579493
0.20621736 0.086610305 0.00086610305
0.20652651 0.086878244 0.00086878244
0.20683567 0.08542881 0.0008542881
0.20714482 0.083752999 0.00083752999
0.20745397 0.081529751 0.00081529751
0.20776312 0.08273376 0.0008273376
0.20807226 0.077453051 0.00077453051
0.20838141 0.07605048 0.0007605048
0.20869055 0.075953763 0.00075953763
0.2089997 0.076032076 0.00076032076
0.20930884 0.07460009 0.0007460009
0.20961798 0.071463802 0.00071463802
0.20992712 0.076205349 0.00076205349
0.21023626 0.071578485 0.00071578485
0.2105454 0.07086446 0.0007086446
0.21085454 0.074137168 0.00074137168
0.21116367 0.066017483 0.00066017483
0.21147281 0.066825484 0.00066825484
0.21178194 0.068782548 0.00068782548
0.21209107 0.068842366 0.00068842366
0.21240021 0.066275486 0.00066275486
0.21270934 0.061649222 0.00061649222
0.21301846 0.064465767 0.00064465767
0.21332759 0.063004645 0.00063004645
0.21363672 0.06328816 0.0006328816
0.21394584 0.061055869 0.00061055869
0.21425497 0.060388619 0.00060388619
0.21456409 0.061395566 0.00061395566
0.21487321 0.061149897 0.00061149897
0.21518234 0.057148975 0.00057148975
0.21549145 0.058572788 0.00058572788
0.21580057 0.054820311 0.00054820311
0.21610969 0.057897502 0.00057897502
0.21641881 0.056037934 0.00056037934
0.21672792 0.056372025 0.00056372025
0.21703704 0.053259916 0.00053259916
0.21734615 0.055401493 0.00055401493
0.21765526 0.05618734 0.0005618734
0.21796437 0.051664274 0.00051664274
0.21827348 0.052880319 0.00052880319
0.21858259 0.053888283 0.00053888283
0.21889169 0.052527215 0.00052527215
0.2192008 0.051345592 0.00051345592
0.2195099 0.050880297 0.00050880297
0.21981901 0.051828374 0.00051828374
0.22012811 0.052324265 0.00052324265
0.22043721 0.048624275 0.00048624275
0.22074631 0.051398164 0.00051398164
0.22105541 0.051667696 0.00051667696
0.2213645 0.052423857 0.00052423857
0.2216736 0.054023055 0.00054023055
0.22198269 0.049525714 0.00049525714
0.22229179 0.048365022 0.00048365022
0.22260088 0.051453798 0.00051453798
0.22290997 0.05541586 0.0005541586
0.22321906 0.059265649 0.00059265649
0.22352815 0.055546469 0.00055546469
0.22383724 0.060230621 0.00060230621
0.22414632 0.07033491 0.0007033491
0.22445541 0.088675051 0.00088675051
0.22476449 0.12377411 0.0012377411
0.22507357 0.26561899 0.0026561899
0.22538265 0.75077061 0.0075077061
0.22569174 1.7598058 0.017598058
0.22600081 2.3431244 0.023431244
0.22630989 1.3104187 0.013104187
0.22661897 0.4022542 0.004022542
0.22692804 0.13268343 0.0013268343
0.22723712 0.080379565 0.00080379565
0.22754619 0.057783972 0.00057783972
0.22785526 0.054958403 0.00054958403
0.22816433 0.047511963 0.00047511963
0.2284734 0.049237053 0.00049237053
0.22878247 0.045506218 0.00045506218
0.22909153 0.053570413 0.00053570413
0.2294006 0.081707441 0.00081707441
0.22970966 0.12859411 0.0012859411
0.23001873 0.1184391 0.001184391
0.23032779 0.064978348 0.00064978348
0.23063685 0.041838387 0.00041838387
0.23094591 0.032694358 0.00032694358
0.23125496 0.036552029 0.00036552029
0.23156402 0.033868421 0.00033868421
0.23187308 0.033484052 0.00033484052
0.23218213 0.026835096 0.00026835096
0.23249118 0.029969441 0.00029969441
0.23280023 0.025265206 0.00025265206
0.23310928 0.032337852 0.00032337852
0.23341833 0.025447383 0.00025447383
0.23372738 0.028140991 0.00028140991
0.23403643 0.031592584 0.00031592584
0.23434547 0.026099666 0.00026099666
0.23465451 0.026943408 0.00026943408
0.23496356 0.027900001 0.00027900001
0.2352726 0.028812701 0.00028812701
0.23558164 0.027868989 0.00027868989
0.23589068 0.026789297 0.00026789297
0.23619971 0.028220518 0.00028220518
0.23650875 0.027024409 0.00027024409
0.23681778 0.028944848 0.00028944848
0.23712682 0.022696171 0.00022696171
0.23743585 0.026367268 0.00026367268
0.23774488 0.025684071 0.00025684071
0.23805391 0.031359284 0.00031359284
0.23836294 0.025923729 0.00025923729
0.23867197 0.031650412 0.00031650412
0.23898099 0.033981172 0.00033981172
0.23929002 0.034739911 0.00034739911
0.23959904 0.031967085 0.00031967085
0.23990806 0.03564861 0.0003564861
0.24021708 0.036862134 0.00036862134
0.2405261 0.043795084 0.00043795084
0.24083512 0.046507172 0.00046507172
0.24114413 0.060811468 0.00060811468
0.24145315 0.07175422 0.0007175422
0.24176216 0.10166244 0.0010166244
0.24207118 0.15605136 0.0015605136
0.24238019 0.34208311 0.0034208311
0.2426892 1.0610681 0.010610681
0.24299821 2.8790713 0.028790713
0.24330721 3.6224767 0.036224767
0.24361622 2.1581738 0.021581738
0.24392522 0.63210282 0.0063210282
0.24423423 0.21862682 0.0021862682
0.24454323 0.11485517 0.0011485517
0.24485223 0.073357664 0.00073357664
0.24516123 0.054710039 0.00054710039
0.24547023 0.043319494 0.00043319494
0.24577922 0.037389767 0.00037389767
0.24608822 0.031518842 0.00031518842
0.24639721 0.022807918 0.00022807918
0.24670621 0.027498614 0.00027498614
0.2470152 0.024987051 0.00024987051
0.24732419 0.016861461 0.00016861461
0.24763318 0.017404237 0.00017404237
0.24794216 0.019562622 0.00019562622
0.24825115 0.021744889 0.00021744889
0.24856013 0.012489874 0.00012489874
0.24886912 0.019392133 0.00019392133
0.2491781 0.018410161 0.00018410161
0.24948708 0.018862714 0.00018862714
0.24979606 0.018845896 0.00018845896
0.25010504 0.024449535 0.00024449535
0.25041401 0.027796774 0.00027796774
0.25072299 0.031751544 0.00031751544
0.25103196 0.045354631 0.00045354631
0.25134093 0.067950601 0.00067950601
0.2516499 0.14873009 0.0014873009
0.25195887 0.47532171 0.0047532171
0.25226784 1.3810729 0.013810729
0.25257681 2.4354793 0.024354793
0.25288577 1.9100577 0.019100577
0.25319474 0.52084629 0.0052084629
0.2535037 0.13975896 0.0013975896
0.25381266 0.067372386 0.00067372386
0.25412162 0.045802098 0.00045802098
0.25443058 0.033636508 0.00033636508
0.25473954 0.025985044 0.00025985044
0.25504849 0.024125231 0.00024125231
0.25535745 0.019964395 0.00019964395
0.2556664 0.017173714 0.00017173714
0.25597535 0.018182317 0.00018182317
0.2562843 0.013692829 0.00013692829
0.25659325 0.017277249 0.00017277249
0.2569022 0.012039443 0.00012039443
0.25721115 0.0097242828 9.7242828e-05
0.25752009 0.015048278 0.00015048278
0.25782903 0.0084886074 8.4886074e-05
0.25813798 0.014449387 0.00014449387
0.25844692 0.01260275 0.0001260275
0.25875585 0.0089417044 8.9417044e-05
0.25906479 0.010349369 0.00010349369
0.25937373 0.010373427 0.00010373427
0.25968266 0.011478252 0.00011478252
0.2599916 0.0081412184 8.1412184e-05
0.26030053 0.0054513097 5.4513097e-05
0.26060946 0.012639617 0.00012639617
0.26091839 0.0089669663 8.9669663e-05
0.26122732 0.010563688 0.00010563688
0.26153624 0.010145387 0.00010145387
0.26184517 0.0090759129 9.0759129e-05
0.26215409 0.0079050367 7.9050367e-05
0.26246301 0.0094649088 9.4649088e-05
0.26277193 0.007680715 7.680715e-05
0.26308085 0.0078078623 7.8078623e-05
0.26338977 0.010351457 0.00010351457
0.26369869 0.013529305 0.00013529305
0.2640076 0.012255906 0.00012255906
0.26431651 0.0089835021 8.9835021e-05
0.26462543 0.0093831117 9.3831117e-05
0.26493434 0.0085616647 8.5616647e-05
0.26524325 0.0073811415 7.3811415e-05
0.26555215 0.0083646426 8.3646426e-05
0.26586106 0.013186663 0.00013186663
0.26616996 0.0089606813 8.9606813e-05
0.26647887 0.0088349056 8.8349056e-05
0.26678777 0.0083527406 8.3527406e-05
0.26709667 0.011516404 0.00011516404
0.26740557 0.0050119407 5.0119407e-05
0.26771447 0.0091562336 9.1562336e-05
0.26802336 0.0069531423 6.9531423e-05
0.26833226 0.0051015068 5.1015068e-05
0.26864115 0.010620853 0.00010620853
0.26895004 0.012366247 0.00012366247
0.26925893 0.010150197 0.00010150197
0.26956782 0.013628209 0.00013628209
0.26987671 0.011639781 0.00011639781
0.27018559 0.0098484171 9.8484171e-05
0.27049448 0.0076582159 7.6582159e-05
0.27080336 0.011664998 0.00011664998
0.27111224 0.0068342575 6.8342575e-05
0.27142112 0.0079456822 7.9456822e-05
0.27173 0.0098466355 9.8466355e-05
0.27203888 0.0048888865 4.8888865e-05
0.27234775 0.01347722 0.0001347722
0.27265663 0.014620067 0.00014620067
0.2729655 0.0098090205 9.8090205e-05
0.27327437 0.010105837 0.00010105837
0.27358324 0.010635823 0.00010635823
0.27389211 0.014903091 0.00014903091
0.27420098 0.013359917 0.00013359917
0.27450984 0.014813564 0.00014813564
0.2748187 0.01420952 0.0001420952
0.27512757 0.018138223 0.00018138223
0.27543643 0.016297356 0.00016297356
0.27574529 0.019427201 0.00019427201
0.27605414 0.024391676 0.00024391676
0.276363 0.026968653 0.00026968653
0.27667185 0.028469055 0.00028469055
0.27698071 0.039733872 0.00039733872
0.27728956 0.04526436 0.0004526436
0.27759841 0.059565853 0.00059565853
0.27790726 0.083225374 0.00083225374
0.2782161 0.11668958 0.0011668958
0.27852495 0.17310809 0.0017310809
0.27883379 0.30829052 0.0030829052
0.27914264 0.7344715 0.007344715
0.27945148 2.3008901 0.023008901
0.27976032 5.8393765 0.058393765
0.28006915 6.1146969 0.061146969
0.28037799 2.2194056 0.022194056
0.28068683 0.59618368 0.0059618368
0.28099566 0.2533215 0.002533215
0.28130449 0.14618017 0.0014618017
0.28161332 0.094019729 0.00094019729
0.28192215 0.071920908 0.00071920908
0.28223098 0.052769151 0.00052769151
0.2825398 0.044764195 0.00044764195
0.28284863 0.028700508 0.00028700508
0.28315745 0.031201653 0.00031201653
0.28346627 0.022561109 0.00022561109
0.28377509 0.020629662 0.00020629662
0.28408391 0.020910868 0.00020910868
0.28439272 0.019657135 0.00019657135
0.28470154 0.018256371 0.00018256371
0.28501035 0.018076412 0.00018076412
0.28531916 0.014478534 0.00014478534
0.28562797 0.017618694 0.00017618694
0.28593678 0.020862017 0.00020862017
0.28624559 0.027625297 0.00027625297
0.2865544 0.033372275 0.00033372275
0.2868632 0.050141668 0.00050141668
0.287172 0.096936375 0.00096936375
0.2874808 0.2963843 0.002963843
0.2877896 0.85976364 0.0085976364
0.2880984 1.437903 0.01437903
0.2884072 0.61978663 0.0061978663
0.28871599 0.14761845 0.0014761845
0.28902478 0.055940883 0.00055940883
0.28933358 0.035573767 0.00035573767
0.28964237 0.018720714 0.00018720714
0.28995115 0.02 0.0002
0.29025994 0.021569581 0.00021569581
0.29056873 0.033096308 0.00033096308
0.29087751 0.061757519 0.00061757519
0.29118629 0.070160639 0.00070160639
0.29149507 0.028398866 0.00028398866
0.29180385 0.014557434 0.00014557434
0.29211263 0.011847334 0.00011847334
0.2924214 0.0053387435 5.3387435e-05
0.29273018 0.0081132432 8.1132432e-05
0.29303895 0.0086067964 8.6067964e-05
0.29334772 0.0059313952 5.9313952e-05
0.29365649 0.010647199 0.00010647199
0.29396526 0.012584601 0.00012584601
0.29427402 0.0076737046 7.6737046e-05
0.29458279 0.010269866 0.00010269866
0.29489155 0.0084581643 8.4581643e-05
0.29520031 0.008286068 8.286068e-05
0.29550907 0.0035279648 3.5279648e-05
0.29581783 0.0041950002 4.1950002e-05
0.29612659 0.013959335 0.00013959335
0.29643534 0.0095669681 9.5669681e-05
0.2967441 0.0065966909 6.5966909e-05
0.29705285 0.0085303162 8.5303162e-05
0.2973616 0.016718566 0.00016718566
0.29767035 0.011585623 0.00011585623
0.29797909 0.014732009 0.00014732009
0.29828784 0.016635358 0.00016635358
0.29859658 0.020211526 0.00020211526
0.29890532 0.023516183 0.00023516183
0.29921406 0.024011491 0.00024011491
0.2995228 0.033389013 0.00033389013
0.29983154 0.041264108 0.00041264108
