0.010059664 0.092318424 0.00092318424
0.010369191 0.38767804 0.0038767804
0.010678719 0.72303064 0.0072303064
0.010988246 0.90462258 0.0090462258
0.011297773 1.077375 0.01077375
0.0116073 1.3120895 0.013120895
0.011916828 1.4610436 0.014610436
0.012226355 1.6140337 0.016140337
0.012535882 1.8412778 0.018412778
0.012845409 1.9946979 0.019946979
0.013154936 2.0806657 0.020806657
0.013464463 2.2919352 0.022919352
0.013773989 2.3061854 0.023061854
0.014083516 2.4871857 0.024871857
0.014393043 2.5658139 0.025658139
0.014702569 2.689455 0.02689455
0.015012096 2.7697224 0.027697224
0.015321622 2.8502993 0.028502993
0.015631148 2.9158813 0.029158813
0.015940675 3.0411043 0.030411043
0.016250201 3.079212 0.03079212
0.016559727 3.1628514 0.031628514
0.016869253 3.182785 0.03182785
0.017178779 3.259029 0.03259029
0.017488304 3.3417005 0.033417005
0.01779783 3.3671563 0.033671563
0.018107355 3.427266 0.03427266
0.018416881 3.4890052 0.034890052
0.018726406 3.4997168 0.034997168
0.019035932 3.54993 0.0354993
0.019345457 3.5741135 0.035741135
0.019654982 3.6057441 0.036057441
0.019964507 3.6729285 0.036729285
0.020274032 3.7251636 0.037251636
0.020583556 3.7250886 0.037250886
0.020893081 3.7446879 0.037446879
0.021202605 3.7873255 0.037873255
0.02151213 3.7970238 0.037970238
0.021821654 3.833746 0.03833746
0.022131178 3.8658699 0.038658699
0.022440702 3.8589145 0.038589145
0.022750226 3.8616835 0.038616835
0.02305975 3.860642 0.03860642
0.023369274 3.8894818 0.038894818
0.023678797 3.8926552 0.038926552
0.023988321 3.9109038 0.039109038
0.024297844 3.9373716 0.039373716
0.024607367 3.9295728 0.039295728
0.02491689 3.9342833 0.039342833
0.025226413 3.9632362 0.039632362
0.025535936 3.9581772 0.039581772
0.025845458 3.9808769 0.039808769
0.026154981 3.9807896 0.039807896
0.026464503 4.0291113 0.040291113
0.026774025 4.015947 0.04015947
0.027083547 4.0247678 0.040247678
0.027393069 4.0209357 0.040209357
0.027702591 4.0204114 0.040204114
0.028012112 4.0378468 0.040378468
0.028321634 4.0485251 0.040485251
0.028631155 4.0507526 0.040507526
0.028940676 4.0572155 0.040572155
0.029250197 4.0671482 0.040671482
0.029559718 4.0820827 0.040820827
0.029869238 4.0789514 0.040789514
0.030178759 4.0811738 0.040811738
0.030488279 4.0821351 0.040821351
0.030797799 4.0999839 0.040999839
0.031107319 4.0758737 0.040758737
0.031416839 4.0874209 0.040874209
0.031726359 4.1029502 0.041029502
0.032035878 4.0769946 0.040769946
0.032345397 4.1045055 0.041045055
0.032654916 4.1045533 0.041045533
0.032964435 4.0918035 0.040918035
0.033273954 4.0696408 0.040696408
0.033583473 4.0601956 0.040601956
0.033892991 4.0856938 0.040856938
0.034202509 4.0829175 0.040829175
0.034512027 4.0560242 0.040560242
0.034821545 4.0776044 0.040776044
0.035131063 4.0579301 0.040579301
0.03544058 4.0633019 0.040633019
0.035750097 4.0548781 0.040548781
0.036059614 4.0482208 0.040482208
0.036369131 4.063111 0.04063111
0.036678648 4.04706 0.0404706
0.036988164 4.0451963 0.040451963
0.03729768 4.069073 0.04069073
0.037607196 4.0467381 0.040467381
0.037916712 4.0540847 0.040540847
0.038226228 4.0430176 0.040430176
0.038535743 4.0327579 0.040327579
0.038845259 4.0142748 0.040142748
0.039154774 4.0103905 0.040103905
0.039464288 4.0050588 0.040050588
0.039773803 4.0055852 0.040055852
0.040083317 3.9958071 0.039958071
0.040392831 4.0036431 0.040036431
0.040702345 3.9919523 0.039919523
0.041011859 3.9784107 0.039784107
0.041321372 3.9869871 0.039869871
0.041630886 3.9845228 0.039845228
0.041940399 3.9539333 0.039539333
0.042249911 3.9573734 0.039573734
0.042559424 3.952965 0.03952965
0.042868936 3.9661629 0.039661629
0.043178448 3.9460305 0.039460305
0.04348796 3.9382661 0.039382661
0.043797472 3.9350331 0.039350331
0.044106983 3.9284304 0.039284304
0.044416494 3.9322637 0.039322637
0.044726005 3.915788 0.03915788
0.045035516 3.9205401 0.039205401
0.045345026 3.9011759 0.039011759
0.045654536 3.8953777 0.038953777
0.045964046 3.874145 0.03874145
0.046273556 3.8592815 0.038592815
0.046583065 3.864355 0.03864355
0.046892575 3.8548466 0.038548466
0.047202083 3.8264023 0.038264023
0.047511592 3.8262732 0.038262732
0.0478211 3.8346323 0.038346323
0.048130609 3.822426 0.03822426
0.048440116 3.8090161 0.038090161
0.048749624 3.813422 0.03813422
0.049059131 3.7958541 0.037958541
0.049368638 3.7696082 0.037696082
0.049678145 3.8012415 0.038012415
0.049987652 3.7740563 0.037740563
0.050297158 3.7615391 0.037615391
0.050606664 3.7580976 0.037580976
0.05091617 3.760963 0.03760963
0.051225675 3.7682136 0.037682136
0.05153518 3.7507373 0.037507373
0.051844685 3.7381754 0.037381754
0.05215419 3.7400221 0.037400221
0.052463694 3.712973 0.03712973
0.052773198 3.7002142 0.037002142
0.053082702 3.7130784 0.037130784
0.053392205 3.6903533 0.036903533
0.053701708 3.6975236 0.036975236
0.054011211 3.6826849 0.036826849
0.054320713 3.6634215 0.036634215
0.054630216 3.6600375 0.036600375
0.054939718 3.6566932 0.036566932
0.055249219 3.6520013 0.036520013
0.055558721 3.6308859 0.036308859
0.055868222 3.6312029 0.036312029
0.056177722 3.6183438 0.036183438
0.056487223 3.6144564 0.036144564
0.056796723 3.5916688 0.035916688
0.057106223 3.6008675 0.036008675
0.057415722 3.5788485 0.035788485
0.057725221 3.5745657 0.035745657
0.05803472 3.5673156 0.035673156
0.058344219 3.5613059 0.035613059
0.058653717 3.5597289 0.035597289
0.058963215 3.5196536 0.035196536
0.059272713 3.528595 0.03528595
0.05958221 3.5329903 0.035329903
0.059891707 3.5295389 0.035295389
0.060201203 3.5103696 0.035103696
0.0605107 3.5054497 0.035054497
0.060820196 3.4945746 0.034945746
0.061129691 3.477446 0.03477446
0.061439187 3.4877741 0.034877741
0.061748681 3.4666891 0.034666891
0.062058176 3.4711266 0.034711266
0.06236767 3.4518033 0.034518033
0.062677164 3.4511553 0.034511553
0.062986658 3.4364456 0.034364456
0.063296151 3.4351291 0.034351291
0.063605644 3.4164694 0.034164694
0.063915137 3.4071894 0.034071894
0.064224629 3.4010183 0.034010183
0.064534121 3.3923338 0.033923338
0.064843612 3.3856902 0.033856902
0.065153103 3.3821408 0.033821408
0.065462594 3.368684 0.03368684
0.065772085 3.3568957 0.033568957
0.066081575 3.3585025 0.033585025
0.066391064 3.3354888 0.033354888
0.066700554 3.3233289 0.033233289
0.067010043 3.3185188 0.033185188
0.067319531 3.3075285 0.033075285
0.06762902 3.2972922 0.032972922
0.067938508 3.2928241 0.032928241
0.068247995 3.2834846 0.032834846
0.068557482 3.2804371 0.032804371
0.068866969 3.265048 0.03265048
0.069176455 3.2556575 0.032556575
0.069485941 3.248309 0.03248309
0.069795427 3.2337171 0.032337171
0.070104912 3.2190108 0.032190108
0.070414397 3.2096985 0.032096985
0.070723882 3.2074511 0.032074511
0.071033366 3.1883702 0.031883702
0.07134285 3.1816774 0.031816774
0.071652333 3.1719578 0.031719578
0.071961816 3.1729492 0.031729492
0.072271298 3.1500457 0.031500457
0.07258078 3.1455467 0.031455467
0.072890262 3.1375976 0.031375976
0.073199744 3.1290722 0.031290722
0.073509225 3.1158817 0.031158817
0.073818705 3.1130905 0.031130905
0.074128185 3.1047511 0.031047511
0.074437665 3.0876641 0.030876641
0.074747144 3.0787101 0.030787101
0.075056623 3.0604592 0.030604592
0.075366102 3.0578571 0.030578571
0.07567558 3.0461579 0.030461579
0.075985058 3.0356141 0.030356141
0.076294535 3.0289525 0.030289525
0.076604012 3.0229932 0.030229932
0.076913488 3.0108841 0.030108841
0.077222964 3.0050814 0.030050814
0.07753244 2.985129 0.02985129
0.077841915 2.9723379 0.029723379
0.07815139 2.9708726 0.029708726
0.078460864 2.9598435 0.029598435
0.078770338 2.9479764 0.029479764
0.079079812 2.9418723 0.029418723
0.079389285 2.92726 0.0292726
0.079698757 2.9192973 0.029192973
0.080008229 2.911567 0.02911567
0.080317701 2.9000053 0.029000053
0.080627172 2.8907649 0.028907649
0.080936643 2.8816224 0.028816224
0.081246114 2.8670289 0.028670289
0.081555584 2.8596344 0.028596344
0.081865053 2.8554197 0.028554197
0.082174522 2.8423084 0.028423084
0.082483991 2.8299932 0.028299932
0.082793459 2.8191696 0.028191696
0.083102927 2.8070026 0.028070026
0.083412394 2.7929193 0.027929193
0.083721861 2.7891251 0.027891251
0.084031327 2.7756614 0.027756614
0.084340793 2.7629134 0.027629134
0.084650259 2.7600828 0.027600828
0.084959724 2.7442408 0.027442408
0.085269188 2.73419 0.0273419
0.085578652 2.7326015 0.027326015
0.085888116 2.717046 0.02717046
0.086197579 2.7041876 0.027041876
0.086507042 2.6995838 0.026995838
0.086816504 2.6853801 0.026853801
0.087125966 2.6755664 0.026755664
0.087435427 2.6643258 0.026643258
0.087744888 2.6591206 0.026591206
0.088054348 2.6476641 0.026476641
0.088363808 2.6362539 0.026362539
0.088673267 2.6274124 0.026274124
0.088982726 2.6200559 0.026200559
0.089292184 2.6198049 0.026198049
0.089601642 2.5987933 0.025987933
0.089911099 2.5905739 0.025905739
0.090220556 2.5886456 0.025886456
0.090530013 2.5765955 0.025765955
0.090839469 2.5693029 0.025693029
0.091148924 2.5546094 0.025546094
0.091458379 2.5406552 0.025406552
0.091767833 2.537117 0.02537117
0.092077287 2.5223271 0.025223271
0.092386741 2.5108541 0.025108541
0.092696194 2.5080107 0.025080107
0.093005646 2.4899952 0.024899952
0.093315098 2.4847404 0.024847404
0.093624549 2.4745637 0.024745637
0.093934 2.4597143 0.024597143
0.09424345 2.4470344 0.024470344
0.0945529 2.4343386 0.024343386
0.09486235 2.4284316 0.024284316
0.095171798 2.4207215 0.024207215
0.095481247 2.413092 0.02413092
0.095790694 2.4019702 0.024019702
0.096100142 2.3942343 0.023942343
0.096409588 2.3798258 0.023798258
0.096719035 2.3673391 0.023673391
0.09702848 2.3632699 0.023632699
0.097337925 2.3511536 0.023511536
0.09764737 2.3336374 0.023336374
0.097956814 2.3266348 0.023266348
0.098266257 2.3181996 0.023181996
0.0985757 2.3070335 0.023070335
0.098885143 2.2999664 0.022999664
0.099194585 2.2887366 0.022887366
0.099504026 2.2795353 0.022795353
0.099813467 2.2716185 0.022716185
0.10012291 2.2601339 0.022601339
0.10043235 2.254855 0.02254855
0.10074179 2.2448626 0.022448626
0.10105122 2.2323934 0.022323934
0.10136066 2.2181598 0.022181598
0.1016701 2.2155345 0.022155345
0.10197954 2.2015425 0.022015425
0.10228897 2.1881198 0.021881198
0.10259841 2.179232 0.02179232
0.10290785 2.1727011 0.021727011
0.10321728 2.1590565 0.021590565
0.10352671 2.1487565 0.021487565
0.10383615 2.1369515 0.021369515
0.10414558 2.126615 0.02126615
0.10445501 2.1211351 0.021211351
0.10476445 2.1109059 0.021109059
0.10507388 2.1037668 0.021037668
0.10538331 2.0890404 0.020890404
0.10569274 2.0777704 0.020777704
0.10600217 2.0707443 0.020707443
0.1063116 2.0606219 0.020606219
0.10662102 2.0541135 0.020541135
0.10693045 2.0406655 0.020406655
0.10723988 2.0361465 0.020361465
0.10754931 2.019216 0.02019216
0.10785873 2.0100191 0.020100191
0.10816816 1.9967726 0.019967726
0.10847758 1.9856019 0.019856019
0.10878701 1.9836786 0.019836786
0.10909643 1.9723649 0.019723649
0.10940585 1.9623752 0.019623752
0.10971528 1.9497916 0.019497916
0.1100247 1.9463324 0.019463324
0.11033412 1.9353599 0.019353599
0.11064354 1.9259723 0.019259723
0.11095296 1.9133909 0.019133909
0.11126238 1.9052764 0.019052764
0.1115718 1.9019558 0.019019558
0.11188122 1.8836002 0.018836002
0.11219064 1.8756235 0.018756235
0.11250005 1.8654069 0.018654069
0.11280947 1.8551277 0.018551277
0.11311889 1.8435927 0.018435927
0.1134283 1.8344224 0.018344224
0.11373772 1.8295388 0.018295388
0.11404713 1.8146691 0.018146691
0.11435654 1.8084714 0.018084714
0.11466596 1.7988774 0.017988774
0.11497537 1.7905926 0.017905926
0.11528478 1.7784827 0.017784827
0.11559419 1.7724561 0.017724561
0.1159036 1.7609449 0.017609449
0.11621301 1.7531492 0.017531492
0.11652242 1.745755 0.01745755
0.11683183 1.7290529 0.017290529
0.11714124 1.7254392 0.017254392
0.11745064 1.7179068 0.017179068
0.11776005 1.7072441 0.017072441
0.11806945 1.6939613 0.016939613
0.11837886 1.6845522 0.016845522
0.11868826 1.6781472 0.016781472
0.11899767 1.6675752 0.016675752
0.11930707 1.6614374 0.016614374
0.11961647 1.652686 0.01652686
0.11992588 1.6417139 0.016417139
0.12023528 1.6310903 0.016310903
0.12054468 1.6262423 0.016262423
0.12085408 1.6106956 0.016106956
0.12116348 1.6041627 0.016041627
0.12147288 1.5916269 0.015916269
0.12178227 1.5895757 0.015895757
0.12209167 1.5772621 0.015772621
0.12240107 1.5716575 0.015716575
0.12271046 1.5625972 0.015625972
0.12301986 1.5508168 0.015508168
0.12332925 1.5412299 0.015412299
0.12363865 1.5282291 0.015282291
0.12394804 1.5226763 0.015226763
0.12425743 1.5219302 0.015219302
0.12456683 1.499152 0.01499152
0.12487622 1.4974465 0.014974465
0.12518561 1.4897269 0.014897269
0.125495 1.4789928 0.014789928
0.12580439 1.4757898 0.014757898
0.12611377 1.4616635 0.014616635
0.12642316 1.4526538 0.014526538
0.12673255 1.4447924 0.014447924
0.12704194 1.4349901 0.014349901
0.12735132 1.4310162 0.014310162
0.12766071 1.4203913 0.014203913
0.12797009 1.4097772 0.014097772
0.12827947 1.4043739 0.014043739
0.12858886 1.3939056 0.013939056
0.12889824 1.3845191 0.013845191
0.12920762 1.3753347 0.013753347
0.129517 1.3674225 0.013674225
0.12982638 1.3627518 0.013627518
0.13013576 1.3499042 0.013499042
0.13044514 1.3446974 0.013446974
0.13075452 1.3358097 0.013358097
0.1310639 1.3258133 0.013258133
0.13137327 1.3186892 0.013186892
0.13168265 1.31295 0.0131295
0.13199202 1.3001272 0.013001272
0.1323014 1.2928532 0.012928532
0.13261077 1.2823125 0.012823125
0.13292015 1.2769785 0.012769785
0.13322952 1.2700104 0.012700104
0.13353889 1.2647514 0.012647514
0.13384826 1.2510057 0.012510057
0.13415763 1.2424125 0.012424125
0.134467 1.2360816 0.012360816
0.13477637 1.2303406 0.012303406
0.13508574 1.2195723 0.012195723
0.1353951 1.2095387 0.012095387
0.13570447 1.2079341 0.012079341
0.13601383 1.1899434 0.011899434
0.1363232 1.1896094 0.011896094
0.13663256 1.183119 0.01183119
0.13694193 1.1675039 0.011675039
0.13725129 1.1675227 0.011675227
0.13756065 1.1552259 0.011552259
0.13787001 1.148837 0.01148837
0.13817937 1.139008 0.01139008
0.13848873 1.1321413 0.011321413
0.13879809 1.1249026 0.011249026
0.13910745 1.1150385 0.011150385
0.13941681 1.1128929 0.011128929
0.13972616 1.1034403 0.011034403
0.14003552 1.0930593 0.010930593
0.14034488 1.0871774 0.010871774
0.14065423 1.0820812 0.010820812
0.14096358 1.07361 0.0107361
0.14127294 1.0655441 0.010655441
0.14158229 1.0602463 0.010602463
0.14189164 1.0537416 0.010537416
0.14220099 1.0388385 0.010388385
0.14251034 1.0369383 0.010369383
0.14281969 1.0311498 0.010311498
0.14312904 1.0185325 0.010185325
0.14343838 1.0149408 0.010149408
0.14374773 1.0104936 0.010104936
0.14405708 0.99858109 0.0099858109
0.14436642 0.99065466 0.0099065466
0.14467577 0.98612402 0.0098612402
0.14498511 0.97590527 0.0097590527
0.14529445 0.96890056 0.0096890056
0.14560379 0.96565204 0.0096565204
0.14591314 0.95916097 0.0095916097
0.14622248 0.94948289 0.0094948289
0.14653182 0.93965016 0.0093965016
0.14684115 0.92936858 0.0092936858
0.14715049 0.92988603 0.0092988603
0.14745983 0.91754771 0.0091754771
0.14776917 0.9100916 0.009100916
0.1480785 0.90585139 0.0090585139
0.14838784 0.89818852 0.0089818852
0.14869717 0.89413812 0.0089413812
0.1490065 0.8874163 0.008874163
0.14931583 0.88123595 0.0088123595
0.14962517 0.87318684 0.0087318684
0.1499345 0.86374433 0.0086374433
0.15024383 0.86507328 0.0086507328
0.15055316 0.85432216 0.0085432216
0.15086248 0.84680284 0.0084680284
0.15117181 0.84032168 0.0084032168
0.15148114 0.83532979 0.0083532979
0.15179046 0.82747902 0.0082747902
0.15209979 0.82196328 0.0082196328
0.15240911 0.81414887 0.0081414887
0.15271844 0.80930386 0.0080930386
0.15302776 0.80150623 0.0080150623
0.15333708 0.79863419 0.0079863419
0.1536464 0.78663344 0.0078663344
0.15395572 0.78543853 0.0078543853
0.15426504 0.77746512 0.0077746512
0.15457436 0.77183119 0.0077183119
0.15488367 0.76219893 0.0076219893
0.15519299 0.7592327 0.007592327
0.15550231 0.75265042 0.0075265042
0.15581162 0.746631 0.00746631
0.15612093 0.73821477 0.0073821477
0.15643025 0.73058148 0.0073058148
0.15673956 0.72812525 0.0072812525
0.15704887 0.72094128 0.0072094128
0.15735818 0.71365482 0.0071365482
0.15766749 0.7100407 0.007100407
0.1579768 0.7016311 0.007016311
0.15828611 0.69521548 0.0069521548
0.15859542 0.69067105 0.0069067105
0.15890472 0.68747952 0.0068747952
0.15921403 0.6769347 0.006769347
0.15952333 0.67442749 0.0067442749
0.15983264 0.6700087 0.006700087
0.16014194 0.66339349 0.0066339349
0.16045124 0.65922919 0.0065922919
0.16076054 0.65200379 0.0065200379
0.16106984 0.64706888 0.0064706888
0.16137914 0.64071474 0.0064071474
0.16168844 0.6342787 0.006342787
0.16199774 0.63104816 0.0063104816
0.16230703 0.6234301 0.006234301
0.16261633 0.61668184 0.0061668184
0.16292562 0.61084966 0.0061084966
0.16323492 0.60486646 0.0060486646
0.16354421 0.60141412 0.0060141412
0.1638535 0.5951002 0.005951002
0.16416279 0.59059508 0.0059059508
0.16447208 0.58589477 0.0058589477
0.16478137 0.57985765 0.0057985765
0.16509066 0.57460569 0.0057460569
0.16539995 0.57147107 0.0057147107
0.16570924 0.56752768 0.0056752768
0.16601852 0.56008973 0.0056008973
0.16632781 0.55366457 0.0055366457
0.16663709 0.55171639 0.0055171639
0.16694637 0.54712662 0.0054712662
0.16725566 0.54129619 0.0054129619
0.16756494 0.53743762 0.0053743762
0.16787422 0.5308678 0.005308678
0.1681835 0.52639172 0.0052639172
0.16849278 0.5221315 0.005221315
0.16880205 0.51436025 0.0051436025
0.16911133 0.51181827 0.0051181827
0.16942061 0.50879115 0.0050879115
0.16972988 0.50205236 0.0050205236
0.17003916 0.49531549 0.0049531549
0.17034843 0.49661958 0.0049661958
0.1706577 0.4885989 0.004885989
0.17096697 0.48147531 0.0048147531
0.17127624 0.47751909 0.0047751909
0.17158551 0.47261845 0.0047261845
0.17189478 0.4692431 0.004692431
0.17220405 0.46259194 0.0046259194
0.17251331 0.45924695 0.0045924695
0.17282258 0.45700115 0.0045700115
0.17313184 0.44787858 0.0044787858
0.17344111 0.44604437 0.0044604437
0.17375037 0.44323292 0.0044323292
0.17405963 0.4383536 0.004383536
0.17436889 0.43336067 0.0043336067
0.17467815 0.43252946 0.0043252946
0.17498741 0.42608129 0.0042608129
0.17529667 0.42364355 0.0042364355
0.17560593 0.41710015 0.0041710015
0.17591518 0.41464671 0.0041464671
0.17622444 0.41103351 0.0041103351
0.17653369 0.40773856 0.0040773856
0.17684295 0.40100765 0.0040100765
0.1771522 0.39666936 0.0039666936
0.17746145 0.39165251 0.0039165251
0.1777707 0.38825726 0.0038825726
0.17807995 0.38417244 0.0038417244
0.1783892 0.38050482 0.0038050482
0.17869844 0.3800639 0.003800639
0.17900769 0.37191315 0.0037191315
0.17931694 0.367193 0.00367193
0.17962618 0.36829512 0.0036829512
0.17993542 0.36266321 0.0036266321
0.18024467 0.35793785 0.0035793785
0.18055391 0.35509773 0.0035509773
0.18086315 0.35069602 0.0035069602
0.18117239 0.3468657 0.003468657
0.18148163 0.34409342 0.0034409342
0.18179086 0.34079708 0.0034079708
0.1821001 0.33417281 0.0033417281
0.18240934 0.33308603 0.0033308603
0.18271857 0.32750933 0.0032750933
0.1830278 0.32585466 0.0032585466
0.18333704 0.31715608 0.0031715608
0.18364627 0.31813844 0.0031813844
0.1839555 0.31429801 0.0031429801
0.18426473 0.30792648 0.0030792648
0.18457396 0.30523989 0.0030523989
0.18488318 0.2986532 0.002986532
0.18519241 0.30203207 0.0030203207
0.18550164 0.29992211 0.0029992211
0.18581086 0.29494507 0.0029494507
0.18612009 0.29345756 0.0029345756
0.18642931 0.28977627 0.0028977627
0.18673853 0.28845711 0.0028845711
0.18704775 0.27924469 0.0027924469
0.18735697 0.27847914 0.0027847914
0.18766619 0.27174886 0.0027174886
0.1879754 0.27142599 0.0027142599
0.18828462 0.26962002 0.0026962002
0.18859384 0.26381689 0.0026381689
0.18890305 0.26326344 0.0026326344
0.18921226 0.26044981 0.0026044981
0.18952148 0.25589728 0.0025589728
0.18983069 0.25520584 0.0025520584
0.1901399 0.2525961 0.002525961
0.19044911 0.2478238 0.002478238
0.19075832 0.24701618 0.0024701618
0.19106752 0.24349869 0.0024349869
0.19137673 0.23897401 0.0023897401
0.19168593 0.236449 0.00236449
0.19199514 0.23536769 0.0023536769
0.19230434 0.23029851 0.0023029851
0.19261354 0.23044698 0.0023044698
0.19292274 0.22459513 0.0022459513
0.19323194 0.22435587 0.0022435587
0.19354114 0.2223263 0.002223263
0.19385034 0.21597133 0.0021597133
0.19415954 0.21453499 0.0021453499
0.19446873 0.21183355 0.0021183355
0.19477793 0.21440208 0.0021440208
0.19508712 0.20785497 0.0020785497
0.19539631 0.20414644 0.0020414644
0.1957055 0.20304178 0.0020304178
0.19601469 0.20009252 0.0020009252
0.19632388 0.19926591 0.0019926591
0.19663307 0.19296008 0.0019296008
0.19694226 0.19187573 0.0019187573
0.19725144 0.19011435 0.0019011435
0.19756063 0.18804257 0.0018804257
0.19786981 0.1857199 0.001857199
0.19817899 0.18349037 0.0018349037
0.19848818 0.18049057 0.0018049057
0.19879736 0.17889275 0.0017889275
0.19910654 0.17466976 0.0017466976
0.19941572 0.17418002 0.0017418002
0.19972489 0.1730779 0.001730779
0.20003407 0.16740385 0.0016740385
0.20034324 0.16974009 0.0016974009
0.20065242 0.16386067 0.0016386067
0.20096159 0.16155609 0.0016155609
0.20127076 0.16280126 0.0016280126
0.20157993 0.15748397 0.0015748397
0.2018891 0.15947413 0.0015947413
0.20219827 0.15226822 0.0015226822
0.20250744 0.15088111 0.0015088111
0.20281661 0.1498514 0.001498514
0.20312577 0.14681578 0.0014681578
0.20343493 0.14639768 0.0014639768
0.2037441 0.14543463 0.0014543463
0.20405326 0.14163043 0.0014163043
0.20436242 0.14109577 0.0014109577
0.20467158 0.13925988 0.0013925988
0.20498074 0.13636243 0.0013636243
0.2052899 0.13371441 0.0013371441
0.20559905 0.13455908 0.0013455908
0.20590821 0.13136231 0.0013136231
0.20621736 0.12838005 0.0012838005
0.20652651 0.12694053 0.0012694053
0.20683567 0.1248612 0.001248612
0.20714482 0.12577234 0.0012577234
0.20745397 0.1210868 0.001210868
0.20776312 0.11974119 0.0011974119
0.20807226 0.11743644 0.0011743644
0.20838141 0.11907177 0.0011907177
0.20869055 0.11394332 0.0011394332
0.2089997 0.114003 0.00114003
0.20930884 0.11253444 0.0011253444
0.20961798 0.10796183 0.0010796183
0.20992712 0.11024357 0.0011024357
0.21023626 0.10816742 0.0010816742
0.2105454 0.10210996 0.0010210996
0.21085454 0.10557573 0.0010557573
0.21116367 0.10182895 0.0010182895
0.21147281 0.098923121 0.00098923121
0.21178194 0.096932867 0.00096932867
0.21209107 0.097991042 0.00097991042
0.21240021 0.095388567 0.00095388567
0.21270934 0.097737452 0.00097737452
0.21301846 0.096529032 0.00096529032
0.21332759 0.092688445 0.00092688445
0.21363672 0.09126009 0.0009126009
0.21394584 0.090544179 0.00090544179
0.21425497 0.088284087 0.00088284087
0.21456409 0.089065114 0.00089065114
0.21487321 0.088045986 0.00088045986
0.21518234 0.084557609 0.00084557609
0.21549145 0.081048152 0.00081048152
0.21580057 0.083127892 0.00083127892
0.21610969 0.082668994 0.00082668994
0.21641881 0.07961262 0.0007961262
0.21672792 0.078752971 0.00078752971
0.21703704 0.076748818 0.00076748818
0.21734615 0.074733764 0.00074733764
0.21765526 0.072667762 0.00072667762
0.21796437 0.074854443 0.00074854443
0.21827348 0.070757448 0.00070757448
0.21858259 0.071287642 0.00071287642
0.21889169 0.068334119 0.00068334119
0.2192008 0.068814467 0.00068814467
0.2195099 0.065988733 0.00065988733
0.21981901 0.065261596 0.00065261596
0.22012811 0.070293476 0.00070293476
0.22043721 0.065535824 0.00065535824
0.22074631 0.063357979 0.00063357979
0.22105541 0.064646392 0.00064646392
0.2213645 0.063436295 0.00063436295
0.2216736 0.061044283 0.00061044283
0.22198269 0.058807938 0.00058807938
0.22229179 0.058198359 0.00058198359
0.22260088 0.059731038 0.00059731038
0.22290997 0.055831596 0.00055831596
0.22321906 0.057075007 0.00057075007
0.22352815 0.05728003 0.0005728003
0.22383724 0.051809472 0.00051809472
0.22414632 0.052706769 0.00052706769
0.22445541 0.052509439 0.00052509439
0.22476449 0.053608499 0.00053608499
0.22507357 0.052251419 0.00052251419
0.22538265 0.049226621 0.00049226621
0.22569174 0.04919737 0.0004919737
0.22600081 0.05093441 0.0005093441
0.22630989 0.047765016 0.00047765016
0.22661897 0.046872817 0.00046872817
0.22692804 0.047116954 0.00047116954
0.22723712 0.042802888 0.00042802888
0.22754619 0.046341846 0.00046341846
0.22785526 0.041622573 0.00041622573
0.22816433 0.041979716 0.00041979716
0.2284734 0.042115664 0.00042115664
0.22878247 0.042337652 0.00042337652
0.22909153 0.04033828 0.0004033828
0.2294006 0.040153433 0.00040153433
0.22970966 0.04152915 0.0004152915
0.23001873 0.040913492 0.00040913492
0.23032779 0.037906323 0.00037906323
0.23063685 0.035650815 0.00035650815
0.23094591 0.036746779 0.00036746779
0.23125496 0.036000812 0.00036000812
0.23156402 0.034988652 0.00034988652
0.23187308 0.033188005 0.00033188005
0.23218213 0.03470699 0.0003470699
0.23249118 0.028912293 0.00028912293
0.23280023 0.032352283 0.00032352283
0.23310928 0.032466454 0.00032466454
0.23341833 0.028734516 0.00028734516
0.23372738 0.027610099 0.00027610099
0.23403643 0.029344222 0.00029344222
0.23434547 0.029550889 0.00029550889
0.23465451 0.032225534 0.00032225534
0.23496356 0.027771338 0.00027771338
0.2352726 0.025786004 0.00025786004
0.23558164 0.027041654 0.00027041654
0.23589068 0.030420852 0.00030420852
0.23619971 0.026179542 0.00026179542
0.23650875 0.026206152 0.00026206152
0.23681778 0.027986963 0.00027986963
0.23712682 0.02496389 0.0002496389
0.23743585 0.027235671 0.00027235671
0.23774488 0.022332898 0.00022332898
0.23805391 0.024537374 0.00024537374
0.23836294 0.025585276 0.00025585276
0.23867197 0.025902813 0.00025902813
0.23898099 0.021885854 0.00021885854
0.23929002 0.025742655 0.00025742655
0.23959904 0.023346084 0.00023346084
0.23990806 0.020152585 0.00020152585
0.24021708 0.022147298 0.00022147298
0.2405261 0.020483934 0.00020483934
0.24083512 0.022577259 0.00022577259
0.24114413 0.02125449 0.0002125449
0.24145315 0.023501629 0.00023501629
0.24176216 0.019382016 0.00019382016
0.24207118 0.018506533 0.00018506533
0.24238019 0.021787096 0.00021787096
0.2426892 0.021542342 0.00021542342
0.24299821 0.023579724 0.00023579724
0.24330721 0.019849625 0.00019849625
0.24361622 0.018599557 0.00018599557
0.24392522 0.017847764 0.00017847764
0.24423423 0.018163238 0.00018163238
0.24454323 0.017734089 0.00017734089
0.24485223 0.017163419 0.00017163419
0.24516123 0.015803162 0.00015803162
0.24547023 0.016082195 0.00016082195
0.24577922 0.017651366 0.00017651366
0.24608822 0.014457567 0.00014457567
0.24639721 0.017238231 0.00017238231
0.24670621 0.015341901 0.00015341901
0.2470152 0.017273355 0.00017273355
0.24732419 0.017619827 0.00017619827
0.24763318 0.013627771 0.00013627771
0.24794216 0.018752452 0.00018752452
0.24825115 0.017361611 0.00017361611
0.24856013 0.017396558 0.00017396558
0.24886912 0.012592397 0.00012592397
0.2491781 0.01498022 0.0001498022
0.24948708 0.016636761 0.00016636761
0.24979606 0.017740899 0.00017740899
0.25010504 0.015432426 0.00015432426
0.25041401 0.013232206 0.00013232206
0.25072299 0.014538167 0.00014538167
0.25103196 0.017006657 0.00017006657
0.25134093 0.014417349 0.00014417349
0.2516499 0.01266126 0.0001266126
0.25195887 0.017470863 0.00017470863
0.25226784 0.014480189 0.00014480189
0.25257681 0.016460237 0.00016460237
0.25288577 0.012734136 0.00012734136
0.25319474 0.011508933 0.00011508933
0.2535037 0.014169261 0.00014169261
0.25381266 0.01302895 0.0001302895
0.25412162 0.0170934 0.000170934
0.25443058 0.013547705 0.00013547705
0.25473954 0.013987608 0.00013987608
0.25504849 0.016785106 0.00016785106
0.25535745 0.014660528 0.00014660528
0.2556664 0.015575155 0.00015575155
0.25597535 0.009739732 9.739732e-05
0.2562843 0.013524407 0.00013524407
0.25659325 0.016010579 0.00016010579
0.2569022 0.01182546 0.0001182546
0.25721115 0.0088420173 8.8420173e-05
0.25752009 0.013566701 0.00013566701
0.25782903 0.014366086 0.00014366086
0.25813798 0.0109233 0.000109233
0.25844692 0.013439262 0.00013439262
0.25875585 0.01241753 0.0001241753
0.25906479 0.013331161 0.00013331161
0.25937373 0.015716965 0.00015716965
0.25968266 0.0095424535 9.5424535e-05
0.2599916 0.010149955 0.00010149955
0.26030053 0.010242678 0.00010242678
0.26060946 0.011257926 0.00011257926
0.26091839 0.011751079 0.00011751079
0.26122732 0.015082766 0.00015082766
0.26153624 0.012568193 0.00012568193
0.26184517 0.012690264 0.00012690264
0.26215409 0.011566895 0.00011566895
0.26246301 0.017632275 0.00017632275
0.26277193 0.010858682 0.00010858682
0.26308085 0.011505092 0.00011505092
0.26338977 0.012343471 0.00012343471
0.26369869 0.014014272 0.00014014272
0.2640076 0.015987811 0.00015987811
0.26431651 0.010469642 0.00010469642
0.26462543 0.012413337 0.00012413337
0.26493434 0.014007611 0.00014007611
0.26524325 0.010428071 0.00010428071
0.26555215 0.018104976 0.00018104976
0.26586106 0.010014094 0.00010014094
0.26616996 0.01559649 0.0001559649
0.26647887 0.014530196 0.00014530196
0.26678777 0.012820191 0.00012820191
0.26709667 0.012179121 0.00012179121
0.26740557 0.013472997 0.00013472997
0.26771447 0.012683127 0.00012683127
0.26802336 0.012930736 0.00012930736
0.26833226 0.011208051 0.00011208051
0.26864115 0.010236602 0.00010236602
0.26895004 0.014672371 0.00014672371
0.26925893 0.012245434 0.00012245434
0.26956782 0.014012794 0.00014012794
0.26987671 0.013622278 0.00013622278
0.27018559 0.016280417 0.00016280417
0.27049448 0.012183477 0.00012183477
0.27080336 0.01371215 0.0001371215
0.27111224 0.015037423 0.00015037423
0.27142112 0.015377829 0.00015377829
0.27173 0.014445456 0.00014445456
0.27203888 0.01497031 0.0001497031
0.27234775 0.011868065 0.00011868065
0.27265663 0.01715759 0.0001715759
0.2729655 0.014324219 0.00014324219
0.27327437 0.014927419 0.00014927419
0.27358324 0.01146981 0.0001146981
0.27389211 0.011916921 0.00011916921
0.27420098 0.013945856 0.00013945856
0.27450984 0.016457768 0.00016457768
0.2748187 0.018514529 0.00018514529
0.27512757 0.013908301 0.00013908301
0.27543643 0.014732997 0.00014732997
0.27574529 0.014767848 0.00014767848
0.27605414 0.013882764 0.00013882764
0.276363 0.014118148 0.00014118148
0.27667185 0.016874163 0.00016874163
0.27698071 0.015731819 0.00015731819
0.27728956 0.01423498 0.0001423498
0.27759841 0.012099262 0.00012099262
0.27790726 0.016840703 0.00016840703
0.2782161 0.01914873 0.0001914873
0.27852495 0.018452228 0.00018452228
0.27883379 0.018849656 0.00018849656
0.27914264 0.010912339 0.00010912339
0.27945148 0.016206015 0.00016206015
0.27976032 0.015005687 0.00015005687
0.28006915 0.02161144 0.0002161144
0.28037799 0.016459614 0.00016459614
0.28068683 0.01804714 0.0001804714
0.28099566 0.018505232 0.00018505232
0.28130449 0.0152138 0.000152138
0.28161332 0.01435135 0.0001435135
0.28192215 0.018132289 0.00018132289
0.28223098 0.017579337 0.00017579337
0.2825398 0.019051959 0.00019051959
0.28284863 0.019471751 0.00019471751
0.28315745 0.018177368 0.00018177368
0.28346627 0.017902412 0.00017902412
0.28377509 0.017146055 0.00017146055
0.28408391 0.015648791 0.00015648791
0.28439272 0.015382026 0.00015382026
0.28470154 0.016511729 0.00016511729
0.28501035 0.01968201 0.0001968201
0.28531916 0.017273044 0.00017273044
0.28562797 0.015069777 0.00015069777
0.28593678 0.0165002 0.000165002
0.28624559 0.019731967 0.00019731967
0.2865544 0.02013982 0.0002013982
0.2868632 0.015420239 0.00015420239
0.287172 0.019293224 0.00019293224
0.2874808 0.023214343 0.00023214343
0.2877896 0.019114037 0.00019114037
0.2880984 0.013643925 0.00013643925
0.2884072 0.018684194 0.00018684194
0.28871599 0.018665322 0.00018665322
0.28902478 0.01909052 0.0001909052
0.28933358 0.017640482 0.00017640482
0.28964237 0.019182888 0.00019182888
0.28995115 0.02 0.0002
0.29025994 0.021148538 0.00021148538
0.29056873 0.019000717 0.00019000717
0.29087751 0.017904922 0.00017904922
0.29118629 0.020961291 0.00020961291
0.29149507 0.023476671 0.00023476671
0.29180385 0.020759957 0.00020759957
0.29211263 0.019941981 0.00019941981
0.2924214 0.020246537 0.00020246537
0.29273018 0.019148093 0.00019148093
0.29303895 0.02213519 0.0002213519
0.29334772 0.021827123 0.00021827123
0.29365649 0.018340153 0.00018340153
0.29396526 0.024442024 0.00024442024
0.29427402 0.021160988 0.00021160988
0.29458279 0.022196103 0.00022196103
0.29489155 0.018864156 0.00018864156
0.29520031 0.019381851 0.00019381851
0.29550907 0.019580771 0.00019580771
0.29581783 0.021742713 0.00021742713
0.29612659 0.027529859 0.00027529859
0.29643534 0.023593107 0.00023593107
0.2967441 0.026148631 0.00026148631
0.29705285 0.021290436 0.00021290436
0.2973616 0.018800805 0.00018800805
0.29767035 0.017665293 0.00017665293
0.29797909 0.021144265 0.00021144265
0.29828784 0.020109519 0.00020109519
0.29859658 0.018978909 0.00018978909
0.29890532 0.01389722 0.0001389722
0.29921406 0.025624885 0.00025624885
0.2995228 0.023120779 0.00023120779
0.29983154 0.021238688 0.00021238688
