0.010059664 0 1e-06
0.010369191 0.088250815 0.00088250815
0.010678719 0.39426355 0.0039426355
0.010988246 0.61563825 0.0061563825
0.011297773 0.74337224 0.0074337224
0.0116073 0.9846719 0.009846719
0.011916828 1.191433 0.01191433
0.012226355 1.2955924 0.012955924
0.012535882 1.4991192 0.014991192
0.012845409 1.6602619 0.016602619
0.013154936 1.7597822 0.017597822
0.013464463 1.9157317 0.019157317
0.013773989 1.9628678 0.019628678
0.014083516 2.0924788 0.020924788
0.014393043 2.1779302 0.021779302
0.014702569 2.3143143 0.023143143
0.015012096 2.3899207 0.023899207
0.015321622 2.4192937 0.024192937
0.015631148 2.5291603 0.025291603
0.015940675 2.6120883 0.026120883
0.016250201 2.6513439 0.026513439
0.016559727 2.6963418 0.026963418
0.016869253 2.7687325 0.027687325
0.017178779 2.8082056 0.028082056
0.017488304 2.8887311 0.028887311
0.01779783 2.9277145 0.029277145
0.018107355 2.9569813 0.029569813
0.018416881 3.0112975 0.030112975
0.018726406 3.0316065 0.030316065
0.019035932 3.0481098 0.030481098
0.019345457 3.0741566 0.030741566
0.019654982 3.1063688 0.031063688
0.019964507 3.1824645 0.031824645
0.020274032 3.195039 0.03195039
0.020583556 3.2190314 0.032190314
0.020893081 3.2279742 0.032279742
0.021202605 3.2666468 0.032666468
0.02151213 3.2740898 0.032740898
0.021821654 3.2926237 0.032926237
0.022131178 3.3080485 0.033080485
0.022440702 3.3044167 0.033044167
0.022750226 3.3164616 0.033164616
0.02305975 3.3083379 0.033083379
0.023369274 3.3057948 0.033057948
0.023678797 3.3123216 0.033123216
0.023988321 3.3456663 0.033456663
0.024297844 3.3356231 0.033356231
0.024607367 3.3136964 0.033136964
0.02491689 3.3419229 0.033419229
0.025226413 3.353036 0.03353036
0.025535936 3.3443571 0.033443571
0.025845458 3.3889383 0.033889383
0.026154981 3.3680714 0.033680714
0.026464503 3.4334052 0.034334052
0.026774025 3.4025315 0.034025315
0.027083547 3.403129 0.03403129
0.027393069 3.4165803 0.034165803
0.027702591 3.4107437 0.034107437
0.028012112 3.4349914 0.034349914
0.028321634 3.4275266 0.034275266
0.028631155 3.4271229 0.034271229
0.028940676 3.4420616 0.034420616
0.029250197 3.425991 0.03425991
0.029559718 3.4768049 0.034768049
0.029869238 3.4586381 0.034586381
0.030178759 3.4733066 0.034733066
0.030488279 3.471688 0.03471688
0.030797799 3.4726559 0.034726559
0.031107319 3.476958 0.03476958
0.031416839 3.4628716 0.034628716
0.031726359 3.4810192 0.034810192
0.032035878 3.4731304 0.034731304
0.032345397 3.48219 0.0348219
0.032654916 3.4924888 0.034924888
0.032964435 3.4860912 0.034860912
0.033273954 3.4644891 0.034644891
0.033583473 3.458968 0.03458968
0.033892991 3.4637235 0.034637235
0.034202509 3.4606352 0.034606352
0.034512027 3.4457794 0.034457794
0.034821545 3.45687 0.0345687
0.035131063 3.4444241 0.034444241
0.03544058 3.4569567 0.034569567
0.035750097 3.4368063 0.034368063
0.036059614 3.4309217 0.034309217
0.036369131 3.4357072 0.034357072
0.036678648 3.4434059 0.034434059
0.036988164 3.4273935 0.034273935
0.03729768 3.4407657 0.034407657
0.037607196 3.4420848 0.034420848
0.037916712 3.4260184 0.034260184
0.038226228 3.4099545 0.034099545
0.038535743 3.4132381 0.034132381
0.038845259 3.3999607 0.033999607
0.039154774 3.3982518 0.033982518
0.039464288 3.3852881 0.033852881
0.039773803 3.3873061 0.033873061
0.040083317 3.3832758 0.033832758
0.040392831 3.3939109 0.033939109
0.040702345 3.3702144 0.033702144
0.041011859 3.3766363 0.033766363
0.041321372 3.3634056 0.033634056
0.041630886 3.3697523 0.033697523
0.041940399 3.34871 0.0334871
0.042249911 3.3561623 0.033561623
0.042559424 3.3328196 0.033328196
0.042868936 3.3462226 0.033462226
0.043178448 3.3408002 0.033408002
0.04348796 3.3387986 0.033387986
0.043797472 3.3238866 0.033238866
0.044106983 3.3298297 0.033298297
0.044416494 3.317082 0.03317082
0.044726005 3.3064921 0.033064921
0.045035516 3.2988667 0.032988667
0.045345026 3.3047464 0.033047464
0.045654536 3.2861485 0.032861485
0.045964046 3.2881313 0.032881313
0.046273556 3.2808977 0.032808977
0.046583065 3.2719422 0.032719422
0.046892575 3.2403326 0.032403326
0.047202083 3.2411119 0.032411119
0.047511592 3.2339357 0.032339357
0.0478211 3.2495731 0.032495731
0.048130609 3.2310758 0.032310758
0.048440116 3.2222448 0.032222448
0.048749624 3.2220247 0.032220247
0.049059131 3.2066159 0.032066159
0.049368638 3.184552 0.03184552
0.049678145 3.1997375 0.031997375
0.049987652 3.1892475 0.031892475
0.050297158 3.1631695 0.031631695
0.050606664 3.1780115 0.031780115
0.05091617 3.1734784 0.031734784
0.051225675 3.1803589 0.031803589
0.05153518 3.1701979 0.031701979
0.051844685 3.1506213 0.031506213
0.05215419 3.1498192 0.031498192
0.052463694 3.1373595 0.031373595
0.052773198 3.1293802 0.031293802
0.053082702 3.1421996 0.031421996
0.053392205 3.1154484 0.031154484
0.053701708 3.114809 0.03114809
0.054011211 3.1182722 0.031182722
0.054320713 3.0997173 0.030997173
0.054630216 3.0851527 0.030851527
0.054939718 3.0817933 0.030817933
0.055249219 3.0923092 0.030923092
0.055558721 3.0688837 0.030688837
0.055868222 3.0731383 0.030731383
0.056177722 3.0568121 0.030568121
0.056487223 3.0505281 0.030505281
0.056796723 3.0452579 0.030452579
0.057106223 3.0323506 0.030323506
0.057415722 3.0247767 0.030247767
0.057725221 3.0173767 0.030173767
0.05803472 3.0135837 0.030135837
0.058344219 3.0022541 0.030022541
0.058653717 3.0065403 0.030065403
0.058963215 2.9806438 0.029806438
0.059272713 2.9873828 0.029873828
0.05958221 2.9756021 0.029756021
0.059891707 2.9871846 0.029871846
0.060201203 2.9585017 0.029585017
0.0605107 2.9504439 0.029504439
0.060820196 2.9454109 0.029454109
0.061129691 2.9372098 0.029372098
0.061439187 2.9434664 0.029434664
0.061748681 2.9327182 0.029327182
0.062058176 2.9253991 0.029253991
0.06236767 2.9207088 0.029207088
0.062677164 2.9029626 0.029029626
0.062986658 2.9036805 0.029036805
0.063296151 2.8905805 0.028905805
0.063605644 2.8846862 0.028846862
0.063915137 2.8797019 0.028797019
0.064224629 2.8733929 0.028733929
0.064534121 2.8594412 0.028594412
0.064843612 2.868416 0.02868416
0.065153103 2.8520415 0.028520415
0.065462594 2.837971 0.02837971
0.065772085 2.8298212 0.028298212
0.066081575 2.8249433 0.028249433
0.066391064 2.822156 0.02822156
0.066700554 2.8098088 0.028098088
0.067010043 2.8016277 0.028016277
0.067319531 2.7889394 0.027889394
0.06762902 2.7873017 0.027873017
0.067938508 2.7773729 0.027773729
0.068247995 2.7712306 0.027712306
0.068557482 2.7634387 0.027634387
0.068866969 2.7488033 0.027488033
0.069176455 2.7400821 0.027400821
0.069485941 2.7338845 0.027338845
0.069795427 2.7292946 0.027292946
0.070104912 2.7113493 0.027113493
0.070414397 2.7030168 0.027030168
0.070723882 2.7075047 0.027075047
0.071033366 2.6881722 0.026881722
0.07134285 2.688068 0.02688068
0.071652333 2.6770364 0.026770364
0.071961816 2.6676016 0.026676016
0.072271298 2.6592696 0.026592696
0.07258078 2.6571766 0.026571766
0.072890262 2.642181 0.02642181
0.073199744 2.6378705 0.026378705
0.073509225 2.6259843 0.026259843
0.073818705 2.6180257 0.026180257
0.074128185 2.6044531 0.026044531
0.074437665 2.6104184 0.026104184
0.074747144 2.5945965 0.025945965
0.075056623 2.5858037 0.025858037
0.075366102 2.5829313 0.025829313
0.07567558 2.5732663 0.025732663
0.075985058 2.5627032 0.025627032
0.076294535 2.5533067 0.025533067
0.076604012 2.5452466 0.025452466
0.076913488 2.5337977 0.025337977
0.077222964 2.5281948 0.025281948
0.07753244 2.5149209 0.025149209
0.077841915 2.5053612 0.025053612
0.07815139 2.5031962 0.025031962
0.078460864 2.4938906 0.024938906
0.078770338 2.4919352 0.024919352
0.079079812 2.4735337 0.024735337
0.079389285 2.4670201 0.024670201
0.079698757 2.4614801 0.024614801
0.080008229 2.4538296 0.024538296
0.080317701 2.4402205 0.024402205
0.080627172 2.4391484 0.024391484
0.080936643 2.4264058 0.024264058
0.081246114 2.4138315 0.024138315
0.081555584 2.4055311 0.024055311
0.081865053 2.4008613 0.024008613
0.082174522 2.397521 0.02397521
0.082483991 2.384603 0.02384603
0.082793459 2.376151 0.02376151
0.083102927 2.3709599 0.023709599
0.083412394 2.3615589 0.023615589
0.083721861 2.3530149 0.023530149
0.084031327 2.334415 0.02334415
0.084340793 2.3255747 0.023255747
0.084650259 2.3195471 0.023195471
0.084959724 2.3104667 0.023104667
0.085269188 2.2998342 0.022998342
0.085578652 2.2929986 0.022929986
0.085888116 2.2879713 0.022879713
0.086197579 2.2832964 0.022832964
0.086507042 2.2686993 0.022686993
0.086816504 2.2622032 0.022622032
0.087125966 2.248402 0.02248402
0.087435427 2.2466341 0.022466341
0.087744888 2.2378796 0.022378796
0.088054348 2.2303406 0.022303406
0.088363808 2.2215375 0.022215375
0.088673267 2.2182165 0.022182165
0.088982726 2.2047456 0.022047456
0.089292184 2.2004811 0.022004811
0.089601642 2.1892958 0.021892958
0.089911099 2.1775907 0.021775907
0.090220556 2.1799537 0.021799537
0.090530013 2.1603064 0.021603064
0.090839469 2.1577245 0.021577245
0.091148924 2.149077 0.02149077
0.091458379 2.1346355 0.021346355
0.091767833 2.1341466 0.021341466
0.092077287 2.1277106 0.021277106
0.092386741 2.1114785 0.021114785
0.092696194 2.1106525 0.021106525
0.093005646 2.0927307 0.020927307
0.093315098 2.0853449 0.020853449
0.093624549 2.0763734 0.020763734
0.093934 2.0714376 0.020714376
0.09424345 2.0576363 0.020576363
0.0945529 2.0451566 0.020451566
0.09486235 2.0435384 0.020435384
0.095171798 2.0354555 0.020354555
0.095481247 2.0161246 0.020161246
0.095790694 2.0157655 0.020157655
0.096100142 2.0103068 0.020103068
0.096409588 1.9986578 0.019986578
0.096719035 1.9819764 0.019819764
0.09702848 1.9802015 0.019802015
0.097337925 1.968704 0.01968704
0.09764737 1.9601055 0.019601055
0.097956814 1.9579156 0.019579156
0.098266257 1.9445132 0.019445132
0.0985757 1.9397527 0.019397527
0.098885143 1.9340954 0.019340954
0.099194585 1.9228772 0.019228772
0.099504026 1.9090074 0.019090074
0.099813467 1.902522 0.01902522
0.10012291 1.8960872 0.018960872
0.10043235 1.8827543 0.018827543
0.10074179 1.8764664 0.018764664
0.10105122 1.8720155 0.018720155
0.10136066 1.8582976 0.018582976
0.1016701 1.8538436 0.018538436
0.10197954 1.8461547 0.018461547
0.10228897 1.8312945 0.018312945
0.10259841 1.8275097 0.018275097
0.10290785 1.8193583 0.018193583
0.10321728 1.8093379 0.018093379
0.10352671 1.7962992 0.017962992
0.10383615 1.7919142 0.017919142
0.10414558 1.7808005 0.017808005
0.10445501 1.7814753 0.017814753
0.10476445 1.7647136 0.017647136
0.10507388 1.7588845 0.017588845
0.10538331 1.745861 0.01745861
0.10569274 1.7439136 0.017439136
0.10600217 1.733915 0.01733915
0.1063116 1.7336382 0.017336382
0.10662102 1.7188739 0.017188739
0.10693045 1.7071685 0.017071685
0.10723988 1.7079297 0.017079297
0.10754931 1.6863102 0.016863102
0.10785873 1.6839674 0.016839674
0.10816816 1.6768794 0.016768794
0.10847758 1.6665287 0.016665287
0.10878701 1.6571642 0.016571642
0.10909643 1.6471161 0.016471161
0.10940585 1.6395536 0.016395536
0.10971528 1.6372137 0.016372137
0.1100247 1.6269888 0.016269888
0.11033412 1.6175104 0.016175104
0.11064354 1.6061461 0.016061461
0.11095296 1.5985814 0.015985814
0.11126238 1.5934926 0.015934926
0.1115718 1.5843179 0.015843179
0.11188122 1.5751007 0.015751007
0.11219064 1.5690104 0.015690104
0.11250005 1.5593747 0.015593747
0.11280947 1.5518423 0.015518423
0.11311889 1.5440299 0.015440299
0.1134283 1.53698 0.0153698
0.11373772 1.5295019 0.015295019
0.11404713 1.5169359 0.015169359
0.11435654 1.5112008 0.015112008
0.11466596 1.503813 0.01503813
0.11497537 1.4955821 0.014955821
0.11528478 1.4845534 0.014845534
0.11559419 1.4811251 0.014811251
0.1159036 1.4710808 0.014710808
0.11621301 1.4623094 0.014623094
0.11652242 1.458954 0.01458954
0.11683183 1.4442987 0.014442987
0.11714124 1.4376168 0.014376168
0.11745064 1.4311087 0.014311087
0.11776005 1.4219069 0.014219069
0.11806945 1.4152411 0.014152411
0.11837886 1.4071258 0.014071258
0.11868826 1.4002765 0.014002765
0.11899767 1.3895653 0.013895653
0.11930707 1.3854669 0.013854669
0.11961647 1.3722027 0.013722027
0.11992588 1.3678423 0.013678423
0.12023528 1.3567199 0.013567199
0.12054468 1.3562326 0.013562326
0.12085408 1.3411638 0.013411638
0.12116348 1.3329823 0.013329823
0.12147288 1.3284492 0.013284492
0.12178227 1.322319 0.01322319
0.12209167 1.3143338 0.013143338
0.12240107 1.3090228 0.013090228
0.12271046 1.3000245 0.013000245
0.12301986 1.2944842 0.012944842
0.12332925 1.2843047 0.012843047
0.12363865 1.2733965 0.012733965
0.12394804 1.2682788 0.012682788
0.12425743 1.2652927 0.012652927
0.12456683 1.2506601 0.012506601
0.12487622 1.2439614 0.012439614
0.12518561 1.2381175 0.012381175
0.125495 1.2328654 0.012328654
0.12580439 1.2247215 0.012247215
0.12611377 1.2154056 0.012154056
0.12642316 1.2070771 0.012070771
0.12673255 1.2057341 0.012057341
0.12704194 1.1954378 0.011954378
0.12735132 1.1883425 0.011883425
0.12766071 1.1798011 0.011798011
0.12797009 1.1721588 0.011721588
0.12827947 1.1629911 0.011629911
0.12858886 1.1570207 0.011570207
0.12889824 1.1498113 0.011498113
0.12920762 1.1424088 0.011424088
0.129517 1.1332528 0.011332528
0.12982638 1.133608 0.01133608
0.13013576 1.1227567 0.011227567
0.13044514 1.1133762 0.011133762
0.13075452 1.1051045 0.011051045
0.1310639 1.1008523 0.011008523
0.13137327 1.0933112 0.010933112
0.13168265 1.0877277 0.010877277
0.13199202 1.0810028 0.010810028
0.1323014 1.0729053 0.010729053
0.13261077 1.0623777 0.010623777
0.13292015 1.0616891 0.010616891
0.13322952 1.0520593 0.010520593
0.13353889 1.0476216 0.010476216
0.13384826 1.0398823 0.010398823
0.13415763 1.0304841 0.010304841
0.134467 1.0251568 0.010251568
0.13477637 1.0183457 0.010183457
0.13508574 1.0099996 0.010099996
0.1353951 1.0016916 0.010016916
0.13570447 1.0001435 0.010001435
0.13601383 0.9867 0.009867
0.1363232 0.98490284 0.0098490284
0.13663256 0.98003653 0.0098003653
0.13694193 0.96723725 0.0096723725
0.13725129 0.96446243 0.0096446243
0.13756065 0.96258737 0.0096258737
0.13787001 0.94837968 0.0094837968
0.13817937 0.94367254 0.0094367254
0.13848873 0.93837101 0.0093837101
0.13879809 0.93136201 0.0093136201
0.13910745 0.92643448 0.0092643448
0.13941681 0.92182547 0.0092182547
0.13972616 0.91555648 0.0091555648
0.14003552 0.90353357 0.0090353357
0.14034488 0.89950272 0.0089950272
0.14065423 0.89475581 0.0089475581
0.14096358 0.88949348 0.0088949348
0.14127294 0.88119677 0.0088119677
0.14158229 0.87241298 0.0087241298
0.14189164 0.87348159 0.0087348159
0.14220099 0.86049376 0.0086049376
0.14251034 0.85949739 0.0085949739
0.14281969 0.84964492 0.0084964492
0.14312904 0.84426843 0.0084426843
0.14343838 0.83903341 0.0083903341
0.14374773 0.83416117 0.0083416117
0.14405708 0.82629867 0.0082629867
0.14436642 0.81923604 0.0081923604
0.14467577 0.8127166 0.008127166
0.14498511 0.80771839 0.0080771839
0.14529445 0.80175267 0.0080175267
0.14560379 0.79518572 0.0079518572
0.14591314 0.7891371 0.007891371
0.14622248 0.78473093 0.0078473093
0.14653182 0.77830876 0.0077830876
0.14684115 0.77022482 0.0077022482
0.14715049 0.76265791 0.0076265791
0.14745983 0.75897204 0.0075897204
0.14776917 0.75189736 0.0075189736
0.1480785 0.74908611 0.0074908611
0.14838784 0.74036675 0.0074036675
0.14869717 0.73583872 0.0073583872
0.1490065 0.73225871 0.0073225871
0.14931583 0.72648436 0.0072648436
0.14962517 0.71923639 0.0071923639
0.1499345 0.71312668 0.0071312668
0.15024383 0.70792498 0.0070792498
0.15055316 0.70639279 0.0070639279
0.15086248 0.69632191 0.0069632191
0.15117181 0.69199052 0.0069199052
0.15148114 0.68652661 0.0068652661
0.15179046 0.68131151 0.0068131151
0.15209979 0.67626564 0.0067626564
0.15240911 0.67187781 0.0067187781
0.15271844 0.66710781 0.0066710781
0.15302776 0.65870032 0.0065870032
0.15333708 0.65648092 0.0065648092
0.1536464 0.64498855 0.0064498855
0.15395572 0.64671638 0.0064671638
0.15426504 0.63852362 0.0063852362
0.15457436 0.63536144 0.0063536144
0.15488367 0.62857041 0.0062857041
0.15519299 0.62244614 0.0062244614
0.15550231 0.61956984 0.0061956984
0.15581162 0.61368054 0.0061368054
0.15612093 0.6065164 0.006065164
0.15643025 0.5998912 0.005998912
0.15673956 0.59617411 0.0059617411
0.15704887 0.59144972 0.0059144972
0.15735818 0.58812774 0.0058812774
0.15766749 0.58420099 0.0058420099
0.1579768 0.57797815 0.0057797815
0.15828611 0.57097663 0.0057097663
0.15859542 0.56785269 0.0056785269
0.15890472 0.56593624 0.0056593624
0.15921403 0.55682085 0.0055682085
0.15952333 0.55632305 0.0055632305
0.15983264 0.55096473 0.0055096473
0.16014194 0.54249183 0.0054249183
0.16045124 0.54192474 0.0054192474
0.16076054 0.53729594 0.0053729594
0.16106984 0.52921169 0.0052921169
0.16137914 0.52609001 0.0052609001
0.16168844 0.52162549 0.0052162549
0.16199774 0.51872579 0.0051872579
0.16230703 0.51138369 0.0051138369
0.16261633 0.50651888 0.0050651888
0.16292562 0.5036795 0.005036795
0.16323492 0.49883397 0.0049883397
0.16354421 0.49483876 0.0049483876
0.1638535 0.48792821 0.0048792821
0.16416279 0.48542573 0.0048542573
0.16447208 0.48090113 0.0048090113
0.16478137 0.47888747 0.0047888747
0.16509066 0.47074736 0.0047074736
0.16539995 0.46780429 0.0046780429
0.16570924 0.46519371 0.0046519371
0.16601852 0.45772271 0.0045772271
0.16632781 0.45445818 0.0045445818
0.16663709 0.45318138 0.0045318138
0.16694637 0.44739066 0.0044739066
0.16725566 0.44368921 0.0044368921
0.16756494 0.43958024 0.0043958024
0.16787422 0.43661872 0.0043661872
0.1681835 0.43214545 0.0043214545
0.16849278 0.42596633 0.0042596633
0.16880205 0.42286512 0.0042286512
0.16911133 0.42273128 0.0042273128
0.16942061 0.41413488 0.0041413488
0.16972988 0.41190383 0.0041190383
0.17003916 0.40936626 0.0040936626
0.17034843 0.40303655 0.0040303655
0.1706577 0.39920686 0.0039920686
0.17096697 0.39548453 0.0039548453
0.17127624 0.38720342 0.0038720342
0.17158551 0.38681211 0.0038681211
0.17189478 0.37918229 0.0037918229
0.17220405 0.37804745 0.0037804745
0.17251331 0.37712134 0.0037712134
0.17282258 0.37261619 0.0037261619
0.17313184 0.36931499 0.0036931499
0.17344111 0.36610889 0.0036610889
0.17375037 0.36093713 0.0036093713
0.17405963 0.35868266 0.0035868266
0.17436889 0.35416673 0.0035416673
0.17467815 0.35097252 0.0035097252
0.17498741 0.34816741 0.0034816741
0.17529667 0.34779352 0.0034779352
0.17560593 0.3414368 0.003414368
0.17591518 0.33721073 0.0033721073
0.17622444 0.33597966 0.0033597966
0.17653369 0.33376446 0.0033376446
0.17684295 0.32966367 0.0032966367
0.1771522 0.32351062 0.0032351062
0.17746145 0.32478276 0.0032478276
0.1777707 0.3160403 0.003160403
0.17807995 0.31539512 0.0031539512
0.1783892 0.31102392 0.0031102392
0.17869844 0.31025543 0.0031025543
0.17900769 0.3022108 0.003022108
0.17931694 0.30009395 0.0030009395
0.17962618 0.30182535 0.0030182535
0.17993542 0.29429297 0.0029429297
0.18024467 0.29137321 0.0029137321
0.18055391 0.28850351 0.0028850351
0.18086315 0.28642978 0.0028642978
0.18117239 0.28195152 0.0028195152
0.18148163 0.28281409 0.0028281409
0.18179086 0.27838644 0.0027838644
0.1821001 0.27490548 0.0027490548
0.18240934 0.27112361 0.0027112361
0.18271857 0.26664755 0.0026664755
0.1830278 0.26746108 0.0026746108
0.18333704 0.26063216 0.0026063216
0.18364627 0.25820942 0.0025820942
0.1839555 0.25994833 0.0025994833
0.18426473 0.25380866 0.0025380866
0.18457396 0.24796827 0.0024796827
0.18488318 0.24646637 0.0024646637
0.18519241 0.24686678 0.0024686678
0.18550164 0.24419534 0.0024419534
0.18581086 0.23811554 0.0023811554
0.18612009 0.23775426 0.0023775426
0.18642931 0.23643145 0.0023643145
0.18673853 0.23381036 0.0023381036
0.18704775 0.22691881 0.0022691881
0.18735697 0.22887104 0.0022887104
0.18766619 0.2227561 0.002227561
0.1879754 0.22157407 0.0022157407
0.18828462 0.22012689 0.0022012689
0.18859384 0.21555469 0.0021555469
0.18890305 0.21708898 0.0021708898
0.18921226 0.21140893 0.0021140893
0.18952148 0.20932859 0.0020932859
0.18983069 0.20760136 0.0020760136
0.1901399 0.20408494 0.0020408494
0.19044911 0.2010882 0.002010882
0.19075832 0.19963112 0.0019963112
0.19106752 0.19684935 0.0019684935
0.19137673 0.19655992 0.0019655992
0.19168593 0.19282007 0.0019282007
0.19199514 0.19049319 0.0019049319
0.19230434 0.18818915 0.0018818915
0.19261354 0.18841434 0.0018841434
0.19292274 0.18302156 0.0018302156
0.19323194 0.18056508 0.0018056508
0.19354114 0.18305908 0.0018305908
0.19385034 0.17676412 0.0017676412
0.19415954 0.17354431 0.0017354431
0.19446873 0.17318653 0.0017318653
0.19477793 0.17337546 0.0017337546
0.19508712 0.16814191 0.0016814191
0.19539631 0.16839442 0.0016839442
0.1957055 0.16272095 0.0016272095
0.19601469 0.16382004 0.0016382004
0.19632388 0.1588095 0.001588095
0.19663307 0.15738675 0.0015738675
0.19694226 0.1579588 0.001579588
0.19725144 0.15516106 0.0015516106
0.19756063 0.1511034 0.001511034
0.19786981 0.15312051 0.0015312051
0.19817899 0.15065558 0.0015065558
0.19848818 0.14697719 0.0014697719
0.19879736 0.14424784 0.0014424784
0.19910654 0.14168058 0.0014168058
0.19941572 0.13958417 0.0013958417
0.19972489 0.14231177 0.0014231177
0.20003407 0.13827112 0.0013827112
0.20034324 0.14040358 0.0014040358
0.20065242 0.13272793 0.0013272793
0.20096159 0.1316823 0.001316823
0.20127076 0.13085003 0.0013085003
0.20157993 0.12800212 0.0012800212
0.2018891 0.12809071 0.0012809071
0.20219827 0.12420298 0.0012420298
0.20250744 0.12138044 0.0012138044
0.20281661 0.1203119 0.001203119
0.20312577 0.11914795 0.0011914795
0.20343493 0.11808461 0.0011808461
0.2037441 0.11745385 0.0011745385
0.20405326 0.11470749 0.0011470749
0.20436242 0.11437458 0.0011437458
0.20467158 0.11099046 0.0011099046
0.20498074 0.11020805 0.0011020805
0.2052899 0.10925696 0.0010925696
0.20559905 0.10982583 0.0010982583
0.20590821 0.1078525 0.001078525
0.20621736 0.1037752 0.001037752
0.20652651 0.10384728 0.0010384728
0.20683567 0.09961786 0.0009961786
0.20714482 0.10191177 0.0010191177
0.20745397 0.10180637 0.0010180637
0.20776312 0.094775655 0.00094775655
0.20807226 0.095082621 0.00095082621
0.20838141 0.09723244 0.0009723244
0.20869055 0.096277854 0.00096277854
0.2089997 0.09015176 0.0009015176
0.20930884 0.090942915 0.00090942915
0.20961798 0.09089157 0.0009089157
0.20992712 0.090125251 0.00090125251
0.21023626 0.084800909 0.00084800909
0.2105454 0.084644345 0.00084644345
0.21085454 0.085492089 0.00085492089
0.21116367 0.083011547 0.00083011547
0.21147281 0.080844441 0.00080844441
0.21178194 0.080805658 0.00080805658
0.21209107 0.079818261 0.00079818261
0.21240021 0.075933774 0.00075933774
0.21270934 0.077067127 0.00077067127
0.21301846 0.07659368 0.0007659368
0.21332759 0.073823594 0.00073823594
0.21363672 0.075594342 0.00075594342
0.21394584 0.072778371 0.00072778371
0.21425497 0.070915747 0.00070915747
0.21456409 0.071204803 0.00071204803
0.21487321 0.071242035 0.00071242035
0.21518234 0.066753595 0.00066753595
0.21549145 0.065982456 0.00065982456
0.21580057 0.066279088 0.00066279088
0.21610969 0.064161459 0.00064161459
0.21641881 0.065777292 0.00065777292
0.21672792 0.063814293 0.00063814293
0.21703704 0.062909121 0.00062909121
0.21734615 0.060910137 0.00060910137
0.21765526 0.061739282 0.00061739282
0.21796437 0.061677397 0.00061677397
0.21827348 0.060703259 0.00060703259
0.21858259 0.058539032 0.00058539032
0.21889169 0.055138828 0.00055138828
0.2192008 0.058366617 0.00058366617
0.2195099 0.056402302 0.00056402302
0.21981901 0.054649751 0.00054649751
0.22012811 0.055346412 0.00055346412
0.22043721 0.051981808 0.00051981808
0.22074631 0.052505599 0.00052505599
0.22105541 0.052277735 0.00052277735
0.2213645 0.051357801 0.00051357801
0.2216736 0.04969224 0.0004969224
0.22198269 0.049323071 0.00049323071
0.22229179 0.049545994 0.00049545994
0.22260088 0.046714515 0.00046714515
0.22290997 0.046842997 0.00046842997
0.22321906 0.043789819 0.00043789819
0.22352815 0.048607794 0.00048607794
0.22383724 0.043682656 0.00043682656
0.22414632 0.044321688 0.00044321688
0.22445541 0.042358629 0.00042358629
0.22476449 0.042994258 0.00042994258
0.22507357 0.041522039 0.00041522039
0.22538265 0.042036827 0.00042036827
0.22569174 0.041456128 0.00041456128
0.22600081 0.039881801 0.00039881801
0.22630989 0.040406392 0.00040406392
0.22661897 0.039590791 0.00039590791
0.22692804 0.03852955 0.0003852955
0.22723712 0.033898774 0.00033898774
0.22754619 0.038495334 0.00038495334
0.22785526 0.037195869 0.00037195869
0.22816433 0.034512623 0.00034512623
0.2284734 0.036897127 0.00036897127
0.22878247 0.039824242 0.00039824242
0.22909153 0.035212 0.00035212
0.2294006 0.036249485 0.00036249485
0.22970966 0.032208458 0.00032208458
0.23001873 0.030751633 0.00030751633
0.23032779 0.030463304 0.00030463304
0.23063685 0.026034864 0.00026034864
0.23094591 0.030881057 0.00030881057
0.23125496 0.031908884 0.00031908884
0.23156402 0.030521833 0.00030521833
0.23187308 0.029551526 0.00029551526
0.23218213 0.029411322 0.00029411322
0.23249118 0.024089815 0.00024089815
0.23280023 0.028121146 0.00028121146
0.23310928 0.024869029 0.00024869029
0.23341833 0.025469227 0.00025469227
0.23372738 0.027081073 0.00027081073
0.23403643 0.025618388 0.00025618388
0.23434547 0.027588766 0.00027588766
0.23465451 0.026682192 0.00026682192
0.23496356 0.025018896 0.00025018896
0.2352726 0.023133428 0.00023133428
0.23558164 0.020298769 0.00020298769
0.23589068 0.025570666 0.00025570666
0.23619971 0.02226619 0.0002226619
0.23650875 0.021252184 0.00021252184
0.23681778 0.023425983 0.00023425983
0.23712682 0.019460317 0.00019460317
0.23743585 0.020507262 0.00020507262
0.23774488 0.022269911 0.00022269911
0.23805391 0.021419138 0.00021419138
0.23836294 0.021527821 0.00021527821
0.23867197 0.023847732 0.00023847732
0.23898099 0.017813165 0.00017813165
0.23929002 0.020596898 0.00020596898
0.23959904 0.020444667 0.00020444667
0.23990806 0.017621537 0.00017621537
0.24021708 0.019601624 0.00019601624
0.2405261 0.020001757 0.00020001757
0.24083512 0.022114979 0.00022114979
0.24114413 0.018638123 0.00018638123
0.24145315 0.01611161 0.0001611161
0.24176216 0.017224047 0.00017224047
0.24207118 0.016707915 0.00016707915
0.24238019 0.017178181 0.00017178181
0.2426892 0.019303692 0.00019303692
0.24299821 0.018115468 0.00018115468
0.24330721 0.018013674 0.00018013674
0.24361622 0.015198253 0.00015198253
0.24392522 0.018694969 0.00018694969
0.24423423 0.015908934 0.00015908934
0.24454323 0.017914324 0.00017914324
0.24485223 0.016203374 0.00016203374
0.24516123 0.01285612 0.0001285612
0.24547023 0.012185463 0.00012185463
0.24577922 0.015416677 0.00015416677
0.24608822 0.01326784 0.0001326784
0.24639721 0.017835866 0.00017835866
0.24670621 0.012449528 0.00012449528
0.2470152 0.012568907 0.00012568907
0.24732419 0.017743976 0.00017743976
0.24763318 0.01139746 0.0001139746
0.24794216 0.016588048 0.00016588048
0.24825115 0.014067797 0.00014067797
0.24856013 0.015967308 0.00015967308
0.24886912 0.014672868 0.00014672868
0.2491781 0.010004587 0.00010004587
0.24948708 0.014875558 0.00014875558
0.24979606 0.015871498 0.00015871498
0.25010504 0.010639271 0.00010639271
0.25041401 0.015507876 0.00015507876
0.25072299 0.011105492 0.00011105492
0.25103196 0.016034028 0.00016034028
0.25134093 0.012528214 0.00012528214
0.2516499 0.0090820327 9.0820327e-05
0.25195887 0.016157502 0.00016157502
0.25226784 0.012448095 0.00012448095
0.25257681 0.015457307 0.00015457307
0.25288577 0.00970586 9.70586e-05
0.25319474 0.010465336 0.00010465336
0.2535037 0.012577705 0.00012577705
0.25381266 0.011369029 0.00011369029
0.25412162 0.015998045 0.00015998045
0.25443058 0.011993408 0.00011993408
0.25473954 0.014616352 0.00014616352
0.25504849 0.012708245 0.00012708245
0.25535745 0.014860935 0.00014860935
0.2556664 0.012887218 0.00012887218
0.25597535 0.011342663 0.00011342663
0.2562843 0.012108069 0.00012108069
0.25659325 0.015814933 0.00015814933
0.2569022 0.011861056 0.00011861056
0.25721115 0.0091896786 9.1896786e-05
0.25752009 0.015166624 0.00015166624
0.25782903 0.011947004 0.00011947004
0.25813798 0.011856322 0.00011856322
0.25844692 0.011466256 0.00011466256
0.25875585 0.0131575 0.000131575
0.25906479 0.012131881 0.00012131881
0.25937373 0.013436005 0.00013436005
0.25968266 0.010756457 0.00010756457
0.2599916 0.011732216 0.00011732216
0.26030053 0.010310903 0.00010310903
0.26060946 0.013509764 0.00013509764
0.26091839 0.01203827 0.0001203827
0.26122732 0.015192129 0.00015192129
0.26153624 0.012433565 0.00012433565
0.26184517 0.014449559 0.00014449559
0.26215409 0.011672011 0.00011672011
0.26246301 0.01611931 0.0001611931
0.26277193 0.009719676 9.719676e-05
0.26308085 0.012446873 0.00012446873
0.26338977 0.014139041 0.00014139041
0.26369869 0.014922613 0.00014922613
0.2640076 0.016050907 0.00016050907
0.26431651 0.014507535 0.00014507535
0.26462543 0.014177985 0.00014177985
0.26493434 0.013639239 0.00013639239
0.26524325 0.013013253 0.00013013253
0.26555215 0.015152141 0.00015152141
0.26586106 0.010610179 0.00010610179
0.26616996 0.014848326 0.00014848326
0.26647887 0.015023744 0.00015023744
0.26678777 0.013758098 0.00013758098
0.26709667 0.011905796 0.00011905796
0.26740557 0.013753329 0.00013753329
0.26771447 0.0088421454 8.8421454e-05
0.26802336 0.015073238 0.00015073238
0.26833226 0.013985721 0.00013985721
0.26864115 0.014272992 0.00014272992
0.26895004 0.013479138 0.00013479138
0.26925893 0.015755836 0.00015755836
0.26956782 0.013028062 0.00013028062
0.26987671 0.014629557 0.00014629557
0.27018559 0.013933182 0.00013933182
0.27049448 0.013660887 0.00013660887
0.27080336 0.016837624 0.00016837624
0.27111224 0.013480304 0.00013480304
0.27142112 0.014086831 0.00014086831
0.27173 0.013444049 0.00013444049
0.27203888 0.012786475 0.00012786475
0.27234775 0.014160949 0.00014160949
0.27265663 0.016773118 0.00016773118
0.2729655 0.017824025 0.00017824025
0.27327437 0.014771335 0.00014771335
0.27358324 0.014400855 0.00014400855
0.27389211 0.01429043 0.0001429043
0.27420098 0.01633224 0.0001633224
0.27450984 0.015683632 0.00015683632
0.2748187 0.016371883 0.00016371883
0.27512757 0.012978936 0.00012978936
0.27543643 0.017670831 0.00017670831
0.27574529 0.015819133 0.00015819133
0.27605414 0.016013834 0.00016013834
0.276363 0.011395156 0.00011395156
0.27667185 0.015332383 0.00015332383
0.27698071 0.015284383 0.00015284383
0.27728956 0.014610463 0.00014610463
0.27759841 0.014421097 0.00014421097
0.27790726 0.016852328 0.00016852328
0.2782161 0.018729138 0.00018729138
0.27852495 0.017005178 0.00017005178
0.27883379 0.016063833 0.00016063833
0.27914264 0.01374686 0.0001374686
0.27945148 0.017029779 0.00017029779
0.27976032 0.017356066 0.00017356066
0.28006915 0.022925894 0.00022925894
0.28037799 0.015256813 0.00015256813
0.28068683 0.019581542 0.00019581542
0.28099566 0.018455796 0.00018455796
0.28130449 0.015309936 0.00015309936
0.28161332 0.017994208 0.00017994208
0.28192215 0.017588091 0.00017588091
0.28223098 0.016793802 0.00016793802
0.2825398 0.017489078 0.00017489078
0.28284863 0.019900116 0.00019900116
0.28315745 0.021425575 0.00021425575
0.28346627 0.018521647 0.00018521647
0.28377509 0.018499838 0.00018499838
0.28408391 0.015601805 0.00015601805
0.28439272 0.014489212 0.00014489212
0.28470154 0.015790336 0.00015790336
0.28501035 0.020976377 0.00020976377
0.28531916 0.016455484 0.00016455484
0.28562797 0.017305166 0.00017305166
0.28593678 0.017288141 0.00017288141
0.28624559 0.015586458 0.00015586458
0.2865544 0.022251396 0.00022251396
0.2868632 0.014424039 0.00014424039
0.287172 0.016396336 0.00016396336
0.2874808 0.019075327 0.00019075327
0.2877896 0.021180239 0.00021180239
0.2880984 0.019660886 0.00019660886
0.2884072 0.018751805 0.00018751805
0.28871599 0.021728242 0.00021728242
0.28902478 0.020231657 0.00020231657
0.28933358 0.020283289 0.00020283289
0.28964237 0.020474899 0.00020474899
0.28995115 0.02 0.0002
0.29025994 0.020506705 0.00020506705
0.29056873 0.020314343 0.00020314343
0.29087751 0.01896021 0.0001896021
0.29118629 0.026684997 0.00026684997
0.29149507 0.025444951 0.00025444951
0.29180385 0.020368937 0.00020368937
0.29211263 0.019134229 0.00019134229
0.2924214 0.020816247 0.00020816247
0.29273018 0.02082001 0.0002082001
0.29303895 0.022623176 0.00022623176
0.29334772 0.020538906 0.00020538906
0.29365649 0.018613736 0.00018613736
0.29396526 0.023078956 0.00023078956
0.29427402 0.019315324 0.00019315324
0.29458279 0.02150739 0.0002150739
0.29489155 0.021816116 0.00021816116
0.29520031 0.022201122 0.00022201122
0.29550907 0.019641773 0.00019641773
0.29581783 0.02256069 0.0002256069
0.29612659 0.02435674 0.0002435674
0.29643534 0.027103486 0.00027103486
0.2967441 0.026846192 0.00026846192
0.29705285 0.017516205 0.00017516205
0.2973616 0.02346121 0.0002346121
0.29767035 0.020502901 0.00020502901
0.29797909 0.019731859 0.00019731859
0.29828784 0.021633218 0.00021633218
0.29859658 0.016974911 0.00016974911
0.29890532 0.01687997 0.0001687997
0.29921406 0.02567519 0.0002567519
0.2995228 0.023374654 0.00023374654
0.29983154 0.021504285 0.00021504285
