0.010027023 0.01347795 0.0001347795
0.010059664 0.023799228 0.00023799228
0.010268595 0.093963138 0.00093963138
0.010369191 0.1275639 0.001275639
0.010515988 0.17318379 0.0017318379
0.010678719 0.22334394 0.0022334394
0.010769341 0.24960825 0.0024960825
0.010988246 0.31357367 0.0031357367
0.011028797 0.3318749 0.003318749
0.011294505 0.457615 0.00457615
0.011297773 0.45908135 0.0045908135
0.011566613 0.53882358 0.0053882358
0.0116073 0.55024556 0.0055024556
0.011845278 0.59141127 0.0059141127
0.011916828 0.60445422 0.0060445422
0.012130656 0.66386147 0.0066386147
0.012226355 0.69054965 0.0069054965
0.01242291 0.73953637 0.0073953637
0.012535882 0.76620232 0.0076620232
0.012722205 0.78958523 0.0078958523
0.012845409 0.80494983 0.0080494983
0.01302871 0.83930408 0.0083930408
0.013154936 0.86453253 0.0086453253
0.0133426 0.91720021 0.0091720021
0.013464463 0.95274069 0.0095274069
0.013664051 1.0217434 0.010217434
0.013773989 1.055193 0.01055193
0.013993248 1.0337978 0.010337978
0.014083516 1.0248422 0.010248422
0.014330375 1.042037 0.01042037
0.014393043 1.0477357 0.010477357
0.014675625 1.1014943 0.011014943
0.014702569 1.1063894 0.011063894
0.015012096 1.1387065 0.011387065
0.015029192 1.1413242 0.011413242
0.015321622 1.1861158 0.011861158
0.015391278 1.1823069 0.011823069
0.015631148 1.1657735 0.011657735
0.015762087 1.1868882 0.011868882
0.015940675 1.2208057 0.012208057
0.01614183 1.2679949 0.012679949
0.016250201 1.291169 0.01291169
0.016530721 1.2946356 0.012946356
0.016559727 1.2950391 0.012950391
0.016869253 1.3299383 0.013299383
0.016928982 1.325969 0.01325969
0.017178779 1.304125 0.01304125
0.017336837 1.2986763 0.012986763
0.017488304 1.2997421 0.012997421
0.017754519 1.391282 0.01391282
0.01779783 1.4044192 0.014044192
0.018107355 1.3555358 0.013555358
0.018182263 1.3651221 0.013651221
0.018416881 1.401595 0.01401595
0.018620313 1.4225433 0.014225433
0.018726406 1.4318819 0.014318819
0.019035932 1.430769 0.01430769
0.019068917 1.4342916 0.014342916
0.019345457 1.4649727 0.014649727
0.019528328 1.459864 0.01459864
0.019654982 1.4559514 0.014559514
0.019964507 1.4774402 0.014774402
0.019998807 1.4760577 0.014760577
0.020274032 1.4639252 0.014639252
0.020480622 1.4800512 0.014800512
0.020583556 1.4889102 0.014889102
0.020893081 1.5127935 0.015127935
0.020974044 1.5115475 0.015115475
0.021202605 1.5040592 0.015040592
0.021479354 1.4826442 0.014826442
0.02151213 1.480679 0.01480679
0.021821654 1.5181505 0.015181505
0.021996838 1.5158565 0.015158565
0.022131178 1.5157187 0.015157187
0.022440702 1.5805291 0.015805291
0.022526789 1.5946151 0.015946151
0.022750226 1.6319598 0.016319598
0.02305975 1.6876669 0.016876669
0.023069508 1.6882752 0.016882752
0.023369274 1.6996459 0.016996459
0.023625302 1.6898266 0.016898266
0.023678797 1.6882505 0.016882505
0.023988321 1.7029308 0.017029308
0.024194486 1.7267052 0.017267052
0.024297844 1.7383961 0.017383961
0.024607367 1.7461451 0.017461451
0.024777383 1.7553812 0.017553812
0.02491689 1.7611054 0.017611054
0.025226413 1.7183046 0.017183046
0.025374324 1.7293191 0.017293191
0.025535936 1.7427469 0.017427469
0.025845458 1.7321433 0.017321433
0.025985646 1.739315 0.01739315
0.026154981 1.747463 0.01747463
0.026464503 1.7240703 0.017240703
0.026611696 1.7364332 0.017364332
0.026774025 1.7503584 0.017503584
0.027083547 1.746709 0.01746709
0.027252829 1.74139 0.0174139
0.027393069 1.7357808 0.017357808
0.027702591 1.7043732 0.017043732
0.027909409 1.7071301 0.017071301
0.028012112 1.7082421 0.017082421
0.028321634 1.6795483 0.016795483
0.028581806 1.6603111 0.016603111
0.028631155 1.6568863 0.016568863
0.028940676 1.6300853 0.016300853
0.029250197 1.6356779 0.016356779
0.029270403 1.6343795 0.016343795
0.029559718 1.6155742 0.016155742
0.029869238 1.6133076 0.016133076
0.02997559 1.6038885 0.016038885
0.030178759 1.5870063 0.015870063
0.030488279 1.58888 0.0158888
0.030697767 1.6002746 0.016002746
0.030797799 1.6053908 0.016053908
0.031107319 1.5779724 0.015779724
0.031416839 1.5793806 0.015793806
0.031437342 1.5797339 0.015797339
0.031726359 1.5858314 0.015858314
0.032035878 1.5712937 0.015712937
0.032194735 1.5792591 0.015792591
0.032345397 1.586514 0.01586514
0.032654916 1.5746656 0.015746656
0.032964435 1.5683803 0.015683803
0.032970376 1.5680783 0.015680783
0.033273954 1.5530066 0.015530066
0.033583473 1.552523 0.01552523
0.033764703 1.5630069 0.015630069
0.033892991 1.5704264 0.015704264
0.034202509 1.5556832 0.015556832
0.034512027 1.5585923 0.015585923
0.034578168 1.5576928 0.015576928
0.034821545 1.5542188 0.015542188
0.035131063 1.5566101 0.015566101
0.03541123 1.5486662 0.015486662
0.03544058 1.5479103 0.015479103
0.035750097 1.5487991 0.015487991
0.036059614 1.545455 0.01545455
0.036264363 1.5544832 0.015544832
0.036369131 1.5587646 0.015587646
0.036678648 1.5394157 0.015394157
0.036988164 1.5401976 0.015401976
0.037138049 1.5408326 0.015408326
0.03729768 1.5419844 0.015419844
0.037607196 1.5489019 0.015489019
0.037916712 1.5436756 0.015436756
0.038032785 1.5455318 0.015455318
0.038226228 1.5487647 0.015487647
0.038535743 1.5417267 0.015417267
0.038845259 1.562345 0.01562345
0.038949077 1.5549023 0.015549023
0.039154774 1.5394267 0.015394267
0.039464288 1.5408969 0.015408969
0.039773803 1.5453598 0.015453598
0.039887444 1.541327 0.01541327
0.040083317 1.5341554 0.015341554
0.040392831 1.5297947 0.015297947
0.040702345 1.5215233 0.015215233
0.040848418 1.5199039 0.015199039
0.041011859 1.518453 0.01518453
0.041321372 1.5221467 0.015221467
0.041630886 1.5153875 0.015153875
0.041832544 1.5130979 0.015130979
0.041940399 1.5117621 0.015117621
0.042249911 1.5108209 0.015108209
0.042559424 1.5013822 0.015013822
0.04284038 1.4987835 0.014987835
0.042868936 1.4985444 0.014985444
0.043178448 1.4933637 0.014933637
0.04348796 1.4873275 0.014873275
0.043797472 1.489114 0.01489114
0.043872497 1.4904934 0.014904934
0.044106983 1.4944401 0.014944401
0.044416494 1.47317 0.0147317
0.044726005 1.4678788 0.014678788
0.04492948 1.470524 0.01470524
0.045035516 1.4719418 0.014719418
0.045345026 1.4704447 0.014704447
0.045654536 1.454172 0.01454172
0.045964046 1.4541966 0.014541966
0.046011928 1.4529783 0.014529783
0.046273556 1.445907 0.01445907
0.046583065 1.4320518 0.014320518
0.046892575 1.4284953 0.014284953
0.047120454 1.4225295 0.014225295
0.047202083 1.4207172 0.014207172
0.047511592 1.424757 0.01424757
0.0478211 1.4253817 0.014253817
0.048130609 1.4259502 0.014259502
0.048255688 1.4229477 0.014229477
0.048440116 1.4179386 0.014179386
0.048749624 1.4144513 0.014144513
0.049059131 1.4153804 0.014153804
0.049368638 1.3964225 0.013964225
0.049418271 1.3978808 0.013978808
0.049678145 1.4062844 0.014062844
0.049987652 1.3941814 0.013941814
0.050297158 1.3921478 0.013921478
0.050606664 1.3966758 0.013966758
0.050608864 1.3966133 0.013966133
0.05091617 1.3872263 0.013872263
0.051225675 1.3883111 0.013883111
0.05153518 1.3891031 0.013891031
0.05182814 1.3774307 0.013774307
0.051844685 1.3767763 0.013767763
0.05215419 1.3708531 0.013708531
0.052463694 1.3682296 0.013682296
0.052773198 1.370154 0.01370154
0.053076791 1.360303 0.01360303
0.053082702 1.3601153 0.013601153
0.053392205 1.3623265 0.013623265
0.053701708 1.3494436 0.013494436
0.054011211 1.3549368 0.013549368
0.054320713 1.3499558 0.013499558
0.054355526 1.3489341 0.013489341
0.054630216 1.3408667 0.013408667
0.054939718 1.3399539 0.013399539
0.055249219 1.3366845 0.013366845
0.055558721 1.341786 0.01341786
0.055665067 1.3370888 0.013370888
0.055868222 1.3279693 0.013279693
0.056177722 1.3282851 0.013282851
0.056487223 1.317947 0.01317947
0.056796723 1.3205002 0.013205002
0.057006158 1.3181623 0.013181623
0.057106223 1.3169955 0.013169955
0.057415722 1.3050836 0.013050836
0.057725221 1.3045437 0.013045437
0.05803472 1.2912928 0.012912928
0.058344219 1.2946874 0.012946874
0.058379559 1.2940389 0.012940389
0.058653717 1.2893422 0.012893422
0.058963215 1.2837906 0.012837906
0.059272713 1.2821694 0.012821694
0.05958221 1.2801135 0.012801135
0.059786049 1.2812858 0.012812858
0.059891707 1.2818359 0.012818359
0.060201203 1.2674483 0.012674483
0.0605107 1.2732481 0.012732481
0.060820196 1.2624872 0.012624872
0.061129691 1.2628098 0.012628098
0.061226423 1.2627168 0.012627168
0.061439187 1.2625026 0.012625026
0.061748681 1.2587599 0.012587599
0.062058176 1.251291 0.01251291
0.06236767 1.2465174 0.012465174
0.062677164 1.2440759 0.012440759
0.0627015 1.2433879 0.012433879
0.062986658 1.2352649 0.012352649
0.063296151 1.2352921 0.012352921
0.063605644 1.2307383 0.012307383
0.063915137 1.2215125 0.012215125
0.064212114 1.2210828 0.012210828
0.064224629 1.2210657 0.012210657
0.064534121 1.2229211 0.012229211
0.064843612 1.2133044 0.012133044
0.065153103 1.2098142 0.012098142
0.065462594 1.2042736 0.012042736
0.065759122 1.1992463 0.011992463
0.065772085 1.1990317 0.011990317
0.066081575 1.1980012 0.011980012
0.066391064 1.1975352 0.011975352
0.066700554 1.1897772 0.011897772
0.067010043 1.1862658 0.011862658
0.067319531 1.1817344 0.011817344
0.0673434 1.1811804 0.011811804
0.06762902 1.174472 0.01174472
0.067938508 1.1684705 0.011684705
0.068247995 1.16951 0.0116951
0.068557482 1.1684103 0.011684103
0.068866969 1.1604903 0.011604903
0.068965848 1.159471 0.01159471
0.069176455 1.1572671 0.011572671
0.069485941 1.1535335 0.011535335
0.069795427 1.1467939 0.011467939
0.070104912 1.1420731 0.011420731
0.070414397 1.1396752 0.011396752
0.070627384 1.1354455 0.011354455
0.070723882 1.1335231 0.011335231
0.071033366 1.1247552 0.011247552
0.07134285 1.1229575 0.011229575
0.071652333 1.1161122 0.011161122
0.071961816 1.1126507 0.011126507
0.072271298 1.1112618 0.011112618
0.072328949 1.1101404 0.011101404
0.07258078 1.1052896 0.011052896
0.072890262 1.109004 0.01109004
0.073199744 1.0985254 0.010985254
0.073509225 1.0927766 0.010927766
0.073818705 1.092963 0.01092963
0.074071509 1.0864663 0.010864663
0.074128185 1.085006 0.01085006
0.074437665 1.0748134 0.010748134
0.074747144 1.0769583 0.010769583
0.075056623 1.0735961 0.010735961
0.075366102 1.0671255 0.010671255
0.07567558 1.0623047 0.010623047
0.075856051 1.0613401 0.010613401
0.075985058 1.0606752 0.010606752
0.076294535 1.0515878 0.010515878
0.076604012 1.0507022 0.010507022
0.076913488 1.0459051 0.010459051
0.077222964 1.0419479 0.010419479
0.07753244 1.0386299 0.010386299
0.077683587 1.0381557 0.010381557
0.077841915 1.0376198 0.010376198
0.07815139 1.025411 0.01025411
0.078460864 1.0258073 0.010258073
0.078770338 1.019788 0.01019788
0.079079812 1.0192868 0.010192868
0.079389285 1.0135991 0.010135991
0.079555152 1.011113 0.01011113
0.079698757 1.0089363 0.010089363
0.080008229 1.0045258 0.010045258
0.080317701 0.99717296 0.0099717296
0.080627172 0.99402398 0.0099402398
0.080936643 0.9880052 0.009880052
0.081246114 0.98191133 0.0098191133
0.081471807 0.98114257 0.0098114257
0.081555584 0.98087918 0.0098087918
0.081865053 0.97883824 0.0097883824
0.082174522 0.97520184 0.0097520184
0.082483991 0.97245731 0.0097245731
0.082793459 0.96886176 0.0096886176
0.083102927 0.96653583 0.0096653583
0.083412394 0.9542831 0.009542831
0.083434638 0.95404363 0.0095404363
0.083721861 0.95102881 0.0095102881
0.084031327 0.95119483 0.0095119483
0.084340793 0.9444269 0.009444269
0.084650259 0.94238319 0.0094238319
0.084959724 0.93780532 0.0093780532
0.085269188 0.93281649 0.0093281649
0.085444758 0.93012803 0.0093012803
0.085578652 0.92807388 0.0092807388
0.085888116 0.92617517 0.0092617517
0.086197579 0.91788005 0.0091788005
0.086507042 0.91544223 0.0091544223
0.086816504 0.91045197 0.0091045197
0.087125966 0.90726412 0.0090726412
0.087435427 0.90542885 0.0090542885
0.087503306 0.90520818 0.0090520818
0.087744888 0.90439886 0.0090439886
0.088054348 0.89693504 0.0089693504
0.088363808 0.89536462 0.0089536462
0.088673267 0.88691131 0.0088691131
0.088982726 0.88927412 0.0088927412
0.089292184 0.88049082 0.0088049082
0.089601642 0.87841687 0.0087841687
0.089611449 0.8781723 0.008781723
0.089911099 0.87076356 0.0087076356
0.090220556 0.86842349 0.0086842349
0.090530013 0.86948648 0.0086948648
0.090839469 0.86085017 0.0086085017
0.091148924 0.85957471 0.0085957471
0.091458379 0.85031839 0.0085031839
0.091767833 0.85376899 0.0085376899
0.091770381 0.85371583 0.0085371583
0.092077287 0.8471506 0.008471506
0.092386741 0.84326691 0.0084326691
0.092696194 0.84063968 0.0084063968
0.093005646 0.83409089 0.0083409089
0.093315098 0.8315412 0.008315412
0.093624549 0.82570559 0.0082570559
0.093934 0.82074066 0.0082074066
0.093981327 0.8204713 0.008204713
0.09424345 0.81909091 0.0081909091
0.0945529 0.81139506 0.0081139506
0.09486235 0.81414591 0.0081414591
0.095171798 0.80749671 0.0080749671
0.095481247 0.80347777 0.0080347777
0.095790694 0.80080977 0.0080080977
0.096100142 0.79603573 0.0079603573
0.09624554 0.7931772 0.007931772
0.096409588 0.78995939 0.0078995939
0.096719035 0.78734052 0.0078734052
0.09702848 0.78055359 0.0078055359
0.097337925 0.77889513 0.0077889513
0.09764737 0.77485697 0.0077485697
0.097956814 0.77084579 0.0077084579
0.098266257 0.76800088 0.0076800088
0.098564302 0.76589841 0.0076589841
0.0985757 0.76581698 0.0076581698
0.098885143 0.75752485 0.0075752485
0.099194585 0.76040791 0.0076040791
0.099504026 0.75245433 0.0075245433
0.099813467 0.74790547 0.0074790547
0.10012291 0.74809493 0.0074809493
0.10043235 0.74265171 0.0074265171
0.10074179 0.73654568 0.0073654568
0.10093893 0.73645267 0.0073645267
0.10105122 0.73639729 0.0073639729
0.10136066 0.72853342 0.0072853342
0.1016701 0.72819669 0.0072819669
0.10197954 0.72487689 0.0072487689
0.10228897 0.71773342 0.0071773342
0.10259841 0.71896175 0.0071896175
0.10290785 0.71072022 0.0071072022
0.10321728 0.70833268 0.0070833268
0.10337076 0.70599511 0.0070599511
0.10352671 0.70363709 0.0070363709
0.10383615 0.70128635 0.0070128635
0.10414558 0.6919409 0.006919409
0.10445501 0.69128052 0.0069128052
0.10476445 0.68888566 0.0068888566
0.10507388 0.68864959 0.0068864959
0.10538331 0.68286597 0.0068286597
0.10569274 0.67767564 0.0067767564
0.10586119 0.6766754 0.006766754
0.10600217 0.67581367 0.0067581367
0.1063116 0.67267378 0.0067267378
0.10662102 0.66617495 0.0066617495
0.10693045 0.66032615 0.0066032615
0.10723988 0.65938595 0.0065938595
0.10754931 0.65389859 0.0065389859
0.10785873 0.64937282 0.0064937282
0.10816816 0.64409527 0.0064409527
0.10841161 0.64353345 0.0064353345
0.10847758 0.64339413 0.0064339413
0.10878701 0.63945563 0.0063945563
0.10909643 0.63865128 0.0063865128
0.10940585 0.63683652 0.0063683652
0.10971528 0.63312332 0.0063312332
0.1100247 0.62565006 0.0062565006
0.11033412 0.62467525 0.0062467525
0.11064354 0.6216221 0.006216221
0.11095296 0.61327396 0.0061327396
0.11102348 0.61318052 0.0061318052
0.11126238 0.61295228 0.0061295228
0.1115718 0.61039273 0.0061039273
0.11188122 0.60768604 0.0060768604
0.11219064 0.6042448 0.006042448
0.11250005 0.60776076 0.0060776076
0.11280947 0.61714734 0.0061714734
0.11311889 0.61697251 0.0061697251
0.1134283 0.5963962 0.005963962
0.11369828 0.58894256 0.0058894256
0.11373772 0.58784018 0.0058784018
0.11404713 0.58325885 0.0058325885
0.11435654 0.58191776 0.0058191776
0.11466596 0.57777491 0.0057777491
0.11497537 0.57524656 0.0057524656
0.11528478 0.57437604 0.0057437604
0.11559419 0.57057016 0.0057057016
0.1159036 0.5642519 0.005642519
0.11621301 0.55989817 0.0055989817
0.11643751 0.55769793 0.0055769793
0.11652242 0.55688804 0.0055688804
0.11683183 0.55486407 0.0055486407
0.11714124 0.54796566 0.0054796566
0.11745064 0.54691246 0.0054691246
0.11776005 0.54660961 0.0054660961
0.11806945 0.54409964 0.0054409964
0.11837886 0.53879323 0.0053879323
0.11868826 0.538301 0.00538301
0.11899767 0.53460132 0.0053460132
0.11924274 0.53078366 0.0053078366
0.11930707 0.52978037 0.0052978037
0.11961647 0.52800228 0.0052800228
0.11992588 0.52006848 0.0052006848
0.12023528 0.52006114 0.0052006114
0.12054468 0.51483382 0.0051483382
0.12085408 0.51352326 0.0051352326
0.12116348 0.5071771 0.005071771
0.12147288 0.50370998 0.0050370998
0.12178227 0.50503992 0.0050503992
0.12209167 0.50340006 0.0050340006
0.12211556 0.50286258 0.0050286258
0.12240107 0.49641188 0.0049641188
0.12271046 0.49414625 0.0049414625
0.12301986 0.49195175 0.0049195175
0.12332925 0.48797372 0.0048797372
0.12363865 0.48864976 0.0048864976
0.12394804 0.48455581 0.0048455581
0.12425743 0.48011492 0.0048011492
0.12456683 0.47444845 0.0047444845
0.12487622 0.4751255 0.004751255
0.12505758 0.47238742 0.0047238742
0.12518561 0.47047148 0.0047047148
0.125495 0.46957523 0.0046957523
0.12580439 0.46842812 0.0046842812
0.12611377 0.46423383 0.0046423383
0.12642316 0.45891539 0.0045891539
0.12673255 0.45952976 0.0045952976
0.12704194 0.45387655 0.0045387655
0.12735132 0.45113614 0.0045113614
0.12766071 0.45068662 0.0045068662
0.12797009 0.44493665 0.0044493665
0.12807049 0.4439089 0.004439089
0.12827947 0.44178017 0.0044178017
0.12858886 0.44046899 0.0044046899
0.12889824 0.43872343 0.0043872343
0.12920762 0.43442524 0.0043442524
0.129517 0.43158874 0.0043158874
0.12982638 0.42981021 0.0042981021
0.13013576 0.42531653 0.0042531653
0.13044514 0.42455048 0.0042455048
0.13075452 0.42036712 0.0042036712
0.1310639 0.4170791 0.004170791
0.13115598 0.41584159 0.0041584159
0.13137327 0.41292178 0.0041292178
0.13168265 0.41188902 0.0041188902
0.13199202 0.40739639 0.0040739639
0.1323014 0.40769667 0.0040769667
0.13261077 0.40262196 0.0040262196
0.13292015 0.40145628 0.0040145628
0.13322952 0.39640925 0.0039640925
0.13353889 0.39430731 0.0039430731
0.13384826 0.38902336 0.0038902336
0.13415763 0.38748191 0.0038748191
0.13431581 0.3871648 0.003871648
0.134467 0.38686608 0.0038686608
0.13477637 0.38045939 0.0038045939
0.13508574 0.38022698 0.0038022698
0.1353951 0.37910212 0.0037910212
0.13570447 0.37778674 0.0037778674
0.13601383 0.37289849 0.0037289849
0.1363232 0.36767586 0.0036767586
0.13663256 0.36882626 0.0036882626
0.13694193 0.36640534 0.0036640534
0.13725129 0.36418241 0.0036418241
0.13755177 0.3583871 0.003583871
0.13756065 0.35821953 0.0035821953
0.13787001 0.3599258 0.003599258
0.13817937 0.35503025 0.0035503025
0.13848873 0.3534757 0.003534757
0.13879809 0.35553282 0.0035553282
0.13910745 0.35275238 0.0035275238
0.13941681 0.35178428 0.0035178428
0.13972616 0.34644059 0.0034644059
0.14003552 0.34199899 0.0034199899
0.14034488 0.34307405 0.0034307405
0.14065423 0.33995342 0.0033995342
0.14086569 0.33856506 0.0033856506
0.14096358 0.3379011 0.003379011
0.14127294 0.33494903 0.0033494903
0.14158229 0.33355626 0.0033355626
0.14189164 0.33007149 0.0033007149
0.14220099 0.32768462 0.0032768462
0.14251034 0.32583321 0.0032583321
0.14281969 0.32200327 0.0032200327
0.14312904 0.32020647 0.0032020647
0.14343838 0.31830817 0.0031830817
0.14374773 0.31515447 0.0031515447
0.14405708 0.31470031 0.0031470031
0.14425945 0.31313805 0.0031313805
0.14436642 0.31232228 0.0031232228
0.14467577 0.3074799 0.003074799
0.14498511 0.30485183 0.0030485183
0.14529445 0.30542549 0.0030542549
0.14560379 0.30283481 0.0030283481
0.14591314 0.29687469 0.0029687469
0.14622248 0.30105901 0.0030105901
0.14653182 0.29840635 0.0029840635
0.14684115 0.29299393 0.0029299393
0.14715049 0.29557901 0.0029557901
0.14745983 0.29045529 0.0029045529
0.14773497 0.28934366 0.0028934366
0.14776917 0.28920484 0.0028920484
0.1480785 0.28550617 0.0028550617
0.14838784 0.28568802 0.0028568802
0.14869717 0.28243289 0.0028243289
0.1490065 0.27881808 0.0027881808
0.14931583 0.27871313 0.0027871313
0.14962517 0.27685237 0.0027685237
0.1499345 0.2728335 0.002728335
0.15024383 0.27356479 0.0027356479
0.15055316 0.27150426 0.0027150426
0.15086248 0.26939622 0.0026939622
0.15117181 0.26526893 0.0026526893
0.15129422 0.26453174 0.0026453174
0.15148114 0.26344656 0.0026344656
0.15179046 0.26181653 0.0026181653
0.15209979 0.2575934 0.002575934
0.15240911 0.2577659 0.002577659
0.15271844 0.25730889 0.0025730889
0.15302776 0.25699708 0.0025699708
0.15333708 0.25156603 0.0025156603
0.1536464 0.25156124 0.0025156124
0.15395572 0.24817211 0.0024817211
0.15426504 0.24743827 0.0024743827
0.15457436 0.24614898 0.0024614898
0.15488367 0.24455766 0.0024455766
0.15493922 0.24463509 0.0024463509
0.15519299 0.24496683 0.0024496683
0.15550231 0.2411655 0.002411655
0.15581162 0.23742949 0.0023742949
0.15612093 0.23335598 0.0023335598
0.15643025 0.23347846 0.0023347846
0.15673956 0.22993019 0.0022993019
0.15704887 0.22921153 0.0022921153
0.15735818 0.22961687 0.0022961687
0.15766749 0.225062 0.00225062
0.1579768 0.22535475 0.0022535475
0.15828611 0.22413666 0.0022413666
0.15859542 0.22296755 0.0022296755
0.15867204 0.22200094 0.0022200094
0.15890472 0.21909204 0.0021909204
0.15921403 0.22188898 0.0022188898
0.15952333 0.22368197 0.0022368197
0.15983264 0.23503602 0.0023503602
0.16014194 0.23582292 0.0023582292
0.16045124 0.23092758 0.0023092758
0.16076054 0.21727719 0.0021727719
0.16106984 0.21181985 0.0021181985
0.16137914 0.20970885 0.0020970885
0.16168844 0.20785079 0.0020785079
0.16199774 0.20364581 0.0020364581
0.16230703 0.20116982 0.0020116982
0.16249479 0.20183145 0.0020183145
0.16261633 0.20226934 0.0020226934
0.16292562 0.19851827 0.0019851827
0.16323492 0.19633207 0.0019633207
0.16354421 0.19471557 0.0019471557
0.1638535 0.1954262 0.001954262
0.16416279 0.19432315 0.0019432315
0.16447208 0.19458588 0.0019458588
0.16478137 0.19194528 0.0019194528
0.16509066 0.1874122 0.001874122
0.16539995 0.18837422 0.0018837422
0.16570924 0.18555506 0.0018555506
0.16601852 0.18549198 0.0018549198
0.16632781 0.18418521 0.0018418521
0.16640964 0.18335315 0.0018335315
0.16663709 0.18103608 0.0018103608
0.16694637 0.18024093 0.0018024093
0.16725566 0.17820848 0.0017820848
0.16756494 0.17620351 0.0017620351
0.16787422 0.17549344 0.0017549344
0.1681835 0.17406902 0.0017406902
0.16849278 0.17278292 0.0017278292
0.16880205 0.17173189 0.0017173189
0.16911133 0.17090732 0.0017090732
0.16942061 0.16887634 0.0016887634
0.16972988 0.16598433 0.0016598433
0.17003916 0.16571892 0.0016571892
0.17034843 0.16473354 0.0016473354
0.17041881 0.1638612 0.001638612
0.1706577 0.16091502 0.0016091502
0.17096697 0.16265711 0.0016265711
0.17127624 0.16077718 0.0016077718
0.17158551 0.15772109 0.0015772109
0.17189478 0.15690365 0.0015690365
0.17220405 0.15676994 0.0015676994
0.17251331 0.15258688 0.0015258688
0.17282258 0.15301263 0.0015301263
0.17313184 0.15135659 0.0015135659
0.17344111 0.15159698 0.0015159698
0.17375037 0.15010133 0.0015010133
0.17405963 0.14897866 0.0014897866
0.17436889 0.1469727 0.001469727
0.17452457 0.14567366 0.0014567366
0.17467815 0.14498406 0.0014498406
0.17498741 0.14796831 0.0014796831
0.17529667 0.14792519 0.0014792519
0.17560593 0.1464037 0.001464037
0.17591518 0.14788618 0.0014788618
0.17622444 0.14280573 0.0014280573
0.17653369 0.14594053 0.0014594053
0.17684295 0.14463399 0.0014463399
0.1771522 0.14489409 0.0014489409
0.17746145 0.14531036 0.0014531036
0.1777707 0.14743756 0.0014743756
0.17807995 0.14635279 0.0014635279
0.1783892 0.20702113 0.0020702113
0.17869844 0.24481502 0.0024481502
0.17872924 0.24089646 0.0024089646
0.17900769 0.20344006 0.0020344006
0.17931694 0.17352987 0.0017352987
0.17962618 0.14479081 0.0014479081
0.17993542 0.13716642 0.0013716642
0.18024467 0.13758616 0.0013758616
0.18055391 0.13419341 0.0013419341
0.18086315 0.13169179 0.0013169179
0.18117239 0.12975495 0.0012975495
0.18148163 0.12721585 0.0012721585
0.18179086 0.12416229 0.0012416229
0.1821001 0.12317758 0.0012317758
0.18240934 0.12309237 0.0012309237
0.18271857 0.12122385 0.0012122385
0.1830278 0.11812009 0.0011812009
0.18303521 0.11816797 0.0011816797
0.18333704 0.12118662 0.0012118662
0.18364627 0.12305236 0.0012305236
0.1839555 0.11746961 0.0011746961
0.18426473 0.11386871 0.0011386871
0.18457396 0.11357791 0.0011357791
0.18488318 0.11009706 0.0011009706
0.18519241 0.10647015 0.0010647015
0.18550164 0.11034122 0.0011034122
0.18581086 0.1079681 0.001079681
0.18612009 0.10811573 0.0010811573
0.18642931 0.10568676 0.0010568676
0.18673853 0.10404186 0.0010404186
0.18704775 0.10196012 0.0010196012
0.18735697 0.1022046 0.001022046
0.18744492 0.10203913 0.0010203913
0.18766619 0.10164444 0.0010164444
0.1879754 0.099911791 0.00099911791
0.18828462 0.10059754 0.0010059754
0.18859384 0.097744892 0.00097744892
0.18890305 0.09811311 0.0009811311
0.18921226 0.096546266 0.00096546266
0.18952148 0.095261225 0.00095261225
0.18983069 0.094297477 0.00094297477
0.1901399 0.092352017 0.00092352017
0.19044911 0.095087008 0.00095087008
0.19075832 0.091769549 0.00091769549
0.19106752 0.092078442 0.00092078442
0.19137673 0.091675106 0.00091675106
0.19168593 0.089467853 0.00089467853
0.19196087 0.088644017 0.00088644017
0.19199514 0.088546251 0.00088546251
0.19230434 0.091151449 0.00091151449
0.19261354 0.089510041 0.00089510041
0.19292274 0.084856721 0.00084856721
0.19323194 0.085088483 0.00085088483
0.19354114 0.085437326 0.00085437326
0.19385034 0.085234976 0.00085234976
0.19415954 0.083664208 0.00083664208
0.19446873 0.081912268 0.00081912268
0.19477793 0.081327696 0.00081327696
0.19508712 0.08053378 0.0008053378
0.19539631 0.080118367 0.00080118367
0.1957055 0.079736378 0.00079736378
0.19601469 0.080346723 0.00080346723
0.19632388 0.077221906 0.00077221906
0.19658562 0.079540991 0.00079540991
0.19663307 0.079954697 0.00079954697
0.19694226 0.077563822 0.00077563822
0.19725144 0.076711111 0.00076711111
0.19756063 0.075554837 0.00075554837
0.19786981 0.076941537 0.00076941537
0.19817899 0.075074393 0.00075074393
0.19848818 0.074199081 0.00074199081
0.19879736 0.075179464 0.00075179464
0.19910654 0.073027619 0.00073027619
0.19941572 0.072221603 0.00072221603
0.19972489 0.072021985 0.00072021985
0.20003407 0.077929299 0.00077929299
0.20034324 0.079499428 0.00079499428
0.20065242 0.07252986 0.0007252986
0.20096159 0.070815846 0.00070815846
0.20127076 0.065390488 0.00065390488
0.2013218 0.065601589 0.00065601589
0.20157993 0.066717222 0.00066717222
0.2018891 0.067174879 0.00067174879
0.20219827 0.066022971 0.00066022971
0.20250744 0.065282121 0.00065282121
0.20281661 0.06456982 0.0006456982
0.20312577 0.065515653 0.00065515653
0.20343493 0.064930052 0.00064930052
0.2037441 0.06325737 0.0006325737
0.20405326 0.064189573 0.00064189573
0.20436242 0.062488788 0.00062488788
0.20467158 0.061173795 0.00061173795
0.20498074 0.059964958 0.00059964958
0.2052899 0.059067571 0.00059067571
0.20559905 0.059754578 0.00059754578
0.20590821 0.058868806 0.00058868806
0.20617207 0.057569744 0.00057569744
0.20621736 0.057348406 0.00057348406
0.20652651 0.059310806 0.00059310806
0.20683567 0.055996265 0.00055996265
0.20714482 0.058147481 0.00058147481
0.20745397 0.055506848 0.00055506848
0.20776312 0.055471227 0.00055471227
0.20807226 0.055458692 0.00055458692
0.20838141 0.054507519 0.00054507519
0.20869055 0.053693206 0.00053693206
0.2089997 0.055798995 0.00055798995
0.20930884 0.054751798 0.00054751798
0.20961798 0.054528177 0.00054528177
0.20992712 0.05381638 0.0005381638
0.21023626 0.051781289 0.00051781289
0.2105454 0.053741319 0.00053741319
0.21085454 0.051042741 0.00051042741
0.2111392 0.050608326 0.00050608326
0.21116367 0.050569905 0.00050569905
0.21147281 0.052009607 0.00052009607
0.21178194 0.050346916 0.00050346916
0.21209107 0.04897233 0.0004897233
0.21240021 0.048068432 0.00048068432
0.21270934 0.049167381 0.00049167381
0.21301846 0.046681913 0.00046681913
0.21332759 0.049579514 0.00049579514
0.21363672 0.047397912 0.00047397912
0.21394584 0.049652211 0.00049652211
0.21425497 0.047225975 0.00047225975
0.21456409 0.045585621 0.00045585621
0.21487321 0.041950776 0.00041950776
0.21518234 0.047281196 0.00047281196
0.21549145 0.045239299 0.00045239299
0.21580057 0.043440773 0.00043440773
0.21610969 0.042569276 0.00042569276
0.216226 0.041935834 0.00041935834
0.21641881 0.040906396 0.00040906396
0.21672792 0.044310662 0.00044310662
0.21703704 0.040370977 0.00040370977
0.21734615 0.042318099 0.00042318099
0.21765526 0.041670372 0.00041670372
0.21796437 0.042286896 0.00042286896
0.21827348 0.041795619 0.00041795619
0.21858259 0.042344563 0.00042344563
0.21889169 0.039894657 0.00039894657
0.2192008 0.041707294 0.00041707294
0.2195099 0.04038492 0.0004038492
0.21981901 0.040697033 0.00040697033
0.22012811 0.038797895 0.00038797895
0.22043721 0.039559842 0.00039559842
0.22074631 0.037507386 0.00037507386
0.22105541 0.039291924 0.00039291924
0.2213645 0.036691681 0.00036691681
0.22143535 0.036926638 0.00036926638
0.2216736 0.037787746 0.00037787746
0.22198269 0.039678567 0.00039678567
0.22229179 0.038347954 0.00038347954
0.22260088 0.035239007 0.00035239007
0.22290997 0.038057182 0.00038057182
0.22321906 0.040081512 0.00040081512
0.22352815 0.038424038 0.00038424038
0.22383724 0.037827212 0.00037827212
0.22414632 0.035697796 0.00035697796
0.22445541 0.035099013 0.00035099013
0.22476449 0.040503677 0.00040503677
0.22507357 0.034935684 0.00034935684
0.22538265 0.037384992 0.00037384992
0.22569174 0.036963592 0.00036963592
0.22600081 0.038353887 0.00038353887
0.22630989 0.037827204 0.00037827204
0.22661897 0.046253442 0.00046253442
0.2267702 0.04297546 0.0004297546
0.22692804 0.039479213 0.00039479213
0.22723712 0.033795813 0.00033795813
0.22754619 0.034082456 0.00034082456
0.22785526 0.033961392 0.00033961392
0.22816433 0.034229747 0.00034229747
0.2284734 0.032441564 0.00032441564
0.22878247 0.034704538 0.00034704538
0.22909153 0.033907097 0.00033907097
0.2294006 0.029598235 0.00029598235
0.22970966 0.035052354 0.00035052354
0.23001873 0.033521019 0.00033521019
0.23032779 0.031627187 0.00031627187
0.23063685 0.031155872 0.00031155872
0.23094591 0.031045831 0.00031045831
0.23125496 0.030290943 0.00030290943
0.23156402 0.030844906 0.00030844906
0.23187308 0.030855503 0.00030855503
0.23218213 0.031013911 0.00031013911
0.23223358 0.030883927 0.00030883927
0.23249118 0.0302802 0.000302802
0.23280023 0.027807169 0.00027807169
0.23310928 0.026585068 0.00026585068
0.23341833 0.030814985 0.00030814985
0.23372738 0.030895337 0.00030895337
0.23403643 0.028823749 0.00028823749
0.23434547 0.029116407 0.00029116407
0.23465451 0.027553761 0.00027553761
0.23496356 0.027486329 0.00027486329
0.2352726 0.028426784 0.00028426784
0.23558164 0.028582626 0.00028582626
0.23589068 0.02549718 0.0002549718
0.23619971 0.027808507 0.00027808507
0.23650875 0.028311471 0.00028311471
0.23681778 0.02797518 0.0002797518
0.23712682 0.025912818 0.00025912818
0.23743585 0.026384577 0.00026384577
0.23774488 0.025652114 0.00025652114
0.23782859 0.025698445 0.00025698445
0.23805391 0.025913499 0.00025913499
0.23836294 0.025453649 0.00025453649
0.23867197 0.026614119 0.00026614119
0.23898099 0.025045132 0.00025045132
0.23929002 0.027137914 0.00027137914
0.23959904 0.023357732 0.00023357732
0.23990806 0.024945981 0.00024945981
0.24021708 0.025598773 0.00025598773
0.2405261 0.025950207 0.00025950207
0.24083512 0.026250343 0.00026250343
0.24114413 0.026985483 0.00026985483
0.24145315 0.027501523 0.00027501523
0.24176216 0.025718373 0.00025718373
0.24207118 0.026696736 0.00026696736
0.24238019 0.026196539 0.00026196539
0.2426892 0.0266964 0.000266964
0.24299821 0.027171632 0.00027171632
0.24330721 0.03278549 0.0003278549
0.24355839 0.036373922 0.00036373922
0.24361622 0.037166954 0.00037166954
0.24392522 0.030192907 0.00030192907
0.24423423 0.025002632 0.00025002632
0.24454323 0.02439683 0.0002439683
0.24485223 0.024127356 0.00024127356
0.24516123 0.023588254 0.00023588254
0.24547023 0.025748275 0.00025748275
0.24577922 0.024459186 0.00024459186
0.24608822 0.024693685 0.00024693685
0.24639721 0.025571158 0.00025571158
0.24670621 0.023172937 0.00023172937
0.2470152 0.024710941 0.00024710941
0.24732419 0.021885589 0.00021885589
0.24763318 0.024888056 0.00024888056
0.24794216 0.024627192 0.00024627192
0.24825115 0.021784791 0.00021784791
0.24856013 0.023001159 0.00023001159
0.24886912 0.023106978 0.00023106978
0.2491781 0.02072784 0.0002072784
0.24942624 0.023979201 0.00023979201
0.24948708 0.024796686 0.00024796686
0.24979606 0.020941723 0.00020941723
0.25010504 0.025281126 0.00025281126
0.25041401 0.026170437 0.00026170437
0.25072299 0.023858633 0.00023858633
0.25103196 0.024443895 0.00024443895
0.25134093 0.022066888 0.00022066888
0.2516499 0.024023553 0.00024023553
0.25195887 0.023555015 0.00023555015
0.25226784 0.024922999 0.00024922999
0.25257681 0.024966152 0.00024966152
0.25288577 0.027781965 0.00027781965
0.25319474 0.027385397 0.00027385397
0.2535037 0.023683482 0.00023683482
0.25381266 0.02609698 0.0002609698
0.25412162 0.026573402 0.00026573402
0.25443058 0.024387243 0.00024387243
0.25473954 0.024294093 0.00024294093
0.25504849 0.021561168 0.00021561168
0.25535745 0.025547978 0.00025547978
0.25543545 0.025206062 0.00025206062
0.2556664 0.02419492 0.0002419492
0.25597535 0.025143673 0.00025143673
0.2562843 0.024009378 0.00024009378
0.25659325 0.023148645 0.00023148645
0.2569022 0.025736975 0.00025736975
0.25721115 0.025653309 0.00025653309
0.25752009 0.021569276 0.00021569276
0.25782903 0.02287685 0.0002287685
0.25813798 0.024371364 0.00024371364
0.25844692 0.026932827 0.00026932827
0.25875585 0.027630629 0.00027630629
0.25906479 0.024581204 0.00024581204
0.25937373 0.024726895 0.00024726895
0.25968266 0.021863379 0.00021863379
0.2599916 0.023276663 0.00023276663
0.26030053 0.024796754 0.00024796754
0.26060946 0.022921517 0.00022921517
0.26091839 0.026582571 0.00026582571
0.26122732 0.025350817 0.00025350817
0.26153624 0.027304557 0.00027304557
0.26158944 0.026677627 0.00026677627
0.26184517 0.023649124 0.00023649124
0.26215409 0.023851534 0.00023851534
0.26246301 0.023788234 0.00023788234
0.26277193 0.024718029 0.00024718029
0.26308085 0.026474753 0.00026474753
0.26338977 0.025285087 0.00025285087
0.26369869 0.025358547 0.00025358547
0.2640076 0.025712979 0.00025712979
0.26431651 0.025140157 0.00025140157
0.26462543 0.023423603 0.00023423603
0.26493434 0.022950401 0.00022950401
0.26524325 0.026267727 0.00026267727
0.26555215 0.022267363 0.00022267363
0.26586106 0.02363454 0.0002363454
0.26616996 0.026995497 0.00026995497
0.26647887 0.024875778 0.00024875778
0.26678777 0.026850594 0.00026850594
0.26709667 0.026173769 0.00026173769
0.26740557 0.026917162 0.00026917162
0.26771447 0.024853751 0.00024853751
0.2678917 0.025574663 0.00025574663
0.26802336 0.026113433 0.00026113433
0.26833226 0.028549812 0.00028549812
0.26864115 0.023112619 0.00023112619
0.26895004 0.023858349 0.00023858349
0.26925893 0.025512823 0.00025512823
0.26956782 0.024265725 0.00024265725
0.26987671 0.024151789 0.00024151789
0.27018559 0.025552966 0.00025552966
0.27049448 0.023673128 0.00023673128
0.27080336 0.024701269 0.00024701269
0.27111224 0.023304811 0.00023304811
0.27142112 0.024530464 0.00024530464
0.27173 0.026702122 0.00026702122
0.27203888 0.025817385 0.00025817385
0.27234775 0.024963358 0.00024963358
0.27265663 0.026021179 0.00026021179
0.2729655 0.024042751 0.00024042751
0.27327437 0.025767214 0.00025767214
0.27358324 0.026421749 0.00026421749
0.27389211 0.02456903 0.0002456903
0.27420098 0.024695703 0.00024695703
0.27434578 0.025545246 0.00025545246
0.27450984 0.026518429 0.00026518429
0.2748187 0.02696976 0.0002696976
0.27512757 0.026272744 0.00026272744
0.27543643 0.026842189 0.00026842189
0.27574529 0.024860771 0.00024860771
0.27605414 0.026883779 0.00026883779
0.276363 0.028686761 0.00028686761
0.27667185 0.025028744 0.00025028744
0.27698071 0.027136401 0.00027136401
0.27728956 0.025613542 0.00025613542
0.27759841 0.027321517 0.00027321517
0.27790726 0.026872103 0.00026872103
0.2782161 0.02044824 0.0002044824
0.27852495 0.024993925 0.00024993925
0.27883379 0.02670553 0.0002670553
0.27914264 0.025495611 0.00025495611
0.27945148 0.025763844 0.00025763844
0.27976032 0.02837762 0.0002837762
0.28006915 0.028034571 0.00028034571
0.28037799 0.029504385 0.00029504385
0.28068683 0.029217735 0.00029217735
0.28095536 0.02851917 0.0002851917
0.28099566 0.028417076 0.00028417076
0.28130449 0.030332903 0.00030332903
0.28161332 0.027360513 0.00027360513
0.28192215 0.030314708 0.00030314708
0.28223098 0.026871292 0.00026871292
0.2825398 0.023989996 0.00023989996
0.28284863 0.029443613 0.00029443613
0.28315745 0.024068293 0.00024068293
0.28346627 0.027738008 0.00027738008
0.28377509 0.029199848 0.00029199848
0.28408391 0.026238387 0.00026238387
0.28439272 0.03127111 0.0003127111
0.28470154 0.029918061 0.00029918061
0.28501035 0.030560757 0.00030560757
0.28531916 0.029962957 0.00029962957
0.28562797 0.029157672 0.00029157672
0.28593678 0.025357754 0.00025357754
0.28624559 0.028394512 0.00028394512
0.2865544 0.027953033 0.00027953033
0.2868632 0.032799596 0.00032799596
0.287172 0.032245386 0.00032245386
0.2874808 0.032598982 0.00032598982
0.28772418 0.034748929 0.00034748929
0.2877896 0.035308278 0.00035308278
0.2880984 0.039298647 0.00039298647
0.2884072 0.069993668 0.00069993668
0.28871599 0.15369464 0.0015369464
0.28902478 0.03287547 0.0003287547
0.28933358 0.031175332 0.00031175332
0.28964237 0.031235154 0.00031235154
0.28995115 0.031959554 0.00031959554
0.29025994 0.027848981 0.00027848981
0.29056873 0.030126772 0.00030126772
0.29087751 0.031943754 0.00031943754
0.29118629 0.029553617 0.00029553617
0.29149507 0.02865874 0.0002865874
0.29180385 0.026763923 0.00026763923
0.29211263 0.031100529 0.00031100529
0.2924214 0.030658461 0.00030658461
0.29273018 0.028767883 0.00028767883
0.29303895 0.028790706 0.00028790706
0.29334772 0.027918437 0.00027918437
0.29365649 0.028308283 0.00028308283
0.29396526 0.027167185 0.00027167185
0.29427402 0.032489797 0.00032489797
0.29458279 0.026733809 0.00026733809
0.29465608 0.027501033 0.00027501033
0.29489155 0.030036558 0.00030036558
0.29520031 0.028935904 0.00028935904
0.29550907 0.028987341 0.00028987341
0.29581783 0.027771231 0.00027771231
0.29612659 0.028162557 0.00028162557
0.29643534 0.027289337 0.00027289337
0.2967441 0.030108731 0.00030108731
0.29705285 0.027632234 0.00027632234
0.2973616 0.02865237 0.0002865237
0.29767035 0.02904055 0.0002904055
0.29797909 0.028926525 0.00028926525
0.29828784 0.028174786 0.00028174786
0.29859658 0.027408132 0.00027408132
0.29890532 0.029248796 0.00029248796
0.29921406 0.030958094 0.00030958094
0.2995228 0.030433857 0.00030433857
0.29983154 0.033936299 0.00033936299
