0.010059664 0.051216546 0.00051216546
0.010369191 0.054050503 0.00054050503
0.010678719 0.056847393 0.00056847393
0.010988246 0.058245031 0.00058245031
0.011297773 0.060683515 0.00060683515
0.0116073 0.06299208 0.0006299208
0.011916828 0.065372928 0.00065372928
0.012226355 0.064223088 0.00064223088
0.012535882 0.067792608 0.00067792608
0.012845409 0.06675636 0.0006675636
0.013154936 0.069007614 0.00069007614
0.013464463 0.068808113 0.00068808113
0.013773989 0.070867503 0.00070867503
0.014083516 0.071231308 0.00071231308
0.014393043 0.071009304 0.00071009304
0.014702569 0.072794548 0.00072794548
0.015012096 0.073276789 0.00073276789
0.015321622 0.073718129 0.00073718129
0.015631148 0.07310969 0.0007310969
0.015940675 0.075138738 0.00075138738
0.016250201 0.074841682 0.00074841682
0.016559727 0.075152446 0.00075152446
0.016869253 0.075573709 0.00075573709
0.017178779 0.076586635 0.00076586635
0.017488304 0.075288501 0.00075288501
0.01779783 0.076817017 0.00076817017
0.018107355 0.078023134 0.00078023134
0.018416881 0.077754637 0.00077754637
0.018726406 0.077433771 0.00077433771
0.019035932 0.076676552 0.00076676552
0.019345457 0.078092595 0.00078092595
0.019654982 0.077337373 0.00077337373
0.019964507 0.078099318 0.00078099318
0.020274032 0.077789337 0.00077789337
0.020583556 0.077826097 0.00077826097
0.020893081 0.078749287 0.00078749287
0.021202605 0.078564181 0.00078564181
0.02151213 0.078800315 0.00078800315
0.021821654 0.078590396 0.00078590396
0.022131178 0.07815995 0.0007815995
0.022440702 0.078599219 0.00078599219
0.022750226 0.078608199 0.00078608199
0.02305975 0.07828481 0.0007828481
0.023369274 0.078297782 0.00078297782
0.023678797 0.078546716 0.00078546716
0.023988321 0.077794525 0.00077794525
0.024297844 0.078003752 0.00078003752
0.024607367 0.077909314 0.00077909314
0.02491689 0.077141824 0.00077141824
0.025226413 0.078436448 0.00078436448
0.025535936 0.077759909 0.00077759909
0.025845458 0.077776221 0.00077776221
0.026154981 0.077908759 0.00077908759
0.026464503 0.077887405 0.00077887405
0.026774025 0.077736118 0.00077736118
0.027083547 0.077268951 0.00077268951
0.027393069 0.078211675 0.00078211675
0.027702591 0.077349213 0.00077349213
0.028012112 0.07703768 0.0007703768
0.028321634 0.077153114 0.00077153114
0.028631155 0.078066481 0.00078066481
0.028940676 0.07764349 0.0007764349
0.029250197 0.076896756 0.00076896756
0.029559718 0.077568166 0.00077568166
0.029869238 0.07652044 0.0007652044
0.030178759 0.077058802 0.00077058802
0.030488279 0.077118823 0.00077118823
0.030797799 0.076738887 0.00076738887
0.031107319 0.07668818 0.0007668818
0.031416839 0.077079882 0.00077079882
0.031726359 0.076550039 0.00076550039
0.032035878 0.076349955 0.00076349955
0.032345397 0.076364942 0.00076364942
0.032654916 0.076482342 0.00076482342
0.032964435 0.076215798 0.00076215798
0.033273954 0.076235127 0.00076235127
0.033583473 0.075743699 0.00075743699
0.033892991 0.075631122 0.00075631122
0.034202509 0.075662008 0.00075662008
0.034512027 0.075461839 0.00075461839
0.034821545 0.07547299 0.0007547299
0.035131063 0.074971661 0.00074971661
0.03544058 0.075268047 0.00075268047
0.035750097 0.074754222 0.00074754222
0.036059614 0.074775395 0.00074775395
0.036369131 0.074788956 0.00074788956
0.036678648 0.074369988 0.00074369988
0.036988164 0.074188034 0.00074188034
0.03729768 0.074339602 0.00074339602
0.037607196 0.074183128 0.00074183128
0.037916712 0.07412724 0.0007412724
0.038226228 0.073845208 0.00073845208
0.038535743 0.074044742 0.00074044742
0.038845259 0.073294746 0.00073294746
0.039154774 0.073723926 0.00073723926
0.039464288 0.073519259 0.00073519259
0.039773803 0.073038446 0.00073038446
0.040083317 0.073276351 0.00073276351
0.040392831 0.073150594 0.00073150594
0.040702345 0.072844125 0.00072844125
0.041011859 0.072599713 0.00072599713
0.041321372 0.072576402 0.00072576402
0.041630886 0.072938117 0.00072938117
0.041940399 0.072371125 0.00072371125
0.042249911 0.072405933 0.00072405933
0.042559424 0.072136721 0.00072136721
0.042868936 0.071815556 0.00071815556
0.043178448 0.07155203 0.0007155203
0.04348796 0.071815506 0.00071815506
0.043797472 0.07193944 0.0007193944
0.044106983 0.071281822 0.00071281822
0.044416494 0.071645144 0.00071645144
0.044726005 0.071048613 0.00071048613
0.045035516 0.070903704 0.00070903704
0.045345026 0.070878216 0.00070878216
0.045654536 0.070449148 0.00070449148
0.045964046 0.070309971 0.00070309971
0.046273556 0.070576294 0.00070576294
0.046583065 0.070143521 0.00070143521
0.046892575 0.070036868 0.00070036868
0.047202083 0.06911141 0.0006911141
0.047511592 0.069296161 0.00069296161
0.0478211 0.069262602 0.00069262602
0.048130609 0.069218108 0.00069218108
0.048440116 0.068991795 0.00068991795
0.048749624 0.06914037 0.0006914037
0.049059131 0.068872305 0.00068872305
0.049368638 0.068387546 0.00068387546
0.049678145 0.068930632 0.00068930632
0.049987652 0.068288667 0.00068288667
0.050297158 0.068324496 0.00068324496
0.050606664 0.068117291 0.00068117291
0.05091617 0.067961981 0.00067961981
0.051225675 0.068327972 0.00068327972
0.05153518 0.067925793 0.00067925793
0.051844685 0.06779983 0.0006779983
0.05215419 0.067514978 0.00067514978
0.052463694 0.067099287 0.00067099287
0.052773198 0.06698016 0.0006698016
0.053082702 0.067324446 0.00067324446
0.053392205 0.066995553 0.00066995553
0.053701708 0.066963529 0.00066963529
0.054011211 0.06661456 0.0006661456
0.054320713 0.066545197 0.00066545197
0.054630216 0.066446804 0.00066446804
0.054939718 0.065643154 0.00065643154
0.055249219 0.065924711 0.00065924711
0.055558721 0.065758799 0.00065758799
0.055868222 0.065788589 0.00065788589
0.056177722 0.065660369 0.00065660369
0.056487223 0.065160508 0.00065160508
0.056796723 0.064810349 0.00064810349
0.057106223 0.065061026 0.00065061026
0.057415722 0.064734304 0.00064734304
0.057725221 0.064645791 0.00064645791
0.05803472 0.064668007 0.00064668007
0.058344219 0.064543226 0.00064543226
0.058653717 0.064175493 0.00064175493
0.058963215 0.063602273 0.00063602273
0.059272713 0.063996904 0.00063996904
0.05958221 0.063792502 0.00063792502
0.059891707 0.063701936 0.00063701936
0.060201203 0.063709584 0.00063709584
0.0605107 0.063184264 0.00063184264
0.060820196 0.063064963 0.00063064963
0.061129691 0.062716012 0.00062716012
0.061439187 0.062898905 0.00062898905
0.061748681 0.062438486 0.00062438486
0.062058176 0.062474496 0.00062474496
0.06236767 0.062219841 0.00062219841
0.062677164 0.062136734 0.00062136734
0.062986658 0.062051183 0.00062051183
0.063296151 0.061923128 0.00061923128
0.063605644 0.061679482 0.00061679482
0.063915137 0.061531218 0.00061531218
0.064224629 0.06131768 0.0006131768
0.064534121 0.061128764 0.00061128764
0.064843612 0.061166094 0.00061166094
0.065153103 0.061146694 0.00061146694
0.065462594 0.060761719 0.00060761719
0.065772085 0.060404228 0.00060404228
0.066081575 0.060533038 0.00060533038
0.066391064 0.060213673 0.00060213673
0.066700554 0.060033858 0.00060033858
0.067010043 0.059850167 0.00059850167
0.067319531 0.059565953 0.00059565953
0.06762902 0.059644253 0.00059644253
0.067938508 0.059312535 0.00059312535
0.068247995 0.059004575 0.00059004575
0.068557482 0.059029821 0.00059029821
0.068866969 0.058993431 0.00058993431
0.069176455 0.058764683 0.00058764683
0.069485941 0.058311017 0.00058311017
0.069795427 0.058073817 0.00058073817
0.070104912 0.058026178 0.00058026178
0.070414397 0.057933024 0.00057933024
0.070723882 0.057632043 0.00057632043
0.071033366 0.057512047 0.00057512047
0.07134285 0.057311288 0.00057311288
0.071652333 0.05702595 0.0005702595
0.071961816 0.057045528 0.00057045528
0.072271298 0.056993997 0.00056993997
0.07258078 0.05639965 0.0005639965
0.072890262 0.056361944 0.00056361944
0.073199744 0.056267993 0.00056267993
0.073509225 0.056065588 0.00056065588
0.073818705 0.055766569 0.00055766569
0.074128185 0.055775684 0.00055775684
0.074437665 0.055519669 0.00055519669
0.074747144 0.055478039 0.00055478039
0.075056623 0.055165842 0.00055165842
0.075366102 0.054931647 0.00054931647
0.07567558 0.054742707 0.00054742707
0.075985058 0.054713815 0.00054713815
0.076294535 0.054271605 0.00054271605
0.076604012 0.054205203 0.00054205203
0.076913488 0.053886049 0.00053886049
0.077222964 0.053697264 0.00053697264
0.07753244 0.053599988 0.00053599988
0.077841915 0.053352898 0.00053352898
0.07815139 0.05321311 0.0005321311
0.078460864 0.053099411 0.00053099411
0.078770338 0.052831204 0.00052831204
0.079079812 0.052479449 0.00052479449
0.079389285 0.052679029 0.00052679029
0.079698757 0.052453244 0.00052453244
0.080008229 0.052271941 0.00052271941
0.080317701 0.052051374 0.00052051374
0.080627172 0.051686421 0.00051686421
0.080936643 0.051636639 0.00051636639
0.081246114 0.051437607 0.00051437607
0.081555584 0.05103836 0.0005103836
0.081865053 0.051143428 0.00051143428
0.082174522 0.050798685 0.00050798685
0.082483991 0.050467927 0.00050467927
0.082793459 0.050351133 0.00050351133
0.083102927 0.050221925 0.00050221925
0.083412394 0.050077562 0.00050077562
0.083721861 0.049875488 0.00049875488
0.084031327 0.049640903 0.00049640903
0.084340793 0.049331957 0.00049331957
0.084650259 0.049350934 0.00049350934
0.084959724 0.049063397 0.00049063397
0.085269188 0.048781883 0.00048781883
0.085578652 0.048817604 0.00048817604
0.085888116 0.048390228 0.00048390228
0.086197579 0.048305015 0.00048305015
0.086507042 0.048106973 0.00048106973
0.086816504 0.047842416 0.00047842416
0.087125966 0.047740097 0.00047740097
0.087435427 0.047802096 0.00047802096
0.087744888 0.04735643 0.0004735643
0.088054348 0.047186752 0.00047186752
0.088363808 0.046919218 0.00046919218
0.088673267 0.046846852 0.00046846852
0.088982726 0.046714125 0.00046714125
0.089292184 0.046356196 0.00046356196
0.089601642 0.046364067 0.00046364067
0.089911099 0.046122786 0.00046122786
0.090220556 0.04588274 0.0004588274
0.090530013 0.045717551 0.00045717551
0.090839469 0.045655216 0.00045655216
0.091148924 0.045214952 0.00045214952
0.091458379 0.045126338 0.00045126338
0.091767833 0.045101302 0.00045101302
0.092077287 0.044810678 0.00044810678
0.092386741 0.044751931 0.00044751931
0.092696194 0.044208396 0.00044208396
0.093005646 0.04439141 0.0004439141
0.093315098 0.044082488 0.00044082488
0.093624549 0.043872593 0.00043872593
0.093934 0.043691381 0.00043691381
0.09424345 0.043623625 0.00043623625
0.0945529 0.043168522 0.00043168522
0.09486235 0.042935164 0.00042935164
0.095171798 0.043022784 0.00043022784
0.095481247 0.042560083 0.00042560083
0.095790694 0.042469536 0.00042469536
0.096100142 0.042466679 0.00042466679
0.096409588 0.042136197 0.00042136197
0.096719035 0.041979311 0.00041979311
0.09702848 0.041803947 0.00041803947
0.097337925 0.041695907 0.00041695907
0.09764737 0.041365361 0.00041365361
0.097956814 0.041237298 0.00041237298
0.098266257 0.040961771 0.00040961771
0.0985757 0.040919896 0.00040919896
0.098885143 0.04067311 0.0004067311
0.099194585 0.040489336 0.00040489336
0.099504026 0.040396252 0.00040396252
0.099813467 0.040131646 0.00040131646
0.10012291 0.039826092 0.00039826092
0.10043235 0.03961321 0.0003961321
0.10074179 0.039555855 0.00039555855
0.10105122 0.039383597 0.00039383597
0.10136066 0.03905819 0.0003905819
0.1016701 0.038923938 0.00038923938
0.10197954 0.038659475 0.00038659475
0.10228897 0.038534516 0.00038534516
0.10259841 0.038461264 0.00038461264
0.10290785 0.038212144 0.00038212144
0.10321728 0.037981183 0.00037981183
0.10352671 0.03773769 0.0003773769
0.10383615 0.037654768 0.00037654768
0.10414558 0.037511603 0.00037511603
0.10445501 0.037197655 0.00037197655
0.10476445 0.037149064 0.00037149064
0.10507388 0.037020543 0.00037020543
0.10538331 0.03694713 0.0003694713
0.10569274 0.03656052 0.0003656052
0.10600217 0.036444305 0.00036444305
0.1063116 0.036115346 0.00036115346
0.10662102 0.036159051 0.00036159051
0.10693045 0.035766844 0.00035766844
0.10723988 0.035755005 0.00035755005
0.10754931 0.035397201 0.00035397201
0.10785873 0.035291273 0.00035291273
0.10816816 0.035077368 0.00035077368
0.10847758 0.034814015 0.00034814015
0.10878701 0.034769602 0.00034769602
0.10909643 0.034635043 0.00034635043
0.10940585 0.034432388 0.00034432388
0.10971528 0.034263315 0.00034263315
0.1100247 0.034095638 0.00034095638
0.11033412 0.033886397 0.00033886397
0.11064354 0.03367762 0.0003367762
0.11095296 0.033312651 0.00033312651
0.11126238 0.033418172 0.00033418172
0.1115718 0.033223801 0.00033223801
0.11188122 0.032937204 0.00032937204
0.11219064 0.032687956 0.00032687956
0.11250005 0.032705238 0.00032705238
0.11280947 0.032516296 0.00032516296
0.11311889 0.032395953 0.00032395953
0.1134283 0.032122035 0.00032122035
0.11373772 0.031915041 0.00031915041
0.11404713 0.031813132 0.00031813132
0.11435654 0.031652834 0.00031652834
0.11466596 0.031597838 0.00031597838
0.11497537 0.031339339 0.00031339339
0.11528478 0.031200457 0.00031200457
0.11559419 0.031001999 0.00031001999
0.1159036 0.03072162 0.0003072162
0.11621301 0.030649043 0.00030649043
0.11652242 0.030651702 0.00030651702
0.11683183 0.030334391 0.00030334391
0.11714124 0.030211272 0.00030211272
0.11745064 0.029989247 0.00029989247
0.11776005 0.029858951 0.00029858951
0.11806945 0.029763244 0.00029763244
0.11837886 0.029519608 0.00029519608
0.11868826 0.029193874 0.00029193874
0.11899767 0.029290166 0.00029290166
0.11930707 0.028918274 0.00028918274
0.11961647 0.028781868 0.00028781868
0.11992588 0.028697815 0.00028697815
0.12023528 0.028509816 0.00028509816
0.12054468 0.028338009 0.00028338009
0.12085408 0.028154203 0.00028154203
0.12116348 0.028023879 0.00028023879
0.12147288 0.027835977 0.00027835977
0.12178227 0.027792619 0.00027792619
0.12209167 0.027533695 0.00027533695
0.12240107 0.02746925 0.0002746925
0.12271046 0.027292075 0.00027292075
0.12301986 0.027150725 0.00027150725
0.12332925 0.026977142 0.00026977142
0.12363865 0.026930558 0.00026930558
0.12394804 0.026683794 0.00026683794
0.12425743 0.026644356 0.00026644356
0.12456683 0.026426008 0.00026426008
0.12487622 0.026163926 0.00026163926
0.12518561 0.026008362 0.00026008362
0.125495 0.025945673 0.00025945673
0.12580439 0.025830441 0.00025830441
0.12611377 0.02559051 0.0002559051
0.12642316 0.025453735 0.00025453735
0.12673255 0.02526789 0.0002526789
0.12704194 0.025220487 0.00025220487
0.12735132 0.025029702 0.00025029702
0.12766071 0.02486955 0.0002486955
0.12797009 0.024741486 0.00024741486
0.12827947 0.024618176 0.00024618176
0.12858886 0.024502786 0.00024502786
0.12889824 0.024203012 0.00024203012
0.12920762 0.024167736 0.00024167736
0.129517 0.024091858 0.00024091858
0.12982638 0.023872829 0.00023872829
0.13013576 0.023719114 0.00023719114
0.13044514 0.023582441 0.00023582441
0.13075452 0.023532845 0.00023532845
0.1310639 0.023449093 0.00023449093
0.13137327 0.023292294 0.00023292294
0.13168265 0.022995818 0.00022995818
0.13199202 0.022877503 0.00022877503
0.1323014 0.022734141 0.00022734141
0.13261077 0.022659198 0.00022659198
0.13292015 0.022513934 0.00022513934
0.13322952 0.0223481 0.000223481
0.13353889 0.022371459 0.00022371459
0.13384826 0.022145428 0.00022145428
0.13415763 0.021941102 0.00021941102
0.134467 0.021886153 0.00021886153
0.13477637 0.021860667 0.00021860667
0.13508574 0.021716626 0.00021716626
0.1353951 0.021515392 0.00021515392
0.13570447 0.021444063 0.00021444063
0.13601383 0.021259036 0.00021259036
0.1363232 0.021159561 0.00021159561
0.13663256 0.021104852 0.00021104852
0.13694193 0.02080334 0.0002080334
0.13725129 0.02082023 0.0002082023
0.13756065 0.020597539 0.00020597539
0.13787001 0.020408946 0.00020408946
0.13817937 0.020408018 0.00020408018
0.13848873 0.020217263 0.00020217263
0.13879809 0.020116956 0.00020116956
0.13910745 0.019935134 0.00019935134
0.13941681 0.019879562 0.00019879562
0.13972616 0.019770412 0.00019770412
0.14003552 0.019654877 0.00019654877
0.14034488 0.019549432 0.00019549432
0.14065423 0.019386405 0.00019386405
0.14096358 0.019399097 0.00019399097
0.14127294 0.019196583 0.00019196583
0.14158229 0.019047769 0.00019047769
0.14189164 0.018992222 0.00018992222
0.14220099 0.018864687 0.00018864687
0.14251034 0.0187142 0.000187142
0.14281969 0.018532479 0.00018532479
0.14312904 0.018473762 0.00018473762
0.14343838 0.018312342 0.00018312342
0.14374773 0.018242141 0.00018242141
0.14405708 0.018085374 0.00018085374
0.14436642 0.017956845 0.00017956845
0.14467577 0.017927855 0.00017927855
0.14498511 0.017840432 0.00017840432
0.14529445 0.017782861 0.00017782861
0.14560379 0.017557583 0.00017557583
0.14591314 0.017605283 0.00017605283
0.14622248 0.017450338 0.00017450338
0.14653182 0.017377401 0.00017377401
0.14684115 0.017184961 0.00017184961
0.14715049 0.017033409 0.00017033409
0.14745983 0.016955427 0.00016955427
0.14776917 0.016953962 0.00016953962
0.1480785 0.016711824 0.00016711824
0.14838784 0.016692545 0.00016692545
0.14869717 0.016607372 0.00016607372
0.1490065 0.016425363 0.00016425363
0.14931583 0.016363877 0.00016363877
0.14962517 0.016268956 0.00016268956
0.1499345 0.016174138 0.00016174138
0.15024383 0.016021016 0.00016021016
0.15055316 0.015919201 0.00015919201
0.15086248 0.015840367 0.00015840367
0.15117181 0.015777701 0.00015777701
0.15148114 0.015733356 0.00015733356
0.15179046 0.015588093 0.00015588093
0.15209979 0.015415654 0.00015415654
0.15240911 0.015259395 0.00015259395
0.15271844 0.015216477 0.00015216477
0.15302776 0.015112181 0.00015112181
0.15333708 0.015092443 0.00015092443
0.1536464 0.014895903 0.00014895903
0.15395572 0.014990535 0.00014990535
0.15426504 0.014761005 0.00014761005
0.15457436 0.014666979 0.00014666979
0.15488367 0.014598541 0.00014598541
0.15519299 0.014638237 0.00014638237
0.15550231 0.014535824 0.00014535824
0.15581162 0.014386502 0.00014386502
0.15612093 0.014197514 0.00014197514
0.15643025 0.014084312 0.00014084312
0.15673956 0.014062739 0.00014062739
0.15704887 0.01390154 0.0001390154
0.15735818 0.013937382 0.00013937382
0.15766749 0.013774812 0.00013774812
0.1579768 0.013786378 0.00013786378
0.15828611 0.013706284 0.00013706284
0.15859542 0.013444595 0.00013444595
0.15890472 0.013482758 0.00013482758
0.15921403 0.013423925 0.00013423925
0.15952333 0.01334887 0.0001334887
0.15983264 0.013244333 0.00013244333
0.16014194 0.013139097 0.00013139097
0.16045124 0.013038106 0.00013038106
0.16076054 0.012914949 0.00012914949
0.16106984 0.012912111 0.00012912111
0.16137914 0.012771196 0.00012771196
0.16168844 0.012821477 0.00012821477
0.16199774 0.012645057 0.00012645057
0.16230703 0.012625221 0.00012625221
0.16261633 0.012516707 0.00012516707
0.16292562 0.012336513 0.00012336513
0.16323492 0.012351013 0.00012351013
0.16354421 0.012286804 0.00012286804
0.1638535 0.012271409 0.00012271409
0.16416279 0.01215113 0.0001215113
0.16447208 0.012092213 0.00012092213
0.16478137 0.011983956 0.00011983956
0.16509066 0.011889643 0.00011889643
0.16539995 0.011848426 0.00011848426
0.16570924 0.01166422 0.0001166422
0.16601852 0.011762555 0.00011762555
0.16632781 0.011772119 0.00011772119
0.16663709 0.011625841 0.00011625841
0.16694637 0.011516906 0.00011516906
0.16725566 0.011443464 0.00011443464
0.16756494 0.011392864 0.00011392864
0.16787422 0.011344001 0.00011344001
0.1681835 0.011293656 0.00011293656
0.16849278 0.011148142 0.00011148142
0.16880205 0.011042696 0.00011042696
0.16911133 0.011007658 0.00011007658
0.16942061 0.010896241 0.00010896241
0.16972988 0.010824761 0.00010824761
0.17003916 0.010799972 0.00010799972
0.17034843 0.010668027 0.00010668027
0.1706577 0.010660945 0.00010660945
0.17096697 0.010676064 0.00010676064
0.17127624 0.010567883 0.00010567883
0.17158551 0.010474826 0.00010474826
0.17189478 0.010445138 0.00010445138
0.17220405 0.010400617 0.00010400617
0.17251331 0.01028035 0.0001028035
0.17282258 0.010218146 0.00010218146
0.17313184 0.010225759 0.00010225759
0.17344111 0.010120848 0.00010120848
0.17375037 0.01023725 0.0001023725
0.17405963 0.010036432 0.00010036432
0.17436889 0.0099700705 9.9700705e-05
0.17467815 0.0099376801 9.9376801e-05
0.17498741 0.0098477463 9.8477463e-05
0.17529667 0.0096545932 9.6545932e-05
0.17560593 0.0097130421 9.7130421e-05
0.17591518 0.0096178491 9.6178491e-05
0.17622444 0.0096802292 9.6802292e-05
0.17653369 0.0094975175 9.4975175e-05
0.17684295 0.0096216007 9.6216007e-05
0.1771522 0.0094664405 9.4664405e-05
0.17746145 0.0093632022 9.3632022e-05
0.1777707 0.0092846707 9.2846707e-05
0.17807995 0.009195057 9.195057e-05
0.1783892 0.0090996304 9.0996304e-05
0.17869844 0.0091081933 9.1081933e-05
0.17900769 0.0091022064 9.1022064e-05
0.17931694 0.0090333933 9.0333933e-05
0.17962618 0.0089913352 8.9913352e-05
0.17993542 0.0089711563 8.9711563e-05
0.18024467 0.0089257109 8.9257109e-05
0.18055391 0.0088720231 8.8720231e-05
0.18086315 0.0088229729 8.8229729e-05
0.18117239 0.0087513176 8.7513176e-05
0.18148163 0.0087007262 8.7007262e-05
0.18179086 0.0086501492 8.6501492e-05
0.1821001 0.0085835085 8.5835085e-05
0.18240934 0.0085296854 8.5296854e-05
0.18271857 0.0084477578 8.4477578e-05
0.1830278 0.0085070828 8.5070828e-05
0.18333704 0.0084241921 8.4241921e-05
0.18364627 0.0083261038 8.3261038e-05
0.1839555 0.0082610883 8.2610883e-05
0.18426473 0.0082611041 8.2611041e-05
0.18457396 0.0081812056 8.1812056e-05
0.18488318 0.0081769118 8.1769118e-05
0.18519241 0.0081502291 8.1502291e-05
0.18550164 0.0081096676 8.1096676e-05
0.18581086 0.0080425539 8.0425539e-05
0.18612009 0.0079841785 7.9841785e-05
0.18642931 0.0078265616 7.8265616e-05
0.18673853 0.0079026349 7.9026349e-05
0.18704775 0.0078401167 7.8401167e-05
0.18735697 0.0079475673 7.9475673e-05
0.18766619 0.0077669584 7.7669584e-05
0.1879754 0.0076708759 7.6708759e-05
0.18828462 0.0077737424 7.7737424e-05
0.18859384 0.007604364 7.604364e-05
0.18890305 0.0076572393 7.6572393e-05
0.18921226 0.0074793415 7.4793415e-05
0.18952148 0.0075334387 7.5334387e-05
0.18983069 0.0073735868 7.3735868e-05
0.1901399 0.0074958849 7.4958849e-05
0.19044911 0.0074504512 7.4504512e-05
0.19075832 0.0073362959 7.3362959e-05
0.19106752 0.0073686429 7.3686429e-05
0.19137673 0.0072652393 7.2652393e-05
0.19168593 0.0072151448 7.2151448e-05
0.19199514 0.0071257045 7.1257045e-05
0.19230434 0.0070595791 7.0595791e-05
0.19261354 0.0071254769 7.1254769e-05
0.19292274 0.0070704964 7.0704964e-05
0.19323194 0.0070247499 7.0247499e-05
0.19354114 0.007043981 7.043981e-05
0.19385034 0.0069076498 6.9076498e-05
0.19415954 0.0068470247 6.8470247e-05
0.19446873 0.0069445875 6.9445875e-05
0.19477793 0.0068485012 6.8485012e-05
0.19508712 0.0067846404 6.7846404e-05
0.19539631 0.0068284456 6.8284456e-05
0.1957055 0.0066654687 6.6654687e-05
0.19601469 0.0067418591 6.7418591e-05
0.19632388 0.0066589075 6.6589075e-05
0.19663307 0.0066985729 6.6985729e-05
0.19694226 0.0064913645 6.4913645e-05
0.19725144 0.0066165699 6.6165699e-05
0.19756063 0.0065138996 6.5138996e-05
0.19786981 0.0066211028 6.6211028e-05
0.19817899 0.0065266631 6.5266631e-05
0.19848818 0.0063214488 6.3214488e-05
0.19879736 0.0063253683 6.3253683e-05
0.19910654 0.006307082 6.307082e-05
0.19941572 0.0063022999 6.3022999e-05
0.19972489 0.0063815371 6.3815371e-05
0.20003407 0.0062828541 6.2828541e-05
0.20034324 0.0063496274 6.3496274e-05
0.20065242 0.0061483784 6.1483784e-05
0.20096159 0.0062217212 6.2217212e-05
0.20127076 0.0061800925 6.1800925e-05
0.20157993 0.0062041659 6.2041659e-05
0.2018891 0.0060968276 6.0968276e-05
0.20219827 0.0060873322 6.0873322e-05
0.20250744 0.0060413605 6.0413605e-05
0.20281661 0.006041236 6.041236e-05
0.20312577 0.0059084033 5.9084033e-05
0.20343493 0.0059404454 5.9404454e-05
0.2037441 0.0059470479 5.9470479e-05
0.20405326 0.005913357 5.913357e-05
0.20436242 0.0058580185 5.8580185e-05
0.20467158 0.0057944627 5.7944627e-05
0.20498074 0.0058719054 5.8719054e-05
0.2052899 0.005787416 5.787416e-05
0.20559905 0.0057603434 5.7603434e-05
0.20590821 0.0057597265 5.7597265e-05
0.20621736 0.0057711003 5.7711003e-05
0.20652651 0.0056803499 5.6803499e-05
0.20683567 0.0056370239 5.6370239e-05
0.20714482 0.005681564 5.681564e-05
0.20745397 0.0056643021 5.6643021e-05
0.20776312 0.0055693517 5.5693517e-05
0.20807226 0.0055862222 5.5862222e-05
0.20838141 0.005577159 5.577159e-05
0.20869055 0.005481389 5.481389e-05
0.2089997 0.0054147934 5.4147934e-05
0.20930884 0.005410584 5.410584e-05
0.20961798 0.0053577084 5.3577084e-05
0.20992712 0.0053294644 5.3294644e-05
0.21023626 0.0053820418 5.3820418e-05
0.2105454 0.0052878171 5.2878171e-05
0.21085454 0.0054146735 5.4146735e-05
0.21116367 0.0053012372 5.3012372e-05
0.21147281 0.0052781592 5.2781592e-05
0.21178194 0.0052526372 5.2526372e-05
0.21209107 0.0052667202 5.2667202e-05
0.21240021 0.0052169432 5.2169432e-05
0.21270934 0.0052799563 5.2799563e-05
0.21301846 0.0052036119 5.2036119e-05
0.21332759 0.0052617339 5.2617339e-05
0.21363672 0.0052098159 5.2098159e-05
0.21394584 0.005055018 5.055018e-05
0.21425497 0.0051419503 5.1419503e-05
0.21456409 0.0050807688 5.0807688e-05
0.21487321 0.005095005 5.095005e-05
0.21518234 0.0050056818 5.0056818e-05
0.21549145 0.0050387543 5.0387543e-05
0.21580057 0.0050037307 5.0037307e-05
0.21610969 0.0050598574 5.0598574e-05
0.21641881 0.0050001459 5.0001459e-05
0.21672792 0.0048907251 4.8907251e-05
0.21703704 0.0050053668 5.0053668e-05
0.21734615 0.0049166034 4.9166034e-05
0.21765526 0.0049256785 4.9256785e-05
0.21796437 0.0049202002 4.9202002e-05
0.21827348 0.0048979259 4.8979259e-05
0.21858259 0.0048653466 4.8653466e-05
0.21889169 0.0049271032 4.9271032e-05
0.2192008 0.0048968609 4.8968609e-05
0.2195099 0.004659962 4.659962e-05
0.21981901 0.00476132 4.76132e-05
0.22012811 0.0047932855 4.7932855e-05
0.22043721 0.0047288811 4.7288811e-05
0.22074631 0.0048018209 4.8018209e-05
0.22105541 0.0047574096 4.7574096e-05
0.2213645 0.0046277123 4.6277123e-05
0.2216736 0.0046682685 4.6682685e-05
0.22198269 0.004728236 4.728236e-05
0.22229179 0.0046300221 4.6300221e-05
0.22260088 0.0045903055 4.5903055e-05
0.22290997 0.0047711788 4.7711788e-05
0.22321906 0.0045893302 4.5893302e-05
0.22352815 0.00463924 4.63924e-05
0.22383724 0.004499393 4.499393e-05
0.22414632 0.0044928852 4.4928852e-05
0.22445541 0.00459553 4.59553e-05
0.22476449 0.0045094394 4.5094394e-05
0.22507357 0.0045350524 4.5350524e-05
0.22538265 0.0045237663 4.5237663e-05
0.22569174 0.0045973251 4.5973251e-05
0.22600081 0.0043883055 4.3883055e-05
0.22630989 0.0044325324 4.4325324e-05
0.22661897 0.004507723 4.507723e-05
0.22692804 0.0043924546 4.3924546e-05
0.22723712 0.0044002575 4.4002575e-05
0.22754619 0.0043928451 4.3928451e-05
0.22785526 0.0044481856 4.4481856e-05
0.22816433 0.0042891324 4.2891324e-05
0.2284734 0.0043050937 4.3050937e-05
0.22878247 0.0043789481 4.3789481e-05
0.22909153 0.0043503877 4.3503877e-05
0.2294006 0.0042749164 4.2749164e-05
0.22970966 0.004333823 4.333823e-05
0.23001873 0.0043510667 4.3510667e-05
0.23032779 0.0043764916 4.3764916e-05
0.23063685 0.0042734252 4.2734252e-05
0.23094591 0.0042175012 4.2175012e-05
0.23125496 0.0042381097 4.2381097e-05
0.23156402 0.0042368388 4.2368388e-05
0.23187308 0.0042080689 4.2080689e-05
0.23218213 0.0042507673 4.2507673e-05
0.23249118 0.0041790775 4.1790775e-05
0.23280023 0.0041470257 4.1470257e-05
0.23310928 0.0041766336 4.1766336e-05
0.23341833 0.0041509903 4.1509903e-05
0.23372738 0.0040737074 4.0737074e-05
0.23403643 0.0041624924 4.1624924e-05
0.23434547 0.0041588139 4.1588139e-05
0.23465451 0.0041386278 4.1386278e-05
0.23496356 0.0041388715 4.1388715e-05
0.2352726 0.0040582954 4.0582954e-05
0.23558164 0.0041413614 4.1413614e-05
0.23589068 0.0040478054 4.0478054e-05
0.23619971 0.0040770993 4.0770993e-05
0.23650875 0.0040432271 4.0432271e-05
0.23681778 0.0040870262 4.0870262e-05
0.23712682 0.0039415279 3.9415279e-05
0.23743585 0.003980722 3.980722e-05
0.23774488 0.0040273396 4.0273396e-05
0.23805391 0.004088963 4.088963e-05
0.23836294 0.0039582974 3.9582974e-05
0.23867197 0.0039799718 3.9799718e-05
0.23898099 0.0038881595 3.8881595e-05
0.23929002 0.0040352742 4.0352742e-05
0.23959904 0.0040607637 4.0607637e-05
0.23990806 0.0038972313 3.8972313e-05
0.24021708 0.0039925984 3.9925984e-05
0.2405261 0.0039606813 3.9606813e-05
0.24083512 0.0039012141 3.9012141e-05
0.24114413 0.0039481484 3.9481484e-05
0.24145315 0.0039521101 3.9521101e-05
0.24176216 0.003851842 3.851842e-05
0.24207118 0.0038992458 3.8992458e-05
0.24238019 0.0038212761 3.8212761e-05
0.2426892 0.0039548745 3.9548745e-05
0.24299821 0.0040106126 4.0106126e-05
0.24330721 0.0039253776 3.9253776e-05
0.24361622 0.0038505732 3.8505732e-05
0.24392522 0.0038428562 3.8428562e-05
0.24423423 0.0039628306 3.9628306e-05
0.24454323 0.0039023121 3.9023121e-05
0.24485223 0.0038202173 3.8202173e-05
0.24516123 0.0038741013 3.8741013e-05
0.24547023 0.0038687846 3.8687846e-05
0.24577922 0.0038366498 3.8366498e-05
0.24608822 0.0037926559 3.7926559e-05
0.24639721 0.0038374446 3.8374446e-05
0.24670621 0.0038084095 3.8084095e-05
0.2470152 0.0037347251 3.7347251e-05
0.24732419 0.0038041769 3.8041769e-05
0.24763318 0.0038046624 3.8046624e-05
0.24794216 0.0037964385 3.7964385e-05
0.24825115 0.0037961881 3.7961881e-05
0.24856013 0.0038064757 3.8064757e-05
0.24886912 0.0038217583 3.8217583e-05
0.2491781 0.0037427348 3.7427348e-05
0.24948708 0.0038460438 3.8460438e-05
0.24979606 0.0036946747 3.6946747e-05
0.25010504 0.0038208526 3.8208526e-05
0.25041401 0.0037348056 3.7348056e-05
0.25072299 0.0037972841 3.7972841e-05
0.25103196 0.0037589779 3.7589779e-05
0.25134093 0.0035945092 3.5945092e-05
0.2516499 0.0036528093 3.6528093e-05
0.25195887 0.003758492 3.758492e-05
0.25226784 0.0037008464 3.7008464e-05
0.25257681 0.0037526047 3.7526047e-05
0.25288577 0.0037776584 3.7776584e-05
0.25319474 0.0037723303 3.7723303e-05
0.2535037 0.0038061643 3.8061643e-05
0.25381266 0.003770187 3.770187e-05
0.25412162 0.0036718441 3.6718441e-05
0.25443058 0.0037394106 3.7394106e-05
0.25473954 0.0036443932 3.6443932e-05
0.25504849 0.003667649 3.667649e-05
0.25535745 0.0036514353 3.6514353e-05
0.2556664 0.0035892854 3.5892854e-05
0.25597535 0.0036904266 3.6904266e-05
0.2562843 0.0036933283 3.6933283e-05
0.25659325 0.0037074091 3.7074091e-05
0.2569022 0.0036576392 3.6576392e-05
0.25721115 0.0036938052 3.6938052e-05
0.25752009 0.003704992 3.704992e-05
0.25782903 0.0037510611 3.7510611e-05
0.25813798 0.0035801972 3.5801972e-05
0.25844692 0.0035651182 3.5651182e-05
0.25875585 0.0035659619 3.5659619e-05
0.25906479 0.0036002875 3.6002875e-05
0.25937373 0.0036334361 3.6334361e-05
0.25968266 0.0037205266 3.7205266e-05
0.2599916 0.0036531006 3.6531006e-05
0.26030053 0.0036015768 3.6015768e-05
0.26060946 0.003573879 3.573879e-05
0.26091839 0.0036125251 3.6125251e-05
0.26122732 0.0037011346 3.7011346e-05
0.26153624 0.0036664213 3.6664213e-05
0.26184517 0.0036073483 3.6073483e-05
0.26215409 0.0035973429 3.5973429e-05
0.26246301 0.0036800993 3.6800993e-05
0.26277193 0.0034332885 3.4332885e-05
0.26308085 0.0036109743 3.6109743e-05
0.26338977 0.0035078841 3.5078841e-05
0.26369869 0.0036193457 3.6193457e-05
0.2640076 0.0036350065 3.6350065e-05
0.26431651 0.0035733228 3.5733228e-05
0.26462543 0.0036152289 3.6152289e-05
0.26493434 0.0036252649 3.6252649e-05
0.26524325 0.0035117825 3.5117825e-05
0.26555215 0.003593286 3.593286e-05
0.26586106 0.0036756253 3.6756253e-05
0.26616996 0.0034944639 3.4944639e-05
0.26647887 0.0036373308 3.6373308e-05
0.26678777 0.0036051338 3.6051338e-05
0.26709667 0.0035509887 3.5509887e-05
0.26740557 0.0035358644 3.5358644e-05
0.26771447 0.0034632817 3.4632817e-05
0.26802336 0.0036036931 3.6036931e-05
0.26833226 0.0035337132 3.5337132e-05
0.26864115 0.0035412723 3.5412723e-05
0.26895004 0.0036275793 3.6275793e-05
0.26925893 0.0035575267 3.5575267e-05
0.26956782 0.0034443179 3.4443179e-05
0.26987671 0.0035079493 3.5079493e-05
0.27018559 0.0036119468 3.6119468e-05
0.27049448 0.0035964086 3.5964086e-05
0.27080336 0.0035286603 3.5286603e-05
0.27111224 0.0034930675 3.4930675e-05
0.27142112 0.0035966774 3.5966774e-05
0.27173 0.0034484312 3.4484312e-05
0.27203888 0.003501669 3.501669e-05
0.27234775 0.0035403615 3.5403615e-05
0.27265663 0.0034543742 3.4543742e-05
0.2729655 0.0035328353 3.5328353e-05
0.27327437 0.0036209403 3.6209403e-05
0.27358324 0.0036902409 3.6902409e-05
0.27389211 0.0035371804 3.5371804e-05
0.27420098 0.0035071728 3.5071728e-05
0.27450984 0.003514086 3.514086e-05
0.2748187 0.0035428529 3.5428529e-05
0.27512757 0.0035366215 3.5366215e-05
0.27543643 0.003474266 3.474266e-05
0.27574529 0.0035259179 3.5259179e-05
0.27605414 0.0033734934 3.3734934e-05
0.276363 0.0034608271 3.4608271e-05
0.27667185 0.0034721748 3.4721748e-05
0.27698071 0.0035464614 3.5464614e-05
0.27728956 0.003449707 3.449707e-05
0.27759841 0.0035126731 3.5126731e-05
0.27790726 0.0034037392 3.4037392e-05
0.2782161 0.0034651613 3.4651613e-05
0.27852495 0.0033853056 3.3853056e-05
0.27883379 0.0034598536 3.4598536e-05
0.27914264 0.003420492 3.420492e-05
0.27945148 0.0034558526 3.4558526e-05
0.27976032 0.0034998498 3.4998498e-05
0.28006915 0.0034700166 3.4700166e-05
0.28037799 0.0034498986 3.4498986e-05
0.28068683 0.0035338601 3.5338601e-05
0.28099566 0.0035332706 3.5332706e-05
0.28130449 0.0034917307 3.4917307e-05
0.28161332 0.0035967819 3.5967819e-05
0.28192215 0.0034853437 3.4853437e-05
0.28223098 0.0035001093 3.5001093e-05
0.2825398 0.0033826814 3.3826814e-05
0.28284863 0.0034737518 3.4737518e-05
0.28315745 0.0033421992 3.3421992e-05
0.28346627 0.0034796402 3.4796402e-05
0.28377509 0.003450415 3.450415e-05
0.28408391 0.0034493275 3.4493275e-05
0.28439272 0.003468776 3.468776e-05
0.28470154 0.0035048516 3.5048516e-05
0.28501035 0.0035697559 3.5697559e-05
0.28531916 0.0034837458 3.4837458e-05
0.28562797 0.0034808086 3.4808086e-05
0.28593678 0.0033304779 3.3304779e-05
0.28624559 0.0035635936 3.5635936e-05
0.2865544 0.003563523 3.563523e-05
0.2868632 0.0034536781 3.4536781e-05
0.287172 0.0034498016 3.4498016e-05
0.2874808 0.0034762872 3.4762872e-05
0.2877896 0.0033980487 3.3980487e-05
0.2880984 0.0034682059 3.4682059e-05
0.2884072 0.0034351055 3.4351055e-05
0.28871599 0.0033351335 3.3351335e-05
0.28902478 0.003351873 3.351873e-05
0.28933358 0.0034724327 3.4724327e-05
0.28964237 0.0034514688 3.4514688e-05
0.28995115 0.0035330089 3.5330089e-05
0.29025994 0.0034893279 3.4893279e-05
0.29056873 0.0034303121 3.4303121e-05
0.29087751 0.0034271861 3.4271861e-05
0.29118629 0.0032909483 3.2909483e-05
0.29149507 0.0034804675 3.4804675e-05
0.29180385 0.0034827004 3.4827004e-05
0.29211263 0.0033155006 3.3155006e-05
0.2924214 0.0034933554 3.4933554e-05
0.29273018 0.0032951886 3.2951886e-05
0.29303895 0.0033442056 3.3442056e-05
0.29334772 0.0034323185 3.4323185e-05
0.29365649 0.0034675477 3.4675477e-05
0.29396526 0.0034891422 3.4891422e-05
0.29427402 0.0033536688 3.3536688e-05
0.29458279 0.0035272755 3.5272755e-05
0.29489155 0.003503147 3.503147e-05
0.29520031 0.0034798099 3.4798099e-05
0.29550907 0.0034690714 3.4690714e-05
0.29581783 0.0033036313 3.3036313e-05
0.29612659 0.0033646018 3.3646018e-05
0.29643534 0.0033457272 3.3457272e-05
0.2967441 0.0033010403 3.3010403e-05
0.29705285 0.0034106055 3.4106055e-05
0.2973616 0.0034465261 3.4465261e-05
0.29767035 0.003225664 3.225664e-05
0.29797909 0.0034143656 3.4143656e-05
0.29828784 0.0033011712 3.3011712e-05
0.29859658 0.0034658619 3.4658619e-05
0.29890532 0.0034729396 3.4729396e-05
0.29921406 0.0033361681 3.3361681e-05
0.2995228 0.0032117569 3.2117569e-05
0.29983154 0.0034143899 3.4143899e-05
