0.010059664 0.05580853 0.0005580853
0.010369191 0.058107373 0.00058107373
0.010678719 0.059655366 0.00059655366
0.010988246 0.063094832 0.00063094832
0.011297773 0.064009895 0.00064009895
0.0116073 0.065916992 0.00065916992
0.011916828 0.067771803 0.00067771803
0.012226355 0.068328956 0.00068328956
0.012535882 0.071287415 0.00071287415
0.012845409 0.071604528 0.00071604528
0.013154936 0.072760084 0.00072760084
0.013464463 0.073369566 0.00073369566
0.013773989 0.073998671 0.00073998671
0.014083516 0.073934267 0.00073934267
0.014393043 0.073511083 0.00073511083
0.014702569 0.075607232 0.00075607232
0.015012096 0.076623138 0.00076623138
0.015321622 0.07510702 0.0007510702
0.015631148 0.077472151 0.00077472151
0.015940675 0.077130292 0.00077130292
0.016250201 0.078049236 0.00078049236
0.016559727 0.077592592 0.00077592592
0.016869253 0.078291245 0.00078291245
0.017178779 0.079311846 0.00079311846
0.017488304 0.078569448 0.00078569448
0.01779783 0.079026833 0.00079026833
0.018107355 0.079462588 0.00079462588
0.018416881 0.079614349 0.00079614349
0.018726406 0.079102419 0.00079102419
0.019035932 0.079628683 0.00079628683
0.019345457 0.080147497 0.00080147497
0.019654982 0.079226914 0.00079226914
0.019964507 0.079958893 0.00079958893
0.020274032 0.080301116 0.00080301116
0.020583556 0.080503886 0.00080503886
0.020893081 0.081597871 0.00081597871
0.021202605 0.080381225 0.00080381225
0.02151213 0.080503684 0.00080503684
0.021821654 0.079990086 0.00079990086
0.022131178 0.080934527 0.00080934527
0.022440702 0.0807068 0.000807068
0.022750226 0.080646867 0.00080646867
0.02305975 0.081073374 0.00081073374
0.023369274 0.081227625 0.00081227625
0.023678797 0.081224868 0.00081224868
0.023988321 0.080655794 0.00080655794
0.024297844 0.08086228 0.0008086228
0.024607367 0.080248453 0.00080248453
0.02491689 0.080762454 0.00080762454
0.025226413 0.080999128 0.00080999128
0.025535936 0.080984363 0.00080984363
0.025845458 0.080643904 0.00080643904
0.026154981 0.08066759 0.0008066759
0.026464503 0.081356096 0.00081356096
0.026774025 0.080450004 0.00080450004
0.027083547 0.080487275 0.00080487275
0.027393069 0.080868597 0.00080868597
0.027702591 0.081678747 0.00081678747
0.028012112 0.080965365 0.00080965365
0.028321634 0.081335455 0.00081335455
0.028631155 0.081373781 0.00081373781
0.028940676 0.081847614 0.00081847614
0.029250197 0.081434011 0.00081434011
0.029559718 0.082267788 0.00082267788
0.029869238 0.081541623 0.00081541623
0.030178759 0.081712905 0.00081712905
0.030488279 0.081840451 0.00081840451
0.030797799 0.081265296 0.00081265296
0.031107319 0.080949313 0.00080949313
0.031416839 0.081199157 0.00081199157
0.031726359 0.081416142 0.00081416142
0.032035878 0.081460899 0.00081460899
0.032345397 0.081589958 0.00081589958
0.032654916 0.081634272 0.00081634272
0.032964435 0.081158142 0.00081158142
0.033273954 0.081256772 0.00081256772
0.033583473 0.081172464 0.00081172464
0.033892991 0.081146122 0.00081146122
0.034202509 0.080910192 0.00080910192
0.034512027 0.08099378 0.0008099378
0.034821545 0.081137774 0.00081137774
0.035131063 0.080016787 0.00080016787
0.03544058 0.080564803 0.00080564803
0.035750097 0.080619258 0.00080619258
0.036059614 0.080202661 0.00080202661
0.036369131 0.080719425 0.00080719425
0.036678648 0.080074776 0.00080074776
0.036988164 0.080190929 0.00080190929
0.03729768 0.080246495 0.00080246495
0.037607196 0.0803751 0.000803751
0.037916712 0.080434281 0.00080434281
0.038226228 0.079975982 0.00079975982
0.038535743 0.079718544 0.00079718544
0.038845259 0.079367299 0.00079367299
0.039154774 0.079604285 0.00079604285
0.039464288 0.079426725 0.00079426725
0.039773803 0.079481506 0.00079481506
0.040083317 0.079380902 0.00079380902
0.040392831 0.079033214 0.00079033214
0.040702345 0.079086097 0.00079086097
0.041011859 0.079034155 0.00079034155
0.041321372 0.078990039 0.00078990039
0.041630886 0.078973363 0.00078973363
0.041940399 0.078722466 0.00078722466
0.042249911 0.078417375 0.00078417375
0.042559424 0.078795374 0.00078795374
0.042868936 0.078721065 0.00078721065
0.043178448 0.078393157 0.00078393157
0.04348796 0.078318934 0.00078318934
0.043797472 0.078452812 0.00078452812
0.044106983 0.077946413 0.00077946413
0.044416494 0.07812954 0.0007812954
0.044726005 0.077745976 0.00077745976
0.045035516 0.077618896 0.00077618896
0.045345026 0.077762712 0.00077762712
0.045654536 0.077072994 0.00077072994
0.045964046 0.077199486 0.00077199486
0.046273556 0.077171358 0.00077171358
0.046583065 0.077147593 0.00077147593
0.046892575 0.076778425 0.00076778425
0.047202083 0.076176501 0.00076176501
0.047511592 0.076028453 0.00076028453
0.0478211 0.076347928 0.00076347928
0.048130609 0.076196981 0.00076196981
0.048440116 0.07581913 0.0007581913
0.048749624 0.076083501 0.00076083501
0.049059131 0.075665421 0.00075665421
0.049368638 0.075448324 0.00075448324
0.049678145 0.075960561 0.00075960561
0.049987652 0.07517182 0.0007517182
0.050297158 0.075130065 0.00075130065
0.050606664 0.07531411 0.0007531411
0.05091617 0.075003052 0.00075003052
0.051225675 0.07523048 0.0007523048
0.05153518 0.074992707 0.00074992707
0.051844685 0.074827541 0.00074827541
0.05215419 0.074767687 0.00074767687
0.052463694 0.074447236 0.00074447236
0.052773198 0.074323734 0.00074323734
0.053082702 0.074475253 0.00074475253
0.053392205 0.073907025 0.00073907025
0.053701708 0.074145243 0.00074145243
0.054011211 0.073823284 0.00073823284
0.054320713 0.074139826 0.00074139826
0.054630216 0.073538239 0.00073538239
0.054939718 0.07308227 0.0007308227
0.055249219 0.072898888 0.00072898888
0.055558721 0.072937312 0.00072937312
0.055868222 0.07294837 0.0007294837
0.056177722 0.072899359 0.00072899359
0.056487223 0.072731769 0.00072731769
0.056796723 0.072420036 0.00072420036
0.057106223 0.072490145 0.00072490145
0.057415722 0.072143158 0.00072143158
0.057725221 0.072187935 0.00072187935
0.05803472 0.071832734 0.00071832734
0.058344219 0.071911775 0.00071911775
0.058653717 0.071455301 0.00071455301
0.058963215 0.071414377 0.00071414377
0.059272713 0.071402037 0.00071402037
0.05958221 0.07140478 0.0007140478
0.059891707 0.071287729 0.00071287729
0.060201203 0.071112518 0.00071112518
0.0605107 0.071050636 0.00071050636
0.060820196 0.070623913 0.00070623913
0.061129691 0.070406694 0.00070406694
0.061439187 0.070548895 0.00070548895
0.061748681 0.070232025 0.00070232025
0.062058176 0.070523713 0.00070523713
0.06236767 0.069766842 0.00069766842
0.062677164 0.069828563 0.00069828563
0.062986658 0.069556933 0.00069556933
0.063296151 0.069608918 0.00069608918
0.063605644 0.069303505 0.00069303505
0.063915137 0.069221543 0.00069221543
0.064224629 0.069176573 0.00069176573
0.064534121 0.069194282 0.00069194282
0.064843612 0.068990551 0.00068990551
0.065153103 0.068526272 0.00068526272
0.065462594 0.068454041 0.00068454041
0.065772085 0.06802033 0.0006802033
0.066081575 0.067878156 0.00067878156
0.066391064 0.068153988 0.00068153988
0.066700554 0.067796473 0.00067796473
0.067010043 0.067839069 0.00067839069
0.067319531 0.067492172 0.00067492172
0.06762902 0.067548514 0.00067548514
0.067938508 0.067107708 0.00067107708
0.068247995 0.067106651 0.00067106651
0.068557482 0.066590105 0.00066590105
0.068866969 0.066651094 0.00066651094
0.069176455 0.066485069 0.00066485069
0.069485941 0.066424945 0.00066424945
0.069795427 0.066055654 0.00066055654
0.070104912 0.065817266 0.00065817266
0.070414397 0.065982979 0.00065982979
0.070723882 0.065416261 0.00065416261
0.071033366 0.065395496 0.00065395496
0.07134285 0.065235171 0.00065235171
0.071652333 0.065063659 0.00065063659
0.071961816 0.064972513 0.00064972513
0.072271298 0.064579734 0.00064579734
0.07258078 0.064259277 0.00064259277
0.072890262 0.064339811 0.00064339811
0.073199744 0.064157345 0.00064157345
0.073509225 0.063967327 0.00063967327
0.073818705 0.06403086 0.0006403086
0.074128185 0.06357163 0.0006357163
0.074437665 0.063268342 0.00063268342
0.074747144 0.06343094 0.0006343094
0.075056623 0.063036015 0.00063036015
0.075366102 0.062780578 0.00062780578
0.07567558 0.06262316 0.0006262316
0.075985058 0.062523987 0.00062523987
0.076294535 0.062359425 0.00062359425
0.076604012 0.062132897 0.00062132897
0.076913488 0.061933206 0.00061933206
0.077222964 0.061973156 0.00061973156
0.07753244 0.061906972 0.00061906972
0.077841915 0.061309274 0.00061309274
0.07815139 0.061283708 0.00061283708
0.078460864 0.061193351 0.00061193351
0.078770338 0.061015174 0.00061015174
0.079079812 0.060625773 0.00060625773
0.079389285 0.060614665 0.00060614665
0.079698757 0.060121701 0.00060121701
0.080008229 0.060244383 0.00060244383
0.080317701 0.059926966 0.00059926966
0.080627172 0.059866182 0.00059866182
0.080936643 0.059578525 0.00059578525
0.081246114 0.059280833 0.00059280833
0.081555584 0.059005441 0.00059005441
0.081865053 0.059023215 0.00059023215
0.082174522 0.058701524 0.00058701524
0.082483991 0.058587692 0.00058587692
0.082793459 0.058430328 0.00058430328
0.083102927 0.058249931 0.00058249931
0.083412394 0.057933042 0.00057933042
0.083721861 0.057902403 0.00057902403
0.084031327 0.057598298 0.00057598298
0.084340793 0.05722746 0.0005722746
0.084650259 0.057124836 0.00057124836
0.084959724 0.056970462 0.00056970462
0.085269188 0.056777342 0.00056777342
0.085578652 0.056693602 0.00056693602
0.085888116 0.056304564 0.00056304564
0.086197579 0.05609339 0.0005609339
0.086507042 0.056030823 0.00056030823
0.086816504 0.05590005 0.0005590005
0.087125966 0.055641117 0.00055641117
0.087435427 0.055450284 0.00055450284
0.087744888 0.055157695 0.00055157695
0.088054348 0.054957064 0.00054957064
0.088363808 0.054823292 0.00054823292
0.088673267 0.054613619 0.00054613619
0.088982726 0.054499673 0.00054499673
0.089292184 0.054259414 0.00054259414
0.089601642 0.054276053 0.00054276053
0.089911099 0.05401131 0.0005401131
0.090220556 0.053809759 0.00053809759
0.090530013 0.053548745 0.00053548745
0.090839469 0.053348387 0.00053348387
0.091148924 0.053131992 0.00053131992
0.091458379 0.052892036 0.00052892036
0.091767833 0.052766707 0.00052766707
0.092077287 0.052521536 0.00052521536
0.092386741 0.052470946 0.00052470946
0.092696194 0.052165565 0.00052165565
0.093005646 0.05202474 0.0005202474
0.093315098 0.051896715 0.00051896715
0.093624549 0.0516074 0.000516074
0.093934 0.051356972 0.00051356972
0.09424345 0.051099794 0.00051099794
0.0945529 0.050806984 0.00050806984
0.09486235 0.050644502 0.00050644502
0.095171798 0.050530094 0.00050530094
0.095481247 0.050205857 0.00050205857
0.095790694 0.050192418 0.00050192418
0.096100142 0.049932957 0.00049932957
0.096409588 0.049682966 0.00049682966
0.096719035 0.049561315 0.00049561315
0.09702848 0.049360896 0.00049360896
0.097337925 0.049225896 0.00049225896
0.09764737 0.048855957 0.00048855957
0.097956814 0.048756132 0.00048756132
0.098266257 0.048460626 0.00048460626
0.0985757 0.048279079 0.00048279079
0.098885143 0.048089414 0.00048089414
0.099194585 0.047967208 0.00047967208
0.099504026 0.047669131 0.00047669131
0.099813467 0.04764144 0.0004764144
0.10012291 0.047315533 0.00047315533
0.10043235 0.047149075 0.00047149075
0.10074179 0.046833915 0.00046833915
0.10105122 0.046692537 0.00046692537
0.10136066 0.046447217 0.00046447217
0.1016701 0.046168 0.00046168
0.10197954 0.046143306 0.00046143306
0.10228897 0.045872102 0.00045872102
0.10259841 0.045704018 0.00045704018
0.10290785 0.045399847 0.00045399847
0.10321728 0.045536246 0.00045536246
0.10352671 0.045084532 0.00045084532
0.10383615 0.044956315 0.00044956315
0.10414558 0.044615885 0.00044615885
0.10445501 0.044548293 0.00044548293
0.10476445 0.044373462 0.00044373462
0.10507388 0.04429774 0.0004429774
0.10538331 0.044091582 0.00044091582
0.10569274 0.043833448 0.00043833448
0.10600217 0.043549425 0.00043549425
0.1063116 0.043321856 0.00043321856
0.10662102 0.043121648 0.00043121648
0.10693045 0.043059701 0.00043059701
0.10723988 0.042813804 0.00042813804
0.10754931 0.042451892 0.00042451892
0.10785873 0.042405703 0.00042405703
0.10816816 0.04213649 0.0004213649
0.10847758 0.041880818 0.00041880818
0.10878701 0.041737315 0.00041737315
0.10909643 0.041658724 0.00041658724
0.10940585 0.041503053 0.00041503053
0.10971528 0.041222332 0.00041222332
0.1100247 0.040940721 0.00040940721
0.11033412 0.04072768 0.0004072768
0.11064354 0.040586491 0.00040586491
0.11095296 0.040315474 0.00040315474
0.11126238 0.040207705 0.00040207705
0.1115718 0.040081589 0.00040081589
0.11188122 0.039792117 0.00039792117
0.11219064 0.039484383 0.00039484383
0.11250005 0.039427545 0.00039427545
0.11280947 0.039386103 0.00039386103
0.11311889 0.039148154 0.00039148154
0.1134283 0.038850472 0.00038850472
0.11373772 0.038653288 0.00038653288
0.11404713 0.038598142 0.00038598142
0.11435654 0.03848499 0.0003848499
0.11466596 0.038221491 0.00038221491
0.11497537 0.037908964 0.00037908964
0.11528478 0.03780958 0.0003780958
0.11559419 0.037612139 0.00037612139
0.1159036 0.037248757 0.00037248757
0.11621301 0.037153846 0.00037153846
0.11652242 0.037148509 0.00037148509
0.11683183 0.036820198 0.00036820198
0.11714124 0.036637209 0.00036637209
0.11745064 0.036459874 0.00036459874
0.11776005 0.036229875 0.00036229875
0.11806945 0.03614105 0.0003614105
0.11837886 0.035951716 0.00035951716
0.11868826 0.035721503 0.00035721503
0.11899767 0.035653664 0.00035653664
0.11930707 0.035373143 0.00035373143
0.11961647 0.035119026 0.00035119026
0.11992588 0.035027336 0.00035027336
0.12023528 0.034862537 0.00034862537
0.12054468 0.034690234 0.00034690234
0.12085408 0.034423586 0.00034423586
0.12116348 0.034276365 0.00034276365
0.12147288 0.034088907 0.00034088907
0.12178227 0.034125796 0.00034125796
0.12209167 0.033730371 0.00033730371
0.12240107 0.033633211 0.00033633211
0.12271046 0.033438235 0.00033438235
0.12301986 0.033305435 0.00033305435
0.12332925 0.033074089 0.00033074089
0.12363865 0.032904379 0.00032904379
0.12394804 0.032853621 0.00032853621
0.12425743 0.03274392 0.0003274392
0.12456683 0.032460835 0.00032460835
0.12487622 0.032240952 0.00032240952
0.12518561 0.032092157 0.00032092157
0.125495 0.031958846 0.00031958846
0.12580439 0.031796382 0.00031796382
0.12611377 0.031665789 0.00031665789
0.12642316 0.031530765 0.00031530765
0.12673255 0.031231485 0.00031231485
0.12704194 0.03119568 0.0003119568
0.12735132 0.031091787 0.00031091787
0.12766071 0.030766057 0.00030766057
0.12797009 0.030685903 0.00030685903
0.12827947 0.030476781 0.00030476781
0.12858886 0.030474156 0.00030474156
0.12889824 0.030196957 0.00030196957
0.12920762 0.030056853 0.00030056853
0.129517 0.029966842 0.00029966842
0.12982638 0.029702944 0.00029702944
0.13013576 0.029720929 0.00029720929
0.13044514 0.029379961 0.00029379961
0.13075452 0.029297089 0.00029297089
0.1310639 0.029211077 0.00029211077
0.13137327 0.028977074 0.00028977074
0.13168265 0.028765117 0.00028765117
0.13199202 0.028640911 0.00028640911
0.1323014 0.028450735 0.00028450735
0.13261077 0.028419787 0.00028419787
0.13292015 0.028315755 0.00028315755
0.13322952 0.028098562 0.00028098562
0.13353889 0.027927134 0.00027927134
0.13384826 0.0277254 0.000277254
0.13415763 0.027742836 0.00027742836
0.134467 0.027557471 0.00027557471
0.13477637 0.027309967 0.00027309967
0.13508574 0.02729667 0.0002729667
0.1353951 0.02713542 0.0002713542
0.13570447 0.026873538 0.00026873538
0.13601383 0.026795812 0.00026795812
0.1363232 0.02665716 0.0002665716
0.13663256 0.026466201 0.00026466201
0.13694193 0.026386785 0.00026386785
0.13725129 0.026241249 0.00026241249
0.13756065 0.026125018 0.00026125018
0.13787001 0.026041794 0.00026041794
0.13817937 0.02583066 0.0002583066
0.13848873 0.025603678 0.00025603678
0.13879809 0.025595337 0.00025595337
0.13910745 0.025456961 0.00025456961
0.13941681 0.025387987 0.00025387987
0.13972616 0.025377028 0.00025377028
0.14003552 0.025051138 0.00025051138
0.14034488 0.025006001 0.00025006001
0.14065423 0.024742613 0.00024742613
0.14096358 0.024724356 0.00024724356
0.14127294 0.024553945 0.00024553945
0.14158229 0.024509952 0.00024509952
0.14189164 0.024416746 0.00024416746
0.14220099 0.024130342 0.00024130342
0.14251034 0.024085169 0.00024085169
0.14281969 0.023918521 0.00023918521
0.14312904 0.023850443 0.00023850443
0.14343838 0.023629802 0.00023629802
0.14374773 0.023499481 0.00023499481
0.14405708 0.023442326 0.00023442326
0.14436642 0.023307647 0.00023307647
0.14467577 0.023189965 0.00023189965
0.14498511 0.023025616 0.00023025616
0.14529445 0.022999797 0.00022999797
0.14560379 0.022830154 0.00022830154
0.14591314 0.022731164 0.00022731164
0.14622248 0.022608045 0.00022608045
0.14653182 0.022496365 0.00022496365
0.14684115 0.022373017 0.00022373017
0.14715049 0.022100044 0.00022100044
0.14745983 0.022112737 0.00022112737
0.14776917 0.022027211 0.00022027211
0.1480785 0.021901251 0.00021901251
0.14838784 0.021859299 0.00021859299
0.14869717 0.021677849 0.00021677849
0.1490065 0.021564322 0.00021564322
0.14931583 0.021517475 0.00021517475
0.14962517 0.021414407 0.00021414407
0.1499345 0.021245997 0.00021245997
0.15024383 0.021239581 0.00021239581
0.15055316 0.021020125 0.00021020125
0.15086248 0.020972356 0.00020972356
0.15117181 0.020929472 0.00020929472
0.15148114 0.020882291 0.00020882291
0.15179046 0.020614061 0.00020614061
0.15209979 0.02050846 0.0002050846
0.15240911 0.020318066 0.00020318066
0.15271844 0.020271093 0.00020271093
0.15302776 0.020098791 0.00020098791
0.15333708 0.02014372 0.0002014372
0.1536464 0.019988012 0.00019988012
0.15395572 0.019939851 0.00019939851
0.15426504 0.019816733 0.00019816733
0.15457436 0.019684546 0.00019684546
0.15488367 0.019580633 0.00019580633
0.15519299 0.019562605 0.00019562605
0.15550231 0.019605623 0.00019605623
0.15581162 0.019353191 0.00019353191
0.15612093 0.019237629 0.00019237629
0.15643025 0.019110321 0.00019110321
0.15673956 0.018936262 0.00018936262
0.15704887 0.018940669 0.00018940669
0.15735818 0.018885148 0.00018885148
0.15766749 0.018657348 0.00018657348
0.1579768 0.018658549 0.00018658549
0.15828611 0.018597176 0.00018597176
0.15859542 0.018453744 0.00018453744
0.15890472 0.0183602 0.000183602
0.15921403 0.018331606 0.00018331606
0.15952333 0.018219167 0.00018219167
0.15983264 0.018134036 0.00018134036
0.16014194 0.018031955 0.00018031955
0.16045124 0.017969616 0.00017969616
0.16076054 0.017882794 0.00017882794
0.16106984 0.01769046 0.0001769046
0.16137914 0.017653824 0.00017653824
0.16168844 0.017768344 0.00017768344
0.16199774 0.017497036 0.00017497036
0.16230703 0.017442199 0.00017442199
0.16261633 0.017331997 0.00017331997
0.16292562 0.017218446 0.00017218446
0.16323492 0.017188686 0.00017188686
0.16354421 0.017040726 0.00017040726
0.1638535 0.017033512 0.00017033512
0.16416279 0.017011548 0.00017011548
0.16447208 0.016868537 0.00016868537
0.16478137 0.016888182 0.00016888182
0.16509066 0.016767556 0.00016767556
0.16539995 0.016651687 0.00016651687
0.16570924 0.01661408 0.0001661408
0.16601852 0.016569447 0.00016569447
0.16632781 0.016500476 0.00016500476
0.16663709 0.016343732 0.00016343732
0.16694637 0.016371672 0.00016371672
0.16725566 0.016281912 0.00016281912
0.16756494 0.01614974 0.0001614974
0.16787422 0.01602057 0.0001602057
0.1681835 0.015983436 0.00015983436
0.16849278 0.01582061 0.0001582061
0.16880205 0.01582601 0.0001582601
0.16911133 0.015836236 0.00015836236
0.16942061 0.015710134 0.00015710134
0.16972988 0.015518495 0.00015518495
0.17003916 0.015536375 0.00015536375
0.17034843 0.015438516 0.00015438516
0.1706577 0.015392413 0.00015392413
0.17096697 0.015380821 0.00015380821
0.17127624 0.015343889 0.00015343889
0.17158551 0.015176039 0.00015176039
0.17189478 0.015110136 0.00015110136
0.17220405 0.015063134 0.00015063134
0.17251331 0.014967615 0.00014967615
0.17282258 0.014934872 0.00014934872
0.17313184 0.0149245 0.000149245
0.17344111 0.01479381 0.0001479381
0.17375037 0.014746234 0.00014746234
0.17405963 0.014695319 0.00014695319
0.17436889 0.014556631 0.00014556631
0.17467815 0.014489835 0.00014489835
0.17498741 0.014518993 0.00014518993
0.17529667 0.014354573 0.00014354573
0.17560593 0.014429142 0.00014429142
0.17591518 0.014282135 0.00014282135
0.17622444 0.014262473 0.00014262473
0.17653369 0.014125858 0.00014125858
0.17684295 0.014164747 0.00014164747
0.1771522 0.014101386 0.00014101386
0.17746145 0.014025636 0.00014025636
0.1777707 0.013937322 0.00013937322
0.17807995 0.013937546 0.00013937546
0.1783892 0.013742122 0.00013742122
0.17869844 0.013743568 0.00013743568
0.17900769 0.013632227 0.00013632227
0.17931694 0.013554131 0.00013554131
0.17962618 0.013600089 0.00013600089
0.17993542 0.013620047 0.00013620047
0.18024467 0.013546392 0.00013546392
0.18055391 0.013409321 0.00013409321
0.18086315 0.013455609 0.00013455609
0.18117239 0.013290381 0.00013290381
0.18148163 0.013322915 0.00013322915
0.18179086 0.013217059 0.00013217059
0.1821001 0.013215793 0.00013215793
0.18240934 0.013050741 0.00013050741
0.18271857 0.012987804 0.00012987804
0.1830278 0.013001785 0.00013001785
0.18333704 0.012907948 0.00012907948
0.18364627 0.012908634 0.00012908634
0.1839555 0.012873694 0.00012873694
0.18426473 0.012809973 0.00012809973
0.18457396 0.012795737 0.00012795737
0.18488318 0.012673058 0.00012673058
0.18519241 0.012611079 0.00012611079
0.18550164 0.01259115 0.0001259115
0.18581086 0.012613292 0.00012613292
0.18612009 0.012497425 0.00012497425
0.18642931 0.012379725 0.00012379725
0.18673853 0.012322451 0.00012322451
0.18704775 0.01244997 0.0001244997
0.18735697 0.012303474 0.00012303474
0.18766619 0.012214059 0.00012214059
0.1879754 0.01223181 0.0001223181
0.18828462 0.012166909 0.00012166909
0.18859384 0.012151247 0.00012151247
0.18890305 0.012095617 0.00012095617
0.18921226 0.01202603 0.0001202603
0.18952148 0.011992117 0.00011992117
0.18983069 0.011895768 0.00011895768
0.1901399 0.011955143 0.00011955143
0.19044911 0.011987961 0.00011987961
0.19075832 0.011808372 0.00011808372
0.19106752 0.011859769 0.00011859769
0.19137673 0.011731029 0.00011731029
0.19168593 0.011715405 0.00011715405
0.19199514 0.011661367 0.00011661367
0.19230434 0.011537658 0.00011537658
0.19261354 0.011585617 0.00011585617
0.19292274 0.011655791 0.00011655791
0.19323194 0.011473199 0.00011473199
0.19354114 0.011425784 0.00011425784
0.19385034 0.011390989 0.00011390989
0.19415954 0.011335246 0.00011335246
0.19446873 0.011378599 0.00011378599
0.19477793 0.011284636 0.00011284636
0.19508712 0.011220927 0.00011220927
0.19539631 0.011158409 0.00011158409
0.1957055 0.011195145 0.00011195145
0.19601469 0.01111632 0.0001111632
0.19632388 0.01111686 0.0001111686
0.19663307 0.011130332 0.00011130332
0.19694226 0.010935446 0.00010935446
0.19725144 0.011052593 0.00011052593
0.19756063 0.010882383 0.00010882383
0.19786981 0.010936761 0.00010936761
0.19817899 0.010861604 0.00010861604
0.19848818 0.010729596 0.00010729596
0.19879736 0.010660802 0.00010660802
0.19910654 0.010650887 0.00010650887
0.19941572 0.010688283 0.00010688283
0.19972489 0.010604243 0.00010604243
0.20003407 0.010608348 0.00010608348
0.20034324 0.010589705 0.00010589705
0.20065242 0.010600868 0.00010600868
0.20096159 0.010720241 0.00010720241
0.20127076 0.010529837 0.00010529837
0.20157993 0.010554879 0.00010554879
0.2018891 0.010456542 0.00010456542
0.20219827 0.010369921 0.00010369921
0.20250744 0.010366143 0.00010366143
0.20281661 0.010377441 0.00010377441
0.20312577 0.010260001 0.00010260001
0.20343493 0.010271472 0.00010271472
0.2037441 0.010191601 0.00010191601
0.20405326 0.01015167 0.0001015167
0.20436242 0.010098845 0.00010098845
0.20467158 0.010090843 0.00010090843
0.20498074 0.010194767 0.00010194767
0.2052899 0.010141044 0.00010141044
0.20559905 0.010151794 0.00010151794
0.20590821 0.010004629 0.00010004629
0.20621736 0.010166719 0.00010166719
0.20652651 0.0099000531 9.9000531e-05
0.20683567 0.0099976306 9.9976306e-05
0.20714482 0.0099840626 9.9840626e-05
0.20745397 0.0098935388 9.8935388e-05
0.20776312 0.0098721424 9.8721424e-05
0.20807226 0.009836574 9.836574e-05
0.20838141 0.0097769434 9.7769434e-05
0.20869055 0.0097572729 9.7572729e-05
0.2089997 0.0097227545 9.7227545e-05
0.20930884 0.0096861242 9.6861242e-05
0.20961798 0.0097137054 9.7137054e-05
0.20992712 0.0096438709 9.6438709e-05
0.21023626 0.0096138677 9.6138677e-05
0.2105454 0.0095787922 9.5787922e-05
0.21085454 0.0096636493 9.6636493e-05
0.21116367 0.0095379828 9.5379828e-05
0.21147281 0.0094123108 9.4123108e-05
0.21178194 0.0095204459 9.5204459e-05
0.21209107 0.0094853581 9.4853581e-05
0.21240021 0.0094713935 9.4713935e-05
0.21270934 0.0093900541 9.3900541e-05
0.21301846 0.0094134984 9.4134984e-05
0.21332759 0.0094429115 9.4429115e-05
0.21363672 0.0093142926 9.3142926e-05
0.21394584 0.0091937757 9.1937757e-05
0.21425497 0.009303506 9.303506e-05
0.21456409 0.0092771698 9.2771698e-05
0.21487321 0.009230814 9.230814e-05
0.21518234 0.0092743 9.2743e-05
0.21549145 0.0092177396 9.2177396e-05
0.21580057 0.0092302131 9.2302131e-05
0.21610969 0.0091577126 9.1577126e-05
0.21641881 0.0090784775 9.0784775e-05
0.21672792 0.009139902 9.139902e-05
0.21703704 0.0091215734 9.1215734e-05
0.21734615 0.009119851 9.119851e-05
0.21765526 0.0090512421 9.0512421e-05
0.21796437 0.0090039261 9.0039261e-05
0.21827348 0.0090570217 9.0570217e-05
0.21858259 0.0089806878 8.9806878e-05
0.21889169 0.0089582608 8.9582608e-05
0.2192008 0.0088821372 8.8821372e-05
0.2195099 0.0088312392 8.8312392e-05
0.21981901 0.0089436102 8.9436102e-05
0.22012811 0.0089412841 8.9412841e-05
0.22043721 0.0088486275 8.8486275e-05
0.22074631 0.0088266 8.8266e-05
0.22105541 0.0088159129 8.8159129e-05
0.2213645 0.0088495222 8.8495222e-05
0.2216736 0.0087824887 8.7824887e-05
0.22198269 0.0087903253 8.7903253e-05
0.22229179 0.0087851883 8.7851883e-05
0.22260088 0.0085985425 8.5985425e-05
0.22290997 0.0087291463 8.7291463e-05
0.22321906 0.0086395975 8.6395975e-05
0.22352815 0.0087049872 8.7049872e-05
0.22383724 0.0086837145 8.6837145e-05
0.22414632 0.0086141931 8.6141931e-05
0.22445541 0.0086764074 8.6764074e-05
0.22476449 0.008635866 8.635866e-05
0.22507357 0.008556275 8.556275e-05
0.22538265 0.008529091 8.529091e-05
0.22569174 0.0086040568 8.6040568e-05
0.22600081 0.0083355642 8.3355642e-05
0.22630989 0.008429407 8.429407e-05
0.22661897 0.0084652936 8.4652936e-05
0.22692804 0.0085160612 8.5160612e-05
0.22723712 0.0083814716 8.3814716e-05
0.22754619 0.0084426014 8.4426014e-05
0.22785526 0.0084882638 8.4882638e-05
0.22816433 0.0082890795 8.2890795e-05
0.2284734 0.0083345228 8.3345228e-05
0.22878247 0.0083062706 8.3062706e-05
0.22909153 0.0083640379 8.3640379e-05
0.2294006 0.0083350394 8.3350394e-05
0.22970966 0.0082962536 8.2962536e-05
0.23001873 0.0082700338 8.2700338e-05
0.23032779 0.0082817574 8.2817574e-05
0.23063685 0.0081941767 8.1941767e-05
0.23094591 0.0082683555 8.2683555e-05
0.23125496 0.008242385 8.242385e-05
0.23156402 0.0082065062 8.2065062e-05
0.23187308 0.008184162 8.184162e-05
0.23218213 0.0082075 8.2075e-05
0.23249118 0.0081520448 8.1520448e-05
0.23280023 0.0081656292 8.1656292e-05
0.23310928 0.0081656346 8.1656346e-05
0.23341833 0.008187299 8.187299e-05
0.23372738 0.008050064 8.050064e-05
0.23403643 0.008074766 8.074766e-05
0.23434547 0.0080042053 8.0042053e-05
0.23465451 0.0081286757 8.1286757e-05
0.23496356 0.0081037864 8.1037864e-05
0.2352726 0.0080902023 8.0902023e-05
0.23558164 0.00804385 8.04385e-05
0.23589068 0.0080157249 8.0157249e-05
0.23619971 0.00796452 7.96452e-05
0.23650875 0.0079271455 7.9271455e-05
0.23681778 0.0079067765 7.9067765e-05
0.23712682 0.0078975586 7.8975586e-05
0.23743585 0.007926069 7.926069e-05
0.23774488 0.0079014129 7.9014129e-05
0.23805391 0.0078299464 7.8299464e-05
0.23836294 0.0077848848 7.7848848e-05
0.23867197 0.0078326667 7.8326667e-05
0.23898099 0.0078139334 7.8139334e-05
0.23929002 0.0078785329 7.8785329e-05
0.23959904 0.0078963155 7.8963155e-05
0.23990806 0.0077709154 7.7709154e-05
0.24021708 0.0078383827 7.8383827e-05
0.2405261 0.0077874822 7.7874822e-05
0.24083512 0.0077601536 7.7601536e-05
0.24114413 0.0078302456 7.8302456e-05
0.24145315 0.0077875078 7.7875078e-05
0.24176216 0.0077501256 7.7501256e-05
0.24207118 0.0076953065 7.6953065e-05
0.24238019 0.0076831035 7.6831035e-05
0.2426892 0.007736042 7.736042e-05
0.24299821 0.0078460602 7.8460602e-05
0.24330721 0.0076915587 7.6915587e-05
0.24361622 0.007668148 7.668148e-05
0.24392522 0.0076234963 7.6234963e-05
0.24423423 0.0076191772 7.6191772e-05
0.24454323 0.007741947 7.741947e-05
0.24485223 0.0075153346 7.5153346e-05
0.24516123 0.0075862077 7.5862077e-05
0.24547023 0.0076414312 7.6414312e-05
0.24577922 0.0076312899 7.6312899e-05
0.24608822 0.0075764318 7.5764318e-05
0.24639721 0.007628684 7.628684e-05
0.24670621 0.0075770929 7.5770929e-05
0.2470152 0.007606485 7.606485e-05
0.24732419 0.00755792 7.55792e-05
0.24763318 0.0076249357 7.6249357e-05
0.24794216 0.0075541127 7.5541127e-05
0.24825115 0.0074122862 7.4122862e-05
0.24856013 0.007550296 7.550296e-05
0.24886912 0.0075138519 7.5138519e-05
0.2491781 0.0074687905 7.4687905e-05
0.24948708 0.0075607903 7.5607903e-05
0.24979606 0.0074341583 7.4341583e-05
0.25010504 0.0075519879 7.5519879e-05
0.25041401 0.0074256581 7.4256581e-05
0.25072299 0.0074885622 7.4885622e-05
0.25103196 0.0075760264 7.5760264e-05
0.25134093 0.0074302459 7.4302459e-05
0.2516499 0.0074783057 7.4783057e-05
0.25195887 0.0074577754 7.4577754e-05
0.25226784 0.0074589183 7.4589183e-05
0.25257681 0.0074380653 7.4380653e-05
0.25288577 0.0074003131 7.4003131e-05
0.25319474 0.0074128843 7.4128843e-05
0.2535037 0.0073687501 7.3687501e-05
0.25381266 0.0073889312 7.3889312e-05
0.25412162 0.0073898049 7.3898049e-05
0.25443058 0.0073677066 7.3677066e-05
0.25473954 0.0073083565 7.3083565e-05
0.25504849 0.0073737502 7.3737502e-05
0.25535745 0.0073567519 7.3567519e-05
0.2556664 0.0073326501 7.3326501e-05
0.25597535 0.0072408249 7.2408249e-05
0.2562843 0.0073002718 7.3002718e-05
0.25659325 0.0073348459 7.3348459e-05
0.2569022 0.0073860359 7.3860359e-05
0.25721115 0.0074401198 7.4401198e-05
0.25752009 0.00736519 7.36519e-05
0.25782903 0.0073021338 7.3021338e-05
0.25813798 0.0072290262 7.2290262e-05
0.25844692 0.0072606156 7.2606156e-05
0.25875585 0.0072364178 7.2364178e-05
0.25906479 0.0071805578 7.1805578e-05
0.25937373 0.0073940372 7.3940372e-05
0.25968266 0.0073281413 7.3281413e-05
0.2599916 0.0073870043 7.3870043e-05
0.26030053 0.007305013 7.305013e-05
0.26060946 0.0073478581 7.3478581e-05
0.26091839 0.0072137544 7.2137544e-05
0.26122732 0.007241542 7.241542e-05
0.26153624 0.0073036406 7.3036406e-05
0.26184517 0.007319314 7.319314e-05
0.26215409 0.0072851393 7.2851393e-05
0.26246301 0.0071707491 7.1707491e-05
0.26277193 0.0071643572 7.1643572e-05
0.26308085 0.0072162463 7.2162463e-05
0.26338977 0.0072153733 7.2153733e-05
0.26369869 0.0071859768 7.1859768e-05
0.2640076 0.007213882 7.213882e-05
0.26431651 0.0071797071 7.1797071e-05
0.26462543 0.0071702196 7.1702196e-05
0.26493434 0.0071970441 7.1970441e-05
0.26524325 0.0072265132 7.2265132e-05
0.26555215 0.0072041485 7.2041485e-05
0.26586106 0.007105536 7.105536e-05
0.26616996 0.0071281152 7.1281152e-05
0.26647887 0.0071327885 7.1327885e-05
0.26678777 0.0071582503 7.1582503e-05
0.26709667 0.0071432713 7.1432713e-05
0.26740557 0.0070448951 7.0448951e-05
0.26771447 0.0070442811 7.0442811e-05
0.26802336 0.0071402615 7.1402615e-05
0.26833226 0.0070424169 7.0424169e-05
0.26864115 0.007013855 7.013855e-05
0.26895004 0.0072355645 7.2355645e-05
0.26925893 0.0070698548 7.0698548e-05
0.26956782 0.0069848615 6.9848615e-05
0.26987671 0.0070403037 7.0403037e-05
0.27018559 0.0070827376 7.0827376e-05
0.27049448 0.0070712686 7.0712686e-05
0.27080336 0.0070855045 7.0855045e-05
0.27111224 0.0070258786 7.0258786e-05
0.27142112 0.0071212407 7.1212407e-05
0.27173 0.0071532718 7.1532718e-05
0.27203888 0.0070377979 7.0377979e-05
0.27234775 0.0069989729 6.9989729e-05
0.27265663 0.0071148884 7.1148884e-05
0.2729655 0.0071173193 7.1173193e-05
0.27327437 0.0071020589 7.1020589e-05
0.27358324 0.0070803902 7.0803902e-05
0.27389211 0.0069777255 6.9777255e-05
0.27420098 0.0069302856 6.9302856e-05
0.27450984 0.0070577275 7.0577275e-05
0.2748187 0.007055314 7.055314e-05
0.27512757 0.0071029629 7.1029629e-05
0.27543643 0.0069664657 6.9664657e-05
0.27574529 0.0069685506 6.9685506e-05
0.27605414 0.0068267281 6.8267281e-05
0.276363 0.006943993 6.943993e-05
0.27667185 0.0070235578 7.0235578e-05
0.27698071 0.0069446111 6.9446111e-05
0.27728956 0.0069997712 6.9997712e-05
0.27759841 0.0069831149 6.9831149e-05
0.27790726 0.0069344426 6.9344426e-05
0.2782161 0.0068937455 6.8937455e-05
0.27852495 0.0069074117 6.9074117e-05
0.27883379 0.0068691892 6.8691892e-05
0.27914264 0.0068724716 6.8724716e-05
0.27945148 0.0068620404 6.8620404e-05
0.27976032 0.0069958908 6.9958908e-05
0.28006915 0.007021259 7.021259e-05
0.28037799 0.006841687 6.841687e-05
0.28068683 0.0070290771 7.0290771e-05
0.28099566 0.006888069 6.888069e-05
0.28130449 0.006910721 6.910721e-05
0.28161332 0.0069447861 6.9447861e-05
0.28192215 0.0070042347 7.0042347e-05
0.28223098 0.0068935682 6.8935682e-05
0.2825398 0.0068406083 6.8406083e-05
0.28284863 0.0068080574 6.8080574e-05
0.28315745 0.0068596314 6.8596314e-05
0.28346627 0.0068340154 6.8340154e-05
0.28377509 0.0068030497 6.8030497e-05
0.28408391 0.0068709199 6.8709199e-05
0.28439272 0.0068566779 6.8566779e-05
0.28470154 0.006905742 6.905742e-05
0.28501035 0.0068341175 6.8341175e-05
0.28531916 0.0069670962 6.9670962e-05
0.28562797 0.0068451176 6.8451176e-05
0.28593678 0.0066213105 6.6213105e-05
0.28624559 0.0069165843 6.9165843e-05
0.2865544 0.0068695004 6.8695004e-05
0.2868632 0.0069111344 6.9111344e-05
0.287172 0.0068938392 6.8938392e-05
0.2874808 0.0069532154 6.9532154e-05
0.2877896 0.0068525079 6.8525079e-05
0.2880984 0.006804808 6.804808e-05
0.2884072 0.0067681817 6.7681817e-05
0.28871599 0.0068500836 6.8500836e-05
0.28902478 0.006804937 6.804937e-05
0.28933358 0.0068730344 6.8730344e-05
0.28964237 0.0067739109 6.7739109e-05
0.28995115 0.0068172934 6.8172934e-05
0.29025994 0.006912248 6.912248e-05
0.29056873 0.0068633503 6.8633503e-05
0.29087751 0.006943205 6.943205e-05
0.29118629 0.0068281748 6.8281748e-05
0.29149507 0.0069048567 6.9048567e-05
0.29180385 0.0068484046 6.8484046e-05
0.29211263 0.0068378787 6.8378787e-05
0.2924214 0.0070203755 7.0203755e-05
0.29273018 0.0067386493 6.7386493e-05
0.29303895 0.0067095939 6.7095939e-05
0.29334772 0.0067896836 6.7896836e-05
0.29365649 0.0068319987 6.8319987e-05
0.29396526 0.006927821 6.927821e-05
0.29427402 0.0068513761 6.8513761e-05
0.29458279 0.006816351 6.816351e-05
0.29489155 0.0067718062 6.7718062e-05
0.29520031 0.0067558829 6.7558829e-05
0.29550907 0.0068574327 6.8574327e-05
0.29581783 0.0068062359 6.8062359e-05
0.29612659 0.0067712172 6.7712172e-05
0.29643534 0.0066237008 6.6237008e-05
0.2967441 0.0066987313 6.6987313e-05
0.29705285 0.0067566649 6.7566649e-05
0.2973616 0.0068383133 6.8383133e-05
0.29767035 0.0067818877 6.7818877e-05
0.29797909 0.006740533 6.740533e-05
0.29828784 0.006766484 6.766484e-05
0.29859658 0.0067740801 6.7740801e-05
0.29890532 0.0068930718 6.8930718e-05
0.29921406 0.0066747323 6.6747323e-05
0.2995228 0.006601569 6.601569e-05
0.29983154 0.0066845293 6.6845293e-05
