0.010059664 0.041366489 0.00041366489
0.010369191 0.042205029 0.00042205029
0.010678719 0.042904067 0.00042904067
0.010988246 0.045009957 0.00045009957
0.011297773 0.043436884 0.00043436884
0.0116073 0.046896991 0.00046896991
0.011916828 0.047606698 0.00047606698
0.012226355 0.045378386 0.00045378386
0.012535882 0.048903754 0.00048903754
0.012845409 0.049190321 0.00049190321
0.013154936 0.050301007 0.00050301007
0.013464463 0.048788357 0.00048788357
0.013773989 0.048870087 0.00048870087
0.014083516 0.049527894 0.00049527894
0.014393043 0.048993014 0.00048993014
0.014702569 0.049714708 0.00049714708
0.015012096 0.049499616 0.00049499616
0.015321622 0.049663968 0.00049663968
0.015631148 0.049652512 0.00049652512
0.015940675 0.051125199 0.00051125199
0.016250201 0.050450973 0.00050450973
0.016559727 0.049344412 0.00049344412
0.016869253 0.050493045 0.00050493045
0.017178779 0.051031058 0.00051031058
0.017488304 0.050341929 0.00050341929
0.01779783 0.049380818 0.00049380818
0.018107355 0.05045896 0.0005045896
0.018416881 0.049832198 0.00049832198
0.018726406 0.049355353 0.00049355353
0.019035932 0.049977132 0.00049977132
0.019345457 0.04941578 0.0004941578
0.019654982 0.049658589 0.00049658589
0.019964507 0.049087634 0.00049087634
0.020274032 0.049328604 0.00049328604
0.020583556 0.049568601 0.00049568601
0.020893081 0.0505393 0.000505393
0.021202605 0.049439668 0.00049439668
0.02151213 0.049114743 0.00049114743
0.021821654 0.048481776 0.00048481776
0.022131178 0.049496882 0.00049496882
0.022440702 0.048498945 0.00048498945
0.022750226 0.047719975 0.00047719975
0.02305975 0.047132592 0.00047132592
0.023369274 0.047001433 0.00047001433
0.023678797 0.046924984 0.00046924984
0.023988321 0.045901663 0.00045901663
0.024297844 0.046305007 0.00046305007
0.024607367 0.044968376 0.00044968376
0.02491689 0.045338932 0.00045338932
0.025226413 0.04584127 0.0004584127
0.025535936 0.045013926 0.00045013926
0.025845458 0.045468848 0.00045468848
0.026154981 0.044804147 0.00044804147
0.026464503 0.045536493 0.00045536493
0.026774025 0.04428509 0.0004428509
0.027083547 0.044125932 0.00044125932
0.027393069 0.044755373 0.00044755373
0.027702591 0.044977989 0.00044977989
0.028012112 0.044282981 0.00044282981
0.028321634 0.044616958 0.00044616958
0.028631155 0.045372301 0.00045372301
0.028940676 0.045321694 0.00045321694
0.029250197 0.045174686 0.00045174686
0.029559718 0.045451854 0.00045451854
0.029869238 0.045375972 0.00045375972
0.030178759 0.045417775 0.00045417775
0.030488279 0.045263762 0.00045263762
0.030797799 0.044739738 0.00044739738
0.031107319 0.044730048 0.00044730048
0.031416839 0.044682561 0.00044682561
0.031726359 0.045233752 0.00045233752
0.032035878 0.04457105 0.0004457105
0.032345397 0.04473783 0.0004473783
0.032654916 0.044605109 0.00044605109
0.032964435 0.044743778 0.00044743778
0.033273954 0.044509495 0.00044509495
0.033583473 0.044093797 0.00044093797
0.033892991 0.043984187 0.00043984187
0.034202509 0.044180567 0.00044180567
0.034512027 0.04375885 0.0004375885
0.034821545 0.04368877 0.0004368877
0.035131063 0.043436981 0.00043436981
0.03544058 0.043562301 0.00043562301
0.035750097 0.043431038 0.00043431038
0.036059614 0.043054609 0.00043054609
0.036369131 0.043318584 0.00043318584
0.036678648 0.042980509 0.00042980509
0.036988164 0.042828038 0.00042828038
0.03729768 0.043010182 0.00043010182
0.037607196 0.042616762 0.00042616762
0.037916712 0.042812144 0.00042812144
0.038226228 0.042532514 0.00042532514
0.038535743 0.042077444 0.00042077444
0.038845259 0.041636999 0.00041636999
0.039154774 0.042057197 0.00042057197
0.039464288 0.042035024 0.00042035024
0.039773803 0.041555049 0.00041555049
0.040083317 0.041860255 0.00041860255
0.040392831 0.04140844 0.0004140844
0.040702345 0.041500624 0.00041500624
0.041011859 0.041220893 0.00041220893
0.041321372 0.040765883 0.00040765883
0.041630886 0.041099863 0.00041099863
0.041940399 0.040918183 0.00040918183
0.042249911 0.040719635 0.00040719635
0.042559424 0.040482822 0.00040482822
0.042868936 0.040656221 0.00040656221
0.043178448 0.04024345 0.0004024345
0.04348796 0.040521869 0.00040521869
0.043797472 0.040496498 0.00040496498
0.044106983 0.040116729 0.00040116729
0.044416494 0.039978614 0.00039978614
0.044726005 0.039747313 0.00039747313
0.045035516 0.03966693 0.0003966693
0.045345026 0.039755305 0.00039755305
0.045654536 0.039397528 0.00039397528
0.045964046 0.039516907 0.00039516907
0.046273556 0.039504033 0.00039504033
0.046583065 0.039094236 0.00039094236
0.046892575 0.0394577 0.000394577
0.047202083 0.038650867 0.00038650867
0.047511592 0.038494889 0.00038494889
0.0478211 0.038744231 0.00038744231
0.048130609 0.038496945 0.00038496945
0.048440116 0.038502922 0.00038502922
0.048749624 0.038347028 0.00038347028
0.049059131 0.038113254 0.00038113254
0.049368638 0.038109027 0.00038109027
0.049678145 0.038096877 0.00038096877
0.049987652 0.037913993 0.00037913993
0.050297158 0.037646327 0.00037646327
0.050606664 0.037661959 0.00037661959
0.05091617 0.03763834 0.0003763834
0.051225675 0.037710792 0.00037710792
0.05153518 0.037540177 0.00037540177
0.051844685 0.037444893 0.00037444893
0.05215419 0.037161935 0.00037161935
0.052463694 0.036861272 0.00036861272
0.052773198 0.036720934 0.00036720934
0.053082702 0.036965525 0.00036965525
0.053392205 0.036716952 0.00036716952
0.053701708 0.036656745 0.00036656745
0.054011211 0.036442649 0.00036442649
0.054320713 0.036678623 0.00036678623
0.054630216 0.03615327 0.0003615327
0.054939718 0.035887705 0.00035887705
0.055249219 0.03609534 0.0003609534
0.055558721 0.035598158 0.00035598158
0.055868222 0.035704993 0.00035704993
0.056177722 0.0355141 0.000355141
0.056487223 0.035282201 0.00035282201
0.056796723 0.035123229 0.00035123229
0.057106223 0.035233734 0.00035233734
0.057415722 0.034993017 0.00034993017
0.057725221 0.034831868 0.00034831868
0.05803472 0.034957075 0.00034957075
0.058344219 0.034893279 0.00034893279
0.058653717 0.034539592 0.00034539592
0.058963215 0.034121174 0.00034121174
0.059272713 0.034332711 0.00034332711
0.05958221 0.03405511 0.0003405511
0.059891707 0.034325293 0.00034325293
0.060201203 0.034035304 0.00034035304
0.0605107 0.033868955 0.00033868955
0.060820196 0.033562888 0.00033562888
0.061129691 0.033472459 0.00033472459
0.061439187 0.033604311 0.00033604311
0.061748681 0.033044704 0.00033044704
0.062058176 0.03327525 0.0003327525
0.06236767 0.032885305 0.00032885305
0.062677164 0.032877923 0.00032877923
0.062986658 0.032910006 0.00032910006
0.063296151 0.032666944 0.00032666944
0.063605644 0.032432406 0.00032432406
0.063915137 0.032437943 0.00032437943
0.064224629 0.032361127 0.00032361127
0.064534121 0.032248488 0.00032248488
0.064843612 0.032285057 0.00032285057
0.065153103 0.031927455 0.00031927455
0.065462594 0.031832098 0.00031832098
0.065772085 0.031467202 0.00031467202
0.066081575 0.031569729 0.00031569729
0.066391064 0.031542786 0.00031542786
0.066700554 0.031246881 0.00031246881
0.067010043 0.031103109 0.00031103109
0.067319531 0.030979458 0.00030979458
0.06762902 0.030981999 0.00030981999
0.067938508 0.030720762 0.00030720762
0.068247995 0.030632242 0.00030632242
0.068557482 0.030329178 0.00030329178
0.068866969 0.030525429 0.00030525429
0.069176455 0.030387306 0.00030387306
0.069485941 0.030110114 0.00030110114
0.069795427 0.029913631 0.00029913631
0.070104912 0.029879512 0.00029879512
0.070414397 0.029786926 0.00029786926
0.070723882 0.029585354 0.00029585354
0.071033366 0.029537248 0.00029537248
0.07134285 0.029355336 0.00029355336
0.071652333 0.029027022 0.00029027022
0.071961816 0.029095528 0.00029095528
0.072271298 0.028722028 0.00028722028
0.07258078 0.02866323 0.0002866323
0.072890262 0.028444681 0.00028444681
0.073199744 0.028493183 0.00028493183
0.073509225 0.02831063 0.0002831063
0.073818705 0.028264579 0.00028264579
0.074128185 0.028154205 0.00028154205
0.074437665 0.027903712 0.00027903712
0.074747144 0.027921412 0.00027921412
0.075056623 0.027742041 0.00027742041
0.075366102 0.02750799 0.0002750799
0.07567558 0.027434957 0.00027434957
0.075985058 0.027362449 0.00027362449
0.076294535 0.027164895 0.00027164895
0.076604012 0.027053338 0.00027053338
0.076913488 0.02694222 0.0002694222
0.077222964 0.026672605 0.00026672605
0.07753244 0.026756635 0.00026756635
0.077841915 0.026358284 0.00026358284
0.07815139 0.026234088 0.00026234088
0.078460864 0.026188564 0.00026188564
0.078770338 0.026131975 0.00026131975
0.079079812 0.025973776 0.00025973776
0.079389285 0.025729228 0.00025729228
0.079698757 0.025709552 0.00025709552
0.080008229 0.025677555 0.00025677555
0.080317701 0.025532306 0.00025532306
0.080627172 0.025270871 0.00025270871
0.080936643 0.025300714 0.00025300714
0.081246114 0.025125275 0.00025125275
0.081555584 0.024857963 0.00024857963
0.081865053 0.024840095 0.00024840095
0.082174522 0.024603586 0.00024603586
0.082483991 0.024491437 0.00024491437
0.082793459 0.024343599 0.00024343599
0.083102927 0.024310461 0.00024310461
0.083412394 0.024129553 0.00024129553
0.083721861 0.024133639 0.00024133639
0.084031327 0.023824778 0.00023824778
0.084340793 0.023581913 0.00023581913
0.084650259 0.023537939 0.00023537939
0.084959724 0.023329708 0.00023329708
0.085269188 0.02339446 0.0002339446
0.085578652 0.023269748 0.00023269748
0.085888116 0.023024143 0.00023024143
0.086197579 0.022983757 0.00022983757
0.086507042 0.022801308 0.00022801308
0.086816504 0.022547715 0.00022547715
0.087125966 0.022771057 0.00022771057
0.087435427 0.022553023 0.00022553023
0.087744888 0.022311405 0.00022311405
0.088054348 0.022168381 0.00022168381
0.088363808 0.022096951 0.00022096951
0.088673267 0.021846856 0.00021846856
0.088982726 0.021910756 0.00021910756
0.089292184 0.021668112 0.00021668112
0.089601642 0.021707114 0.00021707114
0.089911099 0.021522014 0.00021522014
0.090220556 0.021351004 0.00021351004
0.090530013 0.021367169 0.00021367169
0.090839469 0.021147829 0.00021147829
0.091148924 0.02099428 0.0002099428
0.091458379 0.020900069 0.00020900069
0.091767833 0.020891778 0.00020891778
0.092077287 0.020647954 0.00020647954
0.092386741 0.020524246 0.00020524246
0.092696194 0.020418498 0.00020418498
0.093005646 0.02030781 0.0002030781
0.093315098 0.020006205 0.00020006205
0.093624549 0.02016382 0.0002016382
0.093934 0.01986864 0.0001986864
0.09424345 0.019840996 0.00019840996
0.0945529 0.01967468 0.0001967468
0.09486235 0.01935999 0.0001935999
0.095171798 0.019475152 0.00019475152
0.095481247 0.019213687 0.00019213687
0.095790694 0.0192503 0.000192503
0.096100142 0.019072417 0.00019072417
0.096409588 0.018900047 0.00018900047
0.096719035 0.018870699 0.00018870699
0.09702848 0.018677605 0.00018677605
0.097337925 0.018664259 0.00018664259
0.09764737 0.01835757 0.0001835757
0.097956814 0.018328238 0.00018328238
0.098266257 0.018298537 0.00018298537
0.0985757 0.018015523 0.00018015523
0.098885143 0.018021717 0.00018021717
0.099194585 0.017950854 0.00017950854
0.099504026 0.017849772 0.00017849772
0.099813467 0.017670444 0.00017670444
0.10012291 0.017662095 0.00017662095
0.10043235 0.017435225 0.00017435225
0.10074179 0.017342871 0.00017342871
0.10105122 0.017232562 0.00017232562
0.10136066 0.017093225 0.00017093225
0.1016701 0.016977175 0.00016977175
0.10197954 0.016940615 0.00016940615
0.10228897 0.016793498 0.00016793498
0.10259841 0.01663781 0.0001663781
0.10290785 0.016493788 0.00016493788
0.10321728 0.01641685 0.0001641685
0.10352671 0.016257541 0.00016257541
0.10383615 0.016280937 0.00016280937
0.10414558 0.016154806 0.00016154806
0.10445501 0.015996081 0.00015996081
0.10476445 0.015909042 0.00015909042
0.10507388 0.015835065 0.00015835065
0.10538331 0.015784963 0.00015784963
0.10569274 0.01572703 0.0001572703
0.10600217 0.015456352 0.00015456352
0.1063116 0.015375684 0.00015375684
0.10662102 0.015278576 0.00015278576
0.10693045 0.015277505 0.00015277505
0.10723988 0.015201733 0.00015201733
0.10754931 0.014971698 0.00014971698
0.10785873 0.014970372 0.00014970372
0.10816816 0.01472712 0.0001472712
0.10847758 0.014709184 0.00014709184
0.10878701 0.014571703 0.00014571703
0.10909643 0.014575598 0.00014575598
0.10940585 0.014493366 0.00014493366
0.10971528 0.014430008 0.00014430008
0.1100247 0.014200187 0.00014200187
0.11033412 0.014140787 0.00014140787
0.11064354 0.014032962 0.00014032962
0.11095296 0.01377725 0.0001377725
0.11126238 0.013741035 0.00013741035
0.1115718 0.013718515 0.00013718515
0.11188122 0.01368646 0.0001368646
0.11219064 0.013577357 0.00013577357
0.11250005 0.013505813 0.00013505813
0.11280947 0.013488499 0.00013488499
0.11311889 0.013334253 0.00013334253
0.1134283 0.013198049 0.00013198049
0.11373772 0.013086182 0.00013086182
0.11404713 0.013029419 0.00013029419
0.11435654 0.012922638 0.00012922638
0.11466596 0.012912124 0.00012912124
0.11497537 0.012742467 0.00012742467
0.11528478 0.012706995 0.00012706995
0.11559419 0.012659473 0.00012659473
0.1159036 0.012488153 0.00012488153
0.11621301 0.012371822 0.00012371822
0.11652242 0.012295238 0.00012295238
0.11683183 0.012224611 0.00012224611
0.11714124 0.012160516 0.00012160516
0.11745064 0.011985484 0.00011985484
0.11776005 0.011925817 0.00011925817
0.11806945 0.011870593 0.00011870593
0.11837886 0.011783074 0.00011783074
0.11868826 0.01173731 0.0001173731
0.11899767 0.011678404 0.00011678404
0.11930707 0.01155921 0.0001155921
0.11961647 0.011448004 0.00011448004
0.11992588 0.011484308 0.00011484308
0.12023528 0.011326492 0.00011326492
0.12054468 0.011226539 0.00011226539
0.12085408 0.011190373 0.00011190373
0.12116348 0.011124641 0.00011124641
0.12147288 0.01096103 0.0001096103
0.12178227 0.010877914 0.00010877914
0.12209167 0.010835012 0.00010835012
0.12240107 0.010779795 0.00010779795
0.12271046 0.010769806 0.00010769806
0.12301986 0.010724715 0.00010724715
0.12332925 0.010484484 0.00010484484
0.12363865 0.010452016 0.00010452016
0.12394804 0.010520192 0.00010520192
0.12425743 0.010394778 0.00010394778
0.12456683 0.010257705 0.00010257705
0.12487622 0.010129229 0.00010129229
0.12518561 0.010179048 0.00010179048
0.125495 0.010071849 0.00010071849
0.12580439 0.010022008 0.00010022008
0.12611377 0.009917817 9.917817e-05
0.12642316 0.0098977614 9.8977614e-05
0.12673255 0.0098025817 9.8025817e-05
0.12704194 0.0097998316 9.7998316e-05
0.12735132 0.0096340004 9.6340004e-05
0.12766071 0.0095807958 9.5807958e-05
0.12797009 0.0095446513 9.5446513e-05
0.12827947 0.0094931923 9.4931923e-05
0.12858886 0.0094834088 9.4834088e-05
0.12889824 0.0093257433 9.3257433e-05
0.12920762 0.0092635924 9.2635924e-05
0.129517 0.009267102 9.267102e-05
0.12982638 0.0091617925 9.1617925e-05
0.13013576 0.0092039121 9.2039121e-05
0.13044514 0.0090054781 9.0054781e-05
0.13075452 0.0089816105 8.9816105e-05
0.1310639 0.0089721161 8.9721161e-05
0.13137327 0.0089247654 8.9247654e-05
0.13168265 0.0087579369 8.7579369e-05
0.13199202 0.0088313727 8.8313727e-05
0.1323014 0.0086775306 8.6775306e-05
0.13261077 0.0087405583 8.7405583e-05
0.13292015 0.0084811813 8.4811813e-05
0.13322952 0.0085275248 8.5275248e-05
0.13353889 0.0085056599 8.5056599e-05
0.13384826 0.0084063532 8.4063532e-05
0.13415763 0.0082925949 8.2925949e-05
0.134467 0.0081975251 8.1975251e-05
0.13477637 0.0082647635 8.2647635e-05
0.13508574 0.0081203789 8.1203789e-05
0.1353951 0.0082471633 8.2471633e-05
0.13570447 0.0081044385 8.1044385e-05
0.13601383 0.00794885 7.94885e-05
0.1363232 0.0078773558 7.8773558e-05
0.13663256 0.0079462413 7.9462413e-05
0.13694193 0.0078524552 7.8524552e-05
0.13725129 0.0077471578 7.7471578e-05
0.13756065 0.0077315432 7.7315432e-05
0.13787001 0.0076884157 7.6884157e-05
0.13817937 0.0075790826 7.5790826e-05
0.13848873 0.0075542775 7.5542775e-05
0.13879809 0.0075163775 7.5163775e-05
0.13910745 0.0075001364 7.5001364e-05
0.13941681 0.0074268585 7.4268585e-05
0.13972616 0.0074179627 7.4179627e-05
0.14003552 0.0073378689 7.3378689e-05
0.14034488 0.0072773474 7.2773474e-05
0.14065423 0.0071946481 7.1946481e-05
0.14096358 0.0073251688 7.3251688e-05
0.14127294 0.0071384586 7.1384586e-05
0.14158229 0.0071313688 7.1313688e-05
0.14189164 0.0070570975 7.0570975e-05
0.14220099 0.0070312032 7.0312032e-05
0.14251034 0.0069941884 6.9941884e-05
0.14281969 0.0069667783 6.9667783e-05
0.14312904 0.0069420653 6.9420653e-05
0.14343838 0.0067810351 6.7810351e-05
0.14374773 0.0066781474 6.6781474e-05
0.14405708 0.0066899842 6.6899842e-05
0.14436642 0.0067694522 6.7694522e-05
0.14467577 0.0066291068 6.6291068e-05
0.14498511 0.0066149235 6.6149235e-05
0.14529445 0.006570972 6.570972e-05
0.14560379 0.0065199266 6.5199266e-05
0.14591314 0.0065538547 6.5538547e-05
0.14622248 0.0064761652 6.4761652e-05
0.14653182 0.0064273129 6.4273129e-05
0.14684115 0.0063489167 6.3489167e-05
0.14715049 0.0063255966 6.3255966e-05
0.14745983 0.0062123309 6.2123309e-05
0.14776917 0.0062605466 6.2605466e-05
0.1480785 0.0062980603 6.2980603e-05
0.14838784 0.006267317 6.267317e-05
0.14869717 0.0060629301 6.0629301e-05
0.1490065 0.0060703675 6.0703675e-05
0.14931583 0.0060403806 6.0403806e-05
0.14962517 0.0060666673 6.0666673e-05
0.1499345 0.0059680883 5.9680883e-05
0.15024383 0.005909955 5.909955e-05
0.15055316 0.0058373653 5.8373653e-05
0.15086248 0.005834538 5.834538e-05
0.15117181 0.0058551344 5.8551344e-05
0.15148114 0.005855246 5.855246e-05
0.15179046 0.0058178229 5.8178229e-05
0.15209979 0.0057328396 5.7328396e-05
0.15240911 0.0056404076 5.6404076e-05
0.15271844 0.0056131771 5.6131771e-05
0.15302776 0.0055251663 5.5251663e-05
0.15333708 0.0055125078 5.5125078e-05
0.1536464 0.0055339247 5.5339247e-05
0.15395572 0.0055647159 5.5647159e-05
0.15426504 0.0054028603 5.4028603e-05
0.15457436 0.0054615541 5.4615541e-05
0.15488367 0.0054621711 5.4621711e-05
0.15519299 0.0053929165 5.3929165e-05
0.15550231 0.0053248297 5.3248297e-05
0.15581162 0.0052901271 5.2901271e-05
0.15612093 0.0052588023 5.2588023e-05
0.15643025 0.0051888337 5.1888337e-05
0.15673956 0.0052446785 5.2446785e-05
0.15704887 0.0051345466 5.1345466e-05
0.15735818 0.0051722326 5.1722326e-05
0.15766749 0.0050791942 5.0791942e-05
0.1579768 0.0051303402 5.1303402e-05
0.15828611 0.0050753049 5.0753049e-05
0.15859542 0.0050051188 5.0051188e-05
0.15890472 0.0050115934 5.0115934e-05
0.15921403 0.0049612869 4.9612869e-05
0.15952333 0.0049040816 4.9040816e-05
0.15983264 0.00494535 4.94535e-05
0.16014194 0.0048941327 4.8941327e-05
0.16045124 0.004904339 4.904339e-05
0.16076054 0.0047012156 4.7012156e-05
0.16106984 0.0047669557 4.7669557e-05
0.16137914 0.004715162 4.715162e-05
0.16168844 0.004780759 4.780759e-05
0.16199774 0.0046907713 4.6907713e-05
0.16230703 0.0045983844 4.5983844e-05
0.16261633 0.0046793785 4.6793785e-05
0.16292562 0.0044801809 4.4801809e-05
0.16323492 0.0045743975 4.5743975e-05
0.16354421 0.0046630499 4.6630499e-05
0.1638535 0.004528829 4.528829e-05
0.16416279 0.0045980355 4.5980355e-05
0.16447208 0.0044902979 4.4902979e-05
0.16478137 0.0044737782 4.4737782e-05
0.16509066 0.004404296 4.404296e-05
0.16539995 0.0044202915 4.4202915e-05
0.16570924 0.0043003297 4.3003297e-05
0.16601852 0.0043974218 4.3974218e-05
0.16632781 0.004475158 4.475158e-05
0.16663709 0.0043138086 4.3138086e-05
0.16694637 0.0043070075 4.3070075e-05
0.16725566 0.0042829102 4.2829102e-05
0.16756494 0.0042571293 4.2571293e-05
0.16787422 0.0042765008 4.2765008e-05
0.1681835 0.0041987751 4.1987751e-05
0.16849278 0.0042333414 4.2333414e-05
0.16880205 0.0041285181 4.1285181e-05
0.16911133 0.0041371828 4.1371828e-05
0.16942061 0.0041089807 4.1089807e-05
0.16972988 0.0041215581 4.1215581e-05
0.17003916 0.0040259893 4.0259893e-05
0.17034843 0.0040239691 4.0239691e-05
0.1706577 0.0039639344 3.9639344e-05
0.17096697 0.0040023176 4.0023176e-05
0.17127624 0.0039905387 3.9905387e-05
0.17158551 0.0038999927 3.8999927e-05
0.17189478 0.0040224791 4.0224791e-05
0.17220405 0.0038844824 3.8844824e-05
0.17251331 0.0038204065 3.8204065e-05
0.17282258 0.0038731447 3.8731447e-05
0.17313184 0.0038599332 3.8599332e-05
0.17344111 0.0038161384 3.8161384e-05
0.17375037 0.0038052317 3.8052317e-05
0.17405963 0.0036862548 3.6862548e-05
0.17436889 0.0038205874 3.8205874e-05
0.17467815 0.0036983845 3.6983845e-05
0.17498741 0.0037675916 3.7675916e-05
0.17529667 0.0036284071 3.6284071e-05
0.17560593 0.0037319552 3.7319552e-05
0.17591518 0.0035682098 3.5682098e-05
0.17622444 0.0036609701 3.6609701e-05
0.17653369 0.0035707475 3.5707475e-05
0.17684295 0.0036978547 3.6978547e-05
0.1771522 0.0036400545 3.6400545e-05
0.17746145 0.0036264584 3.6264584e-05
0.1777707 0.0034793291 3.4793291e-05
0.17807995 0.0035225315 3.5225315e-05
0.1783892 0.003413226 3.413226e-05
0.17869844 0.0035389824 3.5389824e-05
0.17900769 0.003432005 3.432005e-05
0.17931694 0.0034235919 3.4235919e-05
0.17962618 0.0033185772 3.3185772e-05
0.17993542 0.0034118385 3.4118385e-05
0.18024467 0.0033673922 3.3673922e-05
0.18055391 0.0033455811 3.3455811e-05
0.18086315 0.0034344306 3.4344306e-05
0.18117239 0.0032888249 3.2888249e-05
0.18148163 0.003316198 3.316198e-05
0.18179086 0.0033376753 3.3376753e-05
0.1821001 0.0032908 3.2908e-05
0.18240934 0.0032768909 3.2768909e-05
0.18271857 0.0032787517 3.2787517e-05
0.1830278 0.0032385075 3.2385075e-05
0.18333704 0.0032268233 3.2268233e-05
0.18364627 0.0032567497 3.2567497e-05
0.1839555 0.0031854065 3.1854065e-05
0.18426473 0.0031830087 3.1830087e-05
0.18457396 0.0031636322 3.1636322e-05
0.18488318 0.0031163072 3.1163072e-05
0.18519241 0.0031578727 3.1578727e-05
0.18550164 0.0031311577 3.1311577e-05
0.18581086 0.0030610121 3.0610121e-05
0.18612009 0.0030726505 3.0726505e-05
0.18642931 0.0030157961 3.0157961e-05
0.18673853 0.0029981129 2.9981129e-05
0.18704775 0.0030657536 3.0657536e-05
0.18735697 0.0030475647 3.0475647e-05
0.18766619 0.00298121 2.98121e-05
0.1879754 0.0029819496 2.9819496e-05
0.18828462 0.0029907375 2.9907375e-05
0.18859384 0.0029835002 2.9835002e-05
0.18890305 0.0028972816 2.8972816e-05
0.18921226 0.0029296095 2.9296095e-05
0.18952148 0.002937383 2.937383e-05
0.18983069 0.0028031986 2.8031986e-05
0.1901399 0.002879414 2.879414e-05
0.19044911 0.0028760484 2.8760484e-05
0.19075832 0.002795869 2.795869e-05
0.19106752 0.0028899027 2.8899027e-05
0.19137673 0.0028261566 2.8261566e-05
0.19168593 0.0028209152 2.8209152e-05
0.19199514 0.0028105598 2.8105598e-05
0.19230434 0.0027003518 2.7003518e-05
0.19261354 0.0027395705 2.7395705e-05
0.19292274 0.0027823191 2.7823191e-05
0.19323194 0.0027413796 2.7413796e-05
0.19354114 0.0027677767 2.7677767e-05
0.19385034 0.0026095725 2.6095725e-05
0.19415954 0.0026356877 2.6356877e-05
0.19446873 0.0027291246 2.7291246e-05
0.19477793 0.0026427151 2.6427151e-05
0.19508712 0.0026066086 2.6066086e-05
0.19539631 0.002603207 2.603207e-05
0.1957055 0.0026378424 2.6378424e-05
0.19601469 0.002616133 2.616133e-05
0.19632388 0.0026236845 2.6236845e-05
0.19663307 0.0026278171 2.6278171e-05
0.19694226 0.0025138385 2.5138385e-05
0.19725144 0.0025020126 2.5020126e-05
0.19756063 0.0025076893 2.5076893e-05
0.19786981 0.0025858757 2.5858757e-05
0.19817899 0.002481763 2.481763e-05
0.19848818 0.0024501379 2.4501379e-05
0.19879736 0.0024202565 2.4202565e-05
0.19910654 0.0024188215 2.4188215e-05
0.19941572 0.0024511257 2.4511257e-05
0.19972489 0.0024301803 2.4301803e-05
0.20003407 0.0023714684 2.3714684e-05
0.20034324 0.0024123117 2.4123117e-05
0.20065242 0.0024785729 2.4785729e-05
0.20096159 0.0024729445 2.4729445e-05
0.20127076 0.0024470679 2.4470679e-05
0.20157993 0.0024229932 2.4229932e-05
0.2018891 0.0023739052 2.3739052e-05
0.20219827 0.0023776935 2.3776935e-05
0.20250744 0.0023428194 2.3428194e-05
0.20281661 0.0023920302 2.3920302e-05
0.20312577 0.0022951955 2.2951955e-05
0.20343493 0.0023394304 2.3394304e-05
0.2037441 0.0023519435 2.3519435e-05
0.20405326 0.0022475742 2.2475742e-05
0.20436242 0.0022090297 2.2090297e-05
0.20467158 0.0021899218 2.1899218e-05
0.20498074 0.00230984 2.30984e-05
0.2052899 0.0023035737 2.3035737e-05
0.20559905 0.0022452277 2.2452277e-05
0.20590821 0.0022734923 2.2734923e-05
0.20621736 0.0023079776 2.3079776e-05
0.20652651 0.0021626558 2.1626558e-05
0.20683567 0.0021799038 2.1799038e-05
0.20714482 0.0022790322 2.2790322e-05
0.20745397 0.0022727814 2.2727814e-05
0.20776312 0.0021986045 2.1986045e-05
0.20807226 0.0021773476 2.1773476e-05
0.20838141 0.0021546256 2.1546256e-05
0.20869055 0.002186451 2.186451e-05
0.2089997 0.0021128072 2.1128072e-05
0.20930884 0.0020918283 2.0918283e-05
0.20961798 0.0020890506 2.0890506e-05
0.20992712 0.0021010458 2.1010458e-05
0.21023626 0.0020981364 2.0981364e-05
0.2105454 0.0020102453 2.0102453e-05
0.21085454 0.0021493844 2.1493844e-05
0.21116367 0.0020921014 2.0921014e-05
0.21147281 0.0019949889 1.9949889e-05
0.21178194 0.0021013354 2.1013354e-05
0.21209107 0.0019975612 1.9975612e-05
0.21240021 0.0019480096 1.9480096e-05
0.21270934 0.0020515261 2.0515261e-05
0.21301846 0.002071446 2.071446e-05
0.21332759 0.0021096815 2.1096815e-05
0.21363672 0.0019755215 1.9755215e-05
0.21394584 0.0018833463 1.8833463e-05
0.21425497 0.0020042763 2.0042763e-05
0.21456409 0.0020005767 2.0005767e-05
0.21487321 0.0020046247 2.0046247e-05
0.21518234 0.0019400558 1.9400558e-05
0.21549145 0.0019835672 1.9835672e-05
0.21580057 0.0018878876 1.8878876e-05
0.21610969 0.0019494218 1.9494218e-05
0.21641881 0.0019276864 1.9276864e-05
0.21672792 0.0018772908 1.8772908e-05
0.21703704 0.0019184805 1.9184805e-05
0.21734615 0.0018940551 1.8940551e-05
0.21765526 0.0018382971 1.8382971e-05
0.21796437 0.0019523161 1.9523161e-05
0.21827348 0.0018948133 1.8948133e-05
0.21858259 0.0018574315 1.8574315e-05
0.21889169 0.001842628 1.842628e-05
0.2192008 0.0018278999 1.8278999e-05
0.2195099 0.0017870469 1.7870469e-05
0.21981901 0.0018087304 1.8087304e-05
0.22012811 0.0018274255 1.8274255e-05
0.22043721 0.0017792984 1.7792984e-05
0.22074631 0.0018395909 1.8395909e-05
0.22105541 0.0017897833 1.7897833e-05
0.2213645 0.0017067759 1.7067759e-05
0.2216736 0.0018538144 1.8538144e-05
0.22198269 0.001835836 1.835836e-05
0.22229179 0.0017014188 1.7014188e-05
0.22260088 0.0017058581 1.7058581e-05
0.22290997 0.00181845 1.81845e-05
0.22321906 0.001721548 1.721548e-05
0.22352815 0.0017570999 1.7570999e-05
0.22383724 0.0016266235 1.6266235e-05
0.22414632 0.0017093403 1.7093403e-05
0.22445541 0.0017282164 1.7282164e-05
0.22476449 0.0017063764 1.7063764e-05
0.22507357 0.0017200033 1.7200033e-05
0.22538265 0.0017505544 1.7505544e-05
0.22569174 0.001748807 1.748807e-05
0.22600081 0.0015836574 1.5836574e-05
0.22630989 0.0016665426 1.6665426e-05
0.22661897 0.0016623478 1.6623478e-05
0.22692804 0.0017455111 1.7455111e-05
0.22723712 0.00159445 1.59445e-05
0.22754619 0.001612794 1.612794e-05
0.22785526 0.0016646171 1.6646171e-05
0.22816433 0.0016154736 1.6154736e-05
0.2284734 0.0014998129 1.4998129e-05
0.22878247 0.0016390161 1.6390161e-05
0.22909153 0.0016234781 1.6234781e-05
0.2294006 0.0015510262 1.5510262e-05
0.22970966 0.0015214731 1.5214731e-05
0.23001873 0.0015288888 1.5288888e-05
0.23032779 0.0015958452 1.5958452e-05
0.23063685 0.0015105264 1.5105264e-05
0.23094591 0.0015453055 1.5453055e-05
0.23125496 0.001577196 1.577196e-05
0.23156402 0.0015448099 1.5448099e-05
0.23187308 0.0015267528 1.5267528e-05
0.23218213 0.0015638983 1.5638983e-05
0.23249118 0.0014760576 1.4760576e-05
0.23280023 0.0014132706 1.4132706e-05
0.23310928 0.0014442377 1.4442377e-05
0.23341833 0.0015213996 1.5213996e-05
0.23372738 0.0013825267 1.3825267e-05
0.23403643 0.0014794436 1.4794436e-05
0.23434547 0.0014571696 1.4571696e-05
0.23465451 0.0015389758 1.5389758e-05
0.23496356 0.0015255701 1.5255701e-05
0.2352726 0.0014535925 1.4535925e-05
0.23558164 0.0015176022 1.5176022e-05
0.23589068 0.0014356217 1.4356217e-05
0.23619971 0.0014545995 1.4545995e-05
0.23650875 0.0013343382 1.3343382e-05
0.23681778 0.0014260372 1.4260372e-05
0.23712682 0.0013976659 1.3976659e-05
0.23743585 0.001455925 1.455925e-05
0.23774488 0.0014054692 1.4054692e-05
0.23805391 0.0014165531 1.4165531e-05
0.23836294 0.0013706821 1.3706821e-05
0.23867197 0.0013728474 1.3728474e-05
0.23898099 0.0013377555 1.3377555e-05
0.23929002 0.0013784955 1.3784955e-05
0.23959904 0.0014465325 1.4465325e-05
0.23990806 0.0013713768 1.3713768e-05
0.24021708 0.0013369761 1.3369761e-05
0.2405261 0.001375709 1.375709e-05
0.24083512 0.0013136997 1.3136997e-05
0.24114413 0.0013664011 1.3664011e-05
0.24145315 0.0014433669 1.4433669e-05
0.24176216 0.0012599607 1.2599607e-05
0.24207118 0.0012530231 1.2530231e-05
0.24238019 0.0013219063 1.3219063e-05
0.2426892 0.0013384764 1.3384764e-05
0.24299821 0.0013844469 1.3844469e-05
0.24330721 0.0012555047 1.2555047e-05
0.24361622 0.0012974243 1.2974243e-05
0.24392522 0.0012351797 1.2351797e-05
0.24423423 0.0013061949 1.3061949e-05
0.24454323 0.0012948602 1.2948602e-05
0.24485223 0.0012475994 1.2475994e-05
0.24516123 0.0012631858 1.2631858e-05
0.24547023 0.0012604579 1.2604579e-05
0.24577922 0.0012530785 1.2530785e-05
0.24608822 0.0012115444 1.2115444e-05
0.24639721 0.0012576673 1.2576673e-05
0.24670621 0.0012361129 1.2361129e-05
0.2470152 0.0011895173 1.1895173e-05
0.24732419 0.0012770081 1.2770081e-05
0.24763318 0.0012787337 1.2787337e-05
0.24794216 0.0012609558 1.2609558e-05
0.24825115 0.0012363392 1.2363392e-05
0.24856013 0.0012537665 1.2537665e-05
0.24886912 0.0012868128 1.2868128e-05
0.2491781 0.0011817588 1.1817588e-05
0.24948708 0.0012876732 1.2876732e-05
0.24979606 0.001192657 1.192657e-05
0.25010504 0.0013136365 1.3136365e-05
0.25041401 0.0011445516 1.1445516e-05
0.25072299 0.0012197729 1.2197729e-05
0.25103196 0.0011510266 1.1510266e-05
0.25134093 0.0011560497 1.1560497e-05
0.2516499 0.0012072822 1.2072822e-05
0.25195887 0.0012321945 1.2321945e-05
0.25226784 0.0011729927 1.1729927e-05
0.25257681 0.0012141342 1.2141342e-05
0.25288577 0.001118259 1.118259e-05
0.25319474 0.0011814216 1.1814216e-05
0.2535037 0.0011957034 1.1957034e-05
0.25381266 0.0012335822 1.2335822e-05
0.25412162 0.0011764974 1.1764974e-05
0.25443058 0.0011243488 1.1243488e-05
0.25473954 0.0011877767 1.1877767e-05
0.25504849 0.0012309254 1.2309254e-05
0.25535745 0.0010659886 1.0659886e-05
0.2556664 0.0010540232 1.0540232e-05
0.25597535 0.0010981538 1.0981538e-05
0.2562843 0.0011095225 1.1095225e-05
0.25659325 0.0011383924 1.1383924e-05
0.2569022 0.0012629331 1.2629331e-05
0.25721115 0.0011395754 1.1395754e-05
0.25752009 0.0011197739 1.1197739e-05
0.25782903 0.0011687109 1.1687109e-05
0.25813798 0.0010873541 1.0873541e-05
0.25844692 0.0010644011 1.0644011e-05
0.25875585 0.0010928293 1.0928293e-05
0.25906479 0.0011261002 1.1261002e-05
0.25937373 0.0010998999 1.0998999e-05
0.25968266 0.001091547 1.091547e-05
0.2599916 0.0010736373 1.0736373e-05
0.26030053 0.0011466376 1.1466376e-05
0.26060946 0.0011541758 1.1541758e-05
0.26091839 0.0010722812 1.0722812e-05
0.26122732 0.0010139763 1.0139763e-05
0.26153624 0.0011299844 1.1299844e-05
0.26184517 0.0010929072 1.0929072e-05
0.26215409 0.0011802126 1.1802126e-05
0.26246301 0.00103312 1.03312e-05
0.26277193 0.0010802895 1.0802895e-05
0.26308085 0.0010487723 1.0487723e-05
0.26338977 0.00099817761 9.9817761e-06
0.26369869 0.0010045471 1.0045471e-05
0.2640076 0.0010812026 1.0812026e-05
0.26431651 0.0010908168 1.0908168e-05
0.26462543 0.0011131186 1.1131186e-05
0.26493434 0.0011018777 1.1018777e-05
0.26524325 0.0009925058 9.925058e-06
0.26555215 0.0011303332 1.1303332e-05
0.26586106 0.0010696853 1.0696853e-05
0.26616996 0.0010492954 1.0492954e-05
0.26647887 0.0010669806 1.0669806e-05
0.26678777 0.0010178026 1.0178026e-05
0.26709667 0.001027446 1.027446e-05
0.26740557 0.00098499997 9.8499997e-06
0.26771447 0.0010394874 1.0394874e-05
0.26802336 0.00097354432 9.7354432e-06
0.26833226 0.00092943308 9.2943308e-06
0.26864115 0.0009398615 9.398615e-06
0.26895004 0.0010282802 1.0282802e-05
0.26925893 0.00099481773 9.9481773e-06
0.26956782 0.00092870857 9.2870857e-06
0.26987671 0.00096693412 9.6693412e-06
0.27018559 0.00095962513 9.5962513e-06
0.27049448 0.0010678924 1.0678924e-05
0.27080336 0.0010664637 1.0664637e-05
0.27111224 0.0009447434 9.447434e-06
0.27142112 0.00096108777 9.6108777e-06
0.27173 0.0010157505 1.0157505e-05
0.27203888 0.00096921578 9.6921578e-06
0.27234775 0.0010576228 1.0576228e-05
0.27265663 0.001049411 1.049411e-05
0.2729655 0.00095775061 9.5775061e-06
0.27327437 0.0010848587 1.0848587e-05
0.27358324 0.0010826267 1.0826267e-05
0.27389211 0.0009273632 9.273632e-06
0.27420098 0.00097328562 9.7328562e-06
0.27450984 0.00096023549 9.6023549e-06
0.2748187 0.00093421652 9.3421652e-06
0.27512757 0.0010202362 1.0202362e-05
0.27543643 0.00093322392 9.3322392e-06
0.27574529 0.00092938417 9.2938417e-06
0.27605414 0.00077855349 7.7855349e-06
0.276363 0.00099450073 9.9450073e-06
0.27667185 0.00093670479 9.3670479e-06
0.27698071 0.0010246486 1.0246486e-05
0.27728956 0.000894547 8.94547e-06
0.27759841 0.00090996925 9.0996925e-06
0.27790726 0.00093428647 9.3428647e-06
0.2782161 0.00094250552 9.4250552e-06
0.27852495 0.00089068007 8.9068007e-06
0.27883379 0.00090856351 9.0856351e-06
0.27914264 0.00093379402 9.3379402e-06
0.27945148 0.00096144927 9.6144927e-06
0.27976032 0.00091545713 9.1545713e-06
0.28006915 0.00091865095 9.1865095e-06
0.28037799 0.00094144248 9.4144248e-06
0.28068683 0.00098400484 9.8400484e-06
0.28099566 0.00098815496 9.8815496e-06
0.28130449 0.0009203933 9.203933e-06
0.28161332 0.0010146262 1.0146262e-05
0.28192215 0.0008603151 8.603151e-06
0.28223098 0.00091478465 9.1478465e-06
0.2825398 0.00085157769 8.5157769e-06
0.28284863 0.00083646143 8.3646143e-06
0.28315745 0.0008661798 8.661798e-06
0.28346627 0.00090413376 9.0413376e-06
0.28377509 0.00087101621 8.7101621e-06
0.28408391 0.0008353976 8.353976e-06
0.28439272 0.00096082419 9.6082419e-06
0.28470154 0.00091255175 9.1255175e-06
0.28501035 0.00096932084 9.6932084e-06
0.28531916 0.00092054664 9.2054664e-06
0.28562797 0.0008355634 8.355634e-06
0.28593678 0.00078534739 7.8534739e-06
0.28624559 0.00082407916 8.2407916e-06
0.2865544 0.00085329615 8.5329615e-06
0.2868632 0.00086843258 8.6843258e-06
0.287172 0.00099773433 9.9773433e-06
0.2874808 0.00092991459 9.2991459e-06
0.2877896 0.00079853404 7.9853404e-06
0.2880984 0.00091582691 9.1582691e-06
0.2884072 0.00086415198 8.6415198e-06
0.28871599 0.00074274917 7.4274917e-06
0.28902478 0.00081817894 8.1817894e-06
0.28933358 0.00093647947 9.3647947e-06
0.28964237 0.00086706702 8.6706702e-06
0.28995115 0.00093526616 9.3526616e-06
0.29025994 0.00084631906 8.4631906e-06
0.29056873 0.00082292596 8.2292596e-06
0.29087751 0.00093885056 9.3885056e-06
0.29118629 0.00084926086 8.4926086e-06
0.29149507 0.00090921764 9.0921764e-06
0.29180385 0.00084530111 8.4530111e-06
0.29211263 0.00078300834 7.8300834e-06
0.2924214 0.00091021822 9.1021822e-06
0.29273018 0.00071731954 7.1731954e-06
0.29303895 0.00089038297 8.9038297e-06
0.29334772 0.00080104341 8.0104341e-06
0.29365649 0.00088403212 8.8403212e-06
0.29396526 0.00090603298 9.0603298e-06
0.29427402 0.00078227365 7.8227365e-06
0.29458279 0.00090594951 9.0594951e-06
0.29489155 0.00081901553 8.1901553e-06
0.29520031 0.0008236477 8.236477e-06
0.29550907 0.00088232776 8.8232776e-06
0.29581783 0.0008943983 8.943983e-06
0.29612659 0.0007525085 7.525085e-06
0.29643534 0.00070227332 7.0227332e-06
0.2967441 0.00070097098 7.0097098e-06
0.29705285 0.00074199668 7.4199668e-06
0.2973616 0.00088140207 8.8140207e-06
0.29767035 0.00073679505 7.3679505e-06
0.29797909 0.0007695818 7.695818e-06
0.29828784 0.0008021239 8.021239e-06
0.29859658 0.00086088005 8.6088005e-06
0.29890532 0.00088546915 8.8546915e-06
0.29921406 0.00070105132 7.0105132e-06
0.2995228 0.00062051175 6.2051175e-06
0.29983154 0.00087432739 8.7432739e-06
