0.010059664 1.8111104 0.018111104
0.010369191 1.7173709 0.017173709
0.010678719 1.6120868 0.016120868
0.010988246 1.5486119 0.015486119
0.011297773 1.5603801 0.015603801
0.0116073 1.4513155 0.014513155
0.011916828 1.4011553 0.014011553
0.012226355 1.3920004 0.013920004
0.012535882 1.3532875 0.013532875
0.012845409 1.3286769 0.013286769
0.013154936 1.2544344 0.012544344
0.013464463 1.2391132 0.012391132
0.013773989 1.2376716 0.012376716
0.014083516 1.1925502 0.011925502
0.014393043 1.1475256 0.011475256
0.014702569 1.1470619 0.011470619
0.015012096 1.1266478 0.011266478
0.015321622 1.1159698 0.011159698
0.015631148 1.090326 0.01090326
0.015940675 1.053584 0.01053584
0.016250201 1.0758427 0.010758427
0.016559727 1.0538141 0.010538141
0.016869253 1.0499809 0.010499809
0.017178779 0.99367033 0.0099367033
0.017488304 1.0043868 0.010043868
0.01779783 1.0229705 0.010229705
0.018107355 0.98109276 0.0098109276
0.018416881 0.95759142 0.0095759142
0.018726406 0.98043657 0.0098043657
0.019035932 0.96921678 0.0096921678
0.019345457 0.97753868 0.0097753868
0.019654982 0.92816612 0.0092816612
0.019964507 0.92195903 0.0092195903
0.020274032 0.90478815 0.0090478815
0.020583556 0.91525713 0.0091525713
0.020893081 0.90428679 0.0090428679
0.021202605 0.90163802 0.0090163802
0.02151213 0.89100796 0.0089100796
0.021821654 0.89747786 0.0089747786
0.022131178 0.88861899 0.0088861899
0.022440702 0.89738663 0.0089738663
0.022750226 0.94334174 0.0094334174
0.02305975 0.96894249 0.0096894249
0.023369274 0.96124417 0.0096124417
0.023678797 0.95534731 0.0095534731
0.023988321 0.95887628 0.0095887628
0.024297844 0.96637581 0.0096637581
0.024607367 0.95515456 0.0095515456
0.02491689 0.93395399 0.0093395399
0.025226413 0.92633517 0.0092633517
0.025535936 0.95529941 0.0095529941
0.025845458 0.94059008 0.0094059008
0.026154981 0.92816965 0.0092816965
0.026464503 0.92457426 0.0092457426
0.026774025 0.91394249 0.0091394249
0.027083547 0.90919665 0.0090919665
0.027393069 0.91274722 0.0091274722
0.027702591 0.9004392 0.009004392
0.028012112 0.88585199 0.0088585199
0.028321634 0.86143421 0.0086143421
0.028631155 0.82501421 0.0082501421
0.028940676 0.80285196 0.0080285196
0.029250197 0.79837025 0.0079837025
0.029559718 0.78915776 0.0078915776
0.029869238 0.77400569 0.0077400569
0.030178759 0.77071806 0.0077071806
0.030488279 0.76176852 0.0076176852
0.030797799 0.76670414 0.0076670414
0.031107319 0.74761264 0.0074761264
0.031416839 0.74075181 0.0074075181
0.031726359 0.73538362 0.0073538362
0.032035878 0.73202651 0.0073202651
0.032345397 0.72807371 0.0072807371
0.032654916 0.7270323 0.007270323
0.032964435 0.71311993 0.0071311993
0.033273954 0.72956301 0.0072956301
0.033583473 0.70722743 0.0070722743
0.033892991 0.70293501 0.0070293501
0.034202509 0.70848965 0.0070848965
0.034512027 0.69807384 0.0069807384
0.034821545 0.70284256 0.0070284256
0.035131063 0.69279778 0.0069279778
0.03544058 0.69150805 0.0069150805
0.035750097 0.69569814 0.0069569814
0.036059614 0.68602611 0.0068602611
0.036369131 0.69302751 0.0069302751
0.036678648 0.67668091 0.0067668091
0.036988164 0.67757232 0.0067757232
0.03729768 0.67079476 0.0067079476
0.037607196 0.67844048 0.0067844048
0.037916712 0.68251915 0.0068251915
0.038226228 0.68247168 0.0068247168
0.038535743 0.68128095 0.0068128095
0.038845259 0.68204997 0.0068204997
0.039154774 0.67267565 0.0067267565
0.039464288 0.67213734 0.0067213734
0.039773803 0.67282604 0.0067282604
0.040083317 0.66659043 0.0066659043
0.040392831 0.66983793 0.0066983793
0.040702345 0.65722822 0.0065722822
0.041011859 0.66293141 0.0066293141
0.041321372 0.65496089 0.0065496089
0.041630886 0.66014868 0.0066014868
0.041940399 0.65713536 0.0065713536
0.042249911 0.6495602 0.006495602
0.042559424 0.65367516 0.0065367516
0.042868936 0.64867996 0.0064867996
0.043178448 0.64156398 0.0064156398
0.04348796 0.63400611 0.0063400611
0.043797472 0.63369281 0.0063369281
0.044106983 0.62527891 0.0062527891
0.044416494 0.62391298 0.0062391298
0.044726005 0.61785756 0.0061785756
0.045035516 0.61491453 0.0061491453
0.045345026 0.61107151 0.0061107151
0.045654536 0.61282105 0.0061282105
0.045964046 0.60638811 0.0060638811
0.046273556 0.59918912 0.0059918912
0.046583065 0.60923337 0.0060923337
0.046892575 0.60067009 0.0060067009
0.047202083 0.59804876 0.0059804876
0.047511592 0.59674044 0.0059674044
0.0478211 0.59779726 0.0059779726
0.048130609 0.59218973 0.0059218973
0.048440116 0.58952504 0.0058952504
0.048749624 0.58964449 0.0058964449
0.049059131 0.58163439 0.0058163439
0.049368638 0.58122334 0.0058122334
0.049678145 0.58408212 0.0058408212
0.049987652 0.5784464 0.005784464
0.050297158 0.57717902 0.0057717902
0.050606664 0.5745448 0.005745448
0.05091617 0.56700835 0.0056700835
0.051225675 0.56824116 0.0056824116
0.05153518 0.57044777 0.0057044777
0.051844685 0.56324497 0.0056324497
0.05215419 0.55970331 0.0055970331
0.052463694 0.56153623 0.0056153623
0.052773198 0.56293735 0.0056293735
0.053082702 0.55836778 0.0055836778
0.053392205 0.55739069 0.0055739069
0.053701708 0.55432201 0.0055432201
0.054011211 0.54975488 0.0054975488
0.054320713 0.55236017 0.0055236017
0.054630216 0.55130888 0.0055130888
0.054939718 0.54123602 0.0054123602
0.055249219 0.54836906 0.0054836906
0.055558721 0.54306014 0.0054306014
0.055868222 0.54048079 0.0054048079
0.056177722 0.53975764 0.0053975764
0.056487223 0.5352074 0.005352074
0.056796723 0.53280657 0.0053280657
0.057106223 0.53179121 0.0053179121
0.057415722 0.52457108 0.0052457108
0.057725221 0.52483943 0.0052483943
0.05803472 0.52743632 0.0052743632
0.058344219 0.52285713 0.0052285713
0.058653717 0.52010422 0.0052010422
0.058963215 0.51909649 0.0051909649
0.059272713 0.5158577 0.005158577
0.05958221 0.51502032 0.0051502032
0.059891707 0.51338191 0.0051338191
0.060201203 0.50825743 0.0050825743
0.0605107 0.50902945 0.0050902945
0.060820196 0.50959246 0.0050959246
0.061129691 0.50184604 0.0050184604
0.061439187 0.50406508 0.0050406508
0.061748681 0.50533288 0.0050533288
0.062058176 0.49898931 0.0049898931
0.06236767 0.4953318 0.004953318
0.062677164 0.49625986 0.0049625986
0.062986658 0.49486071 0.0049486071
0.063296151 0.48876993 0.0048876993
0.063605644 0.49050197 0.0049050197
0.063915137 0.48472641 0.0048472641
0.064224629 0.48424245 0.0048424245
0.064534121 0.48487222 0.0048487222
0.064843612 0.48303199 0.0048303199
0.065153103 0.4793281 0.004793281
0.065462594 0.4750335 0.004750335
0.065772085 0.47856526 0.0047856526
0.066081575 0.47374785 0.0047374785
0.066391064 0.46782454 0.0046782454
0.066700554 0.46761909 0.0046761909
0.067010043 0.46588505 0.0046588505
0.067319531 0.4606696 0.004606696
0.06762902 0.4601271 0.004601271
0.067938508 0.45934012 0.0045934012
0.068247995 0.45784962 0.0045784962
0.068557482 0.45434005 0.0045434005
0.068866969 0.45650696 0.0045650696
0.069176455 0.45106142 0.0045106142
0.069485941 0.44757882 0.0044757882
0.069795427 0.45058723 0.0045058723
0.070104912 0.44568763 0.0044568763
0.070414397 0.44148431 0.0044148431
0.070723882 0.44065346 0.0044065346
0.071033366 0.43886472 0.0043886472
0.07134285 0.43766399 0.0043766399
0.071652333 0.43726618 0.0043726618
0.071961816 0.43429965 0.0043429965
0.072271298 0.43043035 0.0043043035
0.07258078 0.43008603 0.0043008603
0.072890262 0.42550265 0.0042550265
0.073199744 0.42127575 0.0042127575
0.073509225 0.41938727 0.0041938727
0.073818705 0.41948782 0.0041948782
0.074128185 0.41542754 0.0041542754
0.074437665 0.41424584 0.0041424584
0.074747144 0.41532709 0.0041532709
0.075056623 0.41266658 0.0041266658
0.075366102 0.40609591 0.0040609591
0.07567558 0.40869877 0.0040869877
0.075985058 0.40378261 0.0040378261
0.076294535 0.40310619 0.0040310619
0.076604012 0.40303983 0.0040303983
0.076913488 0.39800333 0.0039800333
0.077222964 0.394615 0.00394615
0.07753244 0.3941363 0.003941363
0.077841915 0.39080882 0.0039080882
0.07815139 0.38941576 0.0038941576
0.078460864 0.38424522 0.0038424522
0.078770338 0.38746478 0.0038746478
0.079079812 0.38418632 0.0038418632
0.079389285 0.38063651 0.0038063651
0.079698757 0.37668126 0.0037668126
0.080008229 0.37991918 0.0037991918
0.080317701 0.37659319 0.0037659319
0.080627172 0.37166816 0.0037166816
0.080936643 0.37310489 0.0037310489
0.081246114 0.36881109 0.0036881109
0.081555584 0.37087201 0.0037087201
0.081865053 0.36624789 0.0036624789
0.082174522 0.36129149 0.0036129149
0.082483991 0.36359805 0.0036359805
0.082793459 0.3559981 0.003559981
0.083102927 0.36047824 0.0036047824
0.083412394 0.35514712 0.0035514712
0.083721861 0.35533198 0.0035533198
0.084031327 0.34955275 0.0034955275
0.084340793 0.34753662 0.0034753662
0.084650259 0.34807137 0.0034807137
0.084959724 0.34724057 0.0034724057
0.085269188 0.341984 0.00341984
0.085578652 0.33899389 0.0033899389
0.085888116 0.33874242 0.0033874242
0.086197579 0.33605142 0.0033605142
0.086507042 0.33755728 0.0033755728
0.086816504 0.33033735 0.0033033735
0.087125966 0.33279438 0.0033279438
0.087435427 0.32869595 0.0032869595
0.087744888 0.32437936 0.0032437936
0.088054348 0.32536767 0.0032536767
0.088363808 0.32259879 0.0032259879
0.088673267 0.32239007 0.0032239007
0.088982726 0.31825005 0.0031825005
0.089292184 0.31934914 0.0031934914
0.089601642 0.31752601 0.0031752601
0.089911099 0.31571927 0.0031571927
0.090220556 0.31398588 0.0031398588
0.090530013 0.30994773 0.0030994773
0.090839469 0.30970326 0.0030970326
0.091148924 0.30673908 0.0030673908
0.091458379 0.30489672 0.0030489672
0.091767833 0.30130645 0.0030130645
0.092077287 0.29910287 0.0029910287
0.092386741 0.30104223 0.0030104223
0.092696194 0.29943837 0.0029943837
0.093005646 0.29569905 0.0029569905
0.093315098 0.29405901 0.0029405901
0.093624549 0.29216673 0.0029216673
0.093934 0.28816201 0.0028816201
0.09424345 0.28852271 0.0028852271
0.0945529 0.28579885 0.0028579885
0.09486235 0.2822666 0.002822666
0.095171798 0.28511456 0.0028511456
0.095481247 0.28001668 0.0028001668
0.095790694 0.27920904 0.0027920904
0.096100142 0.27666944 0.0027666944
0.096409588 0.27239144 0.0027239144
0.096719035 0.27327866 0.0027327866
0.09702848 0.27094446 0.0027094446
0.097337925 0.27108075 0.0027108075
0.09764737 0.26760364 0.0026760364
0.097956814 0.26900322 0.0026900322
0.098266257 0.26836131 0.0026836131
0.0985757 0.26121916 0.0026121916
0.098885143 0.26147139 0.0026147139
0.099194585 0.25939605 0.0025939605
0.099504026 0.26030762 0.0026030762
0.099813467 0.2582693 0.002582693
0.10012291 0.25602885 0.0025602885
0.10043235 0.25408329 0.0025408329
0.10074179 0.24983635 0.0024983635
0.10105122 0.24827 0.0024827
0.10136066 0.24810776 0.0024810776
0.1016701 0.24503422 0.0024503422
0.10197954 0.24433015 0.0024433015
0.10228897 0.24350013 0.0024350013
0.10259841 0.24059571 0.0024059571
0.10290785 0.23579222 0.0023579222
0.10321728 0.23727746 0.0023727746
0.10352671 0.23562352 0.0023562352
0.10383615 0.23354353 0.0023354353
0.10414558 0.23313778 0.0023313778
0.10445501 0.23096191 0.0023096191
0.10476445 0.22963635 0.0022963635
0.10507388 0.22737421 0.0022737421
0.10538331 0.22702009 0.0022702009
0.10569274 0.22379065 0.0022379065
0.10600217 0.22411767 0.0022411767
0.1063116 0.220957 0.00220957
0.10662102 0.22223551 0.0022223551
0.10693045 0.21873037 0.0021873037
0.10723988 0.21805387 0.0021805387
0.10754931 0.21527241 0.0021527241
0.10785873 0.21628032 0.0021628032
0.10816816 0.21300386 0.0021300386
0.10847758 0.21126803 0.0021126803
0.10878701 0.21128808 0.0021128808
0.10909643 0.20976266 0.0020976266
0.10940585 0.20691779 0.0020691779
0.10971528 0.20784454 0.0020784454
0.1100247 0.2045149 0.002045149
0.11033412 0.2016291 0.002016291
0.11064354 0.20154272 0.0020154272
0.11095296 0.20111149 0.0020111149
0.11126238 0.19751537 0.0019751537
0.1115718 0.19922616 0.0019922616
0.11188122 0.19476961 0.0019476961
0.11219064 0.19345307 0.0019345307
0.11250005 0.19332691 0.0019332691
0.11280947 0.19248121 0.0019248121
0.11311889 0.18967399 0.0018967399
0.1134283 0.19020466 0.0019020466
0.11373772 0.18722232 0.0018722232
0.11404713 0.18717781 0.0018717781
0.11435654 0.18509053 0.0018509053
0.11466596 0.18338915 0.0018338915
0.11497537 0.18129492 0.0018129492
0.11528478 0.18264961 0.0018264961
0.11559419 0.18167077 0.0018167077
0.1159036 0.17990689 0.0017990689
0.11621301 0.17643978 0.0017643978
0.11652242 0.17587054 0.0017587054
0.11683183 0.17383785 0.0017383785
0.11714124 0.17548664 0.0017548664
0.11745064 0.17511449 0.0017511449
0.11776005 0.17118408 0.0017118408
0.11806945 0.16928867 0.0016928867
0.11837886 0.16950545 0.0016950545
0.11868826 0.16949651 0.0016949651
0.11899767 0.16799202 0.0016799202
0.11930707 0.16335852 0.0016335852
0.11961647 0.16338797 0.0016338797
0.11992588 0.16131279 0.0016131279
0.12023528 0.16056727 0.0016056727
0.12054468 0.1603137 0.001603137
0.12085408 0.16057957 0.0016057957
0.12116348 0.15930115 0.0015930115
0.12147288 0.1594098 0.001594098
0.12178227 0.15902174 0.0015902174
0.12209167 0.15482429 0.0015482429
0.12240107 0.15491145 0.0015491145
0.12271046 0.15214922 0.0015214922
0.12301986 0.15256708 0.0015256708
0.12332925 0.14988778 0.0014988778
0.12363865 0.15090818 0.0015090818
0.12394804 0.14978767 0.0014978767
0.12425743 0.14968327 0.0014968327
0.12456683 0.1488163 0.001488163
0.12487622 0.14723798 0.0014723798
0.12518561 0.14518898 0.0014518898
0.125495 0.14251903 0.0014251903
0.12580439 0.14361498 0.0014361498
0.12611377 0.14207523 0.0014207523
0.12642316 0.14028132 0.0014028132
0.12673255 0.13889774 0.0013889774
0.12704194 0.13879113 0.0013879113
0.12735132 0.13762466 0.0013762466
0.12766071 0.13705939 0.0013705939
0.12797009 0.13735543 0.0013735543
0.12827947 0.13683156 0.0013683156
0.12858886 0.13328839 0.0013328839
0.12889824 0.13478979 0.0013478979
0.12920762 0.13224951 0.0013224951
0.129517 0.13204965 0.0013204965
0.12982638 0.13049843 0.0013049843
0.13013576 0.12931213 0.0012931213
0.13044514 0.12790681 0.0012790681
0.13075452 0.12811301 0.0012811301
0.1310639 0.12688285 0.0012688285
0.13137327 0.12660303 0.0012660303
0.13168265 0.12530842 0.0012530842
0.13199202 0.12385453 0.0012385453
0.1323014 0.12426692 0.0012426692
0.13261077 0.123126 0.00123126
0.13292015 0.11953941 0.0011953941
0.13322952 0.12136338 0.0012136338
0.13353889 0.1204328 0.001204328
0.13384826 0.12051743 0.0012051743
0.13415763 0.11944745 0.0011944745
0.134467 0.11883714 0.0011883714
0.13477637 0.1197036 0.001197036
0.13508574 0.11638996 0.0011638996
0.1353951 0.11630764 0.0011630764
0.13570447 0.11606898 0.0011606898
0.13601383 0.11399821 0.0011399821
0.1363232 0.11297995 0.0011297995
0.13663256 0.11210881 0.0011210881
0.13694193 0.1117458 0.001117458
0.13725129 0.11270054 0.0011270054
0.13756065 0.11131246 0.0011131246
0.13787001 0.11010719 0.0011010719
0.13817937 0.10952682 0.0010952682
0.13848873 0.10759799 0.0010759799
0.13879809 0.10859254 0.0010859254
0.13910745 0.10582369 0.0010582369
0.13941681 0.10664271 0.0010664271
0.13972616 0.10550677 0.0010550677
0.14003552 0.10381801 0.0010381801
0.14034488 0.10257921 0.0010257921
0.14065423 0.10301699 0.0010301699
0.14096358 0.10175988 0.0010175988
0.14127294 0.10092 0.0010092
0.14158229 0.10136475 0.0010136475
0.14189164 0.099000455 0.00099000455
0.14220099 0.099438869 0.00099438869
0.14251034 0.098115496 0.00098115496
0.14281969 0.099760644 0.00099760644
0.14312904 0.095908278 0.00095908278
0.14343838 0.094807257 0.00094807257
0.14374773 0.095670143 0.00095670143
0.14405708 0.095274707 0.00095274707
0.14436642 0.095673551 0.00095673551
0.14467577 0.095527377 0.00095527377
0.14498511 0.093482536 0.00093482536
0.14529445 0.093489679 0.00093489679
0.14560379 0.09350503 0.0009350503
0.14591314 0.092967261 0.00092967261
0.14622248 0.090902785 0.00090902785
0.14653182 0.089518634 0.00089518634
0.14684115 0.088981389 0.00088981389
0.14715049 0.090440387 0.00090440387
0.14745983 0.088746009 0.00088746009
0.14776917 0.090437054 0.00090437054
0.1480785 0.089284197 0.00089284197
0.14838784 0.086834474 0.00086834474
0.14869717 0.086298899 0.00086298899
0.1490065 0.086624702 0.00086624702
0.14931583 0.085772361 0.00085772361
0.14962517 0.084259635 0.00084259635
0.1499345 0.086127514 0.00086127514
0.15024383 0.084856786 0.00084856786
0.15055316 0.082138493 0.00082138493
0.15086248 0.082610323 0.00082610323
0.15117181 0.084921943 0.00084921943
0.15148114 0.081770394 0.00081770394
0.15179046 0.081760082 0.00081760082
0.15209979 0.082235533 0.00082235533
0.15240911 0.080127347 0.00080127347
0.15271844 0.081454238 0.00081454238
0.15302776 0.079768971 0.00079768971
0.15333708 0.078853877 0.00078853877
0.1536464 0.076183519 0.00076183519
0.15395572 0.076753778 0.00076753778
0.15426504 0.078698755 0.00078698755
0.15457436 0.077154011 0.00077154011
0.15488367 0.07715943 0.0007715943
0.15519299 0.07602852 0.0007602852
0.15550231 0.076553343 0.00076553343
0.15581162 0.075630926 0.00075630926
0.15612093 0.075046509 0.00075046509
0.15643025 0.073963285 0.00073963285
0.15673956 0.074374334 0.00074374334
0.15704887 0.073826385 0.00073826385
0.15735818 0.075520158 0.00075520158
0.15766749 0.073766351 0.00073766351
0.1579768 0.071830659 0.00071830659
0.15828611 0.073841047 0.00073841047
0.15859542 0.071989648 0.00071989648
0.15890472 0.070080341 0.00070080341
0.15921403 0.070641963 0.00070641963
0.15952333 0.071095355 0.00071095355
0.15983264 0.069449974 0.00069449974
0.16014194 0.067836905 0.00067836905
0.16045124 0.069352451 0.00069352451
0.16076054 0.069986943 0.00069986943
0.16106984 0.067289837 0.00067289837
0.16137914 0.067163593 0.00067163593
0.16168844 0.067692596 0.00067692596
0.16199774 0.067435049 0.00067435049
0.16230703 0.066447497 0.00066447497
0.16261633 0.06705432 0.0006705432
0.16292562 0.06710963 0.0006710963
0.16323492 0.066260848 0.00066260848
0.16354421 0.064764922 0.00064764922
0.1638535 0.065241146 0.00065241146
0.16416279 0.065808812 0.00065808812
0.16447208 0.064203296 0.00064203296
0.16478137 0.064262558 0.00064262558
0.16509066 0.065077217 0.00065077217
0.16539995 0.06159439 0.0006159439
0.16570924 0.061796401 0.00061796401
0.16601852 0.062239207 0.00062239207
0.16632781 0.061497492 0.00061497492
0.16663709 0.062773596 0.00062773596
0.16694637 0.062557284 0.00062557284
0.16725566 0.063040907 0.00063040907
0.16756494 0.058876544 0.00058876544
0.16787422 0.061841459 0.00061841459
0.1681835 0.060186668 0.00060186668
0.16849278 0.061235708 0.00061235708
0.16880205 0.05841134 0.0005841134
0.16911133 0.057607883 0.00057607883
0.16942061 0.058338049 0.00058338049
0.16972988 0.058788323 0.00058788323
0.17003916 0.057180395 0.00057180395
0.17034843 0.057009104 0.00057009104
0.1706577 0.055314187 0.00055314187
0.17096697 0.056596052 0.00056596052
0.17127624 0.058237066 0.00058237066
0.17158551 0.055029088 0.00055029088
0.17189478 0.056751657 0.00056751657
0.17220405 0.057446239 0.00057446239
0.17251331 0.056191392 0.00056191392
0.17282258 0.054179661 0.00054179661
0.17313184 0.054806535 0.00054806535
0.17344111 0.054737241 0.00054737241
0.17375037 0.054298035 0.00054298035
0.17405963 0.055007113 0.00055007113
0.17436889 0.053840693 0.00053840693
0.17467815 0.053456361 0.00053456361
0.17498741 0.05263937 0.0005263937
0.17529667 0.05344936 0.0005344936
0.17560593 0.050857729 0.00050857729
0.17591518 0.051693094 0.00051693094
0.17622444 0.049868619 0.00049868619
0.17653369 0.052087835 0.00052087835
0.17684295 0.050590409 0.00050590409
0.1771522 0.051156117 0.00051156117
0.17746145 0.051894807 0.00051894807
0.1777707 0.051438272 0.00051438272
0.17807995 0.049956993 0.00049956993
0.1783892 0.049016435 0.00049016435
0.17869844 0.05079991 0.0005079991
0.17900769 0.049367248 0.00049367248
0.17931694 0.049967946 0.00049967946
0.17962618 0.050144375 0.00050144375
0.17993542 0.048088274 0.00048088274
0.18024467 0.047467168 0.00047467168
0.18055391 0.049199668 0.00049199668
0.18086315 0.047216685 0.00047216685
0.18117239 0.047411019 0.00047411019
0.18148163 0.046952569 0.00046952569
0.18179086 0.047961188 0.00047961188
0.1821001 0.049488324 0.00049488324
0.18240934 0.046783941 0.00046783941
0.18271857 0.049359779 0.00049359779
0.1830278 0.046612776 0.00046612776
0.18333704 0.047099251 0.00047099251
0.18364627 0.045678102 0.00045678102
0.1839555 0.044709677 0.00044709677
0.18426473 0.043929344 0.00043929344
0.18457396 0.045162772 0.00045162772
0.18488318 0.046312968 0.00046312968
0.18519241 0.045202307 0.00045202307
0.18550164 0.045456136 0.00045456136
0.18581086 0.044304058 0.00044304058
0.18612009 0.044102178 0.00044102178
0.18642931 0.044234261 0.00044234261
0.18673853 0.043758196 0.00043758196
0.18704775 0.043688784 0.00043688784
0.18735697 0.042824668 0.00042824668
0.18766619 0.04345245 0.0004345245
0.1879754 0.044435335 0.00044435335
0.18828462 0.04235027 0.0004235027
0.18859384 0.042758809 0.00042758809
0.18890305 0.041668525 0.00041668525
0.18921226 0.042995388 0.00042995388
0.18952148 0.040883666 0.00040883666
0.18983069 0.041304347 0.00041304347
0.1901399 0.041698466 0.00041698466
0.19044911 0.040142114 0.00040142114
0.19075832 0.041039164 0.00041039164
0.19106752 0.040929752 0.00040929752
0.19137673 0.040646549 0.00040646549
0.19168593 0.040860692 0.00040860692
0.19199514 0.040565336 0.00040565336
0.19230434 0.040465357 0.00040465357
0.19261354 0.039094507 0.00039094507
0.19292274 0.039275847 0.00039275847
0.19323194 0.039995049 0.00039995049
0.19354114 0.038642313 0.00038642313
0.19385034 0.03889711 0.0003889711
0.19415954 0.038761287 0.00038761287
0.19446873 0.038092245 0.00038092245
0.19477793 0.038839741 0.00038839741
0.19508712 0.039323564 0.00039323564
0.19539631 0.03831251 0.0003831251
0.1957055 0.038278125 0.00038278125
0.19601469 0.037128642 0.00037128642
0.19632388 0.035201797 0.00035201797
0.19663307 0.037954127 0.00037954127
0.19694226 0.037269659 0.00037269659
0.19725144 0.036193106 0.00036193106
0.19756063 0.03735773 0.0003735773
0.19786981 0.036391843 0.00036391843
0.19817899 0.035738667 0.00035738667
0.19848818 0.03514208 0.0003514208
0.19879736 0.035310399 0.00035310399
0.19910654 0.038069922 0.00038069922
0.19941572 0.035488018 0.00035488018
0.19972489 0.035258731 0.00035258731
0.20003407 0.032857683 0.00032857683
0.20034324 0.034360536 0.00034360536
0.20065242 0.034986236 0.00034986236
0.20096159 0.033576881 0.00033576881
0.20127076 0.034167828 0.00034167828
0.20157993 0.034396766 0.00034396766
0.2018891 0.034620372 0.00034620372
0.20219827 0.034420905 0.00034420905
0.20250744 0.034057615 0.00034057615
0.20281661 0.034025944 0.00034025944
0.20312577 0.033675743 0.00033675743
0.20343493 0.032750027 0.00032750027
0.2037441 0.033922373 0.00033922373
0.20405326 0.033370952 0.00033370952
0.20436242 0.033925102 0.00033925102
0.20467158 0.032255612 0.00032255612
0.20498074 0.033745315 0.00033745315
0.2052899 0.030652432 0.00030652432
0.20559905 0.031773893 0.00031773893
0.20590821 0.033466625 0.00033466625
0.20621736 0.031097321 0.00031097321
0.20652651 0.031609639 0.00031609639
0.20683567 0.030854855 0.00030854855
0.20714482 0.031152715 0.00031152715
0.20745397 0.030448346 0.00030448346
0.20776312 0.030201514 0.00030201514
0.20807226 0.029304173 0.00029304173
0.20838141 0.032964023 0.00032964023
0.20869055 0.031395703 0.00031395703
0.2089997 0.030045355 0.00030045355
0.20930884 0.030069489 0.00030069489
0.20961798 0.030233231 0.00030233231
0.20992712 0.029820473 0.00029820473
0.21023626 0.029701276 0.00029701276
0.2105454 0.031994745 0.00031994745
0.21085454 0.02873157 0.0002873157
0.21116367 0.03102092 0.0003102092
0.21147281 0.031180621 0.00031180621
0.21178194 0.029133709 0.00029133709
0.21209107 0.029877682 0.00029877682
0.21240021 0.029491434 0.00029491434
0.21270934 0.027998024 0.00027998024
0.21301846 0.028737381 0.00028737381
0.21332759 0.02816388 0.0002816388
0.21363672 0.030511434 0.00030511434
0.21394584 0.0285707 0.000285707
0.21425497 0.028202033 0.00028202033
0.21456409 0.03051223 0.0003051223
0.21487321 0.029292948 0.00029292948
0.21518234 0.028813267 0.00028813267
0.21549145 0.028180477 0.00028180477
0.21580057 0.027476426 0.00027476426
0.21610969 0.027665088 0.00027665088
0.21641881 0.027657718 0.00027657718
0.21672792 0.026480976 0.00026480976
0.21703704 0.026660762 0.00026660762
0.21734615 0.026625603 0.00026625603
0.21765526 0.026230954 0.00026230954
0.21796437 0.025429701 0.00025429701
0.21827348 0.026252553 0.00026252553
0.21858259 0.028038326 0.00028038326
0.21889169 0.025442804 0.00025442804
0.2192008 0.026360272 0.00026360272
0.2195099 0.024550036 0.00024550036
0.21981901 0.027754539 0.00027754539
0.22012811 0.025978275 0.00025978275
0.22043721 0.025828027 0.00025828027
0.22074631 0.025801911 0.00025801911
0.22105541 0.026817709 0.00026817709
0.2213645 0.025033961 0.00025033961
0.2216736 0.024903897 0.00024903897
0.22198269 0.025904349 0.00025904349
0.22229179 0.024137567 0.00024137567
0.22260088 0.024413529 0.00024413529
0.22290997 0.026593832 0.00026593832
0.22321906 0.024516763 0.00024516763
0.22352815 0.02606564 0.0002606564
0.22383724 0.025577764 0.00025577764
0.22414632 0.024435629 0.00024435629
0.22445541 0.02511074 0.0002511074
0.22476449 0.024027285 0.00024027285
0.22507357 0.02311561 0.0002311561
0.22538265 0.022962696 0.00022962696
0.22569174 0.024589968 0.00024589968
0.22600081 0.025812537 0.00025812537
0.22630989 0.022835271 0.00022835271
0.22661897 0.02518631 0.0002518631
0.22692804 0.024171183 0.00024171183
0.22723712 0.023863746 0.00023863746
0.22754619 0.023676469 0.00023676469
0.22785526 0.023159088 0.00023159088
0.22816433 0.022063179 0.00022063179
0.2284734 0.023195124 0.00023195124
0.22878247 0.025173048 0.00025173048
0.22909153 0.021546633 0.00021546633
0.2294006 0.023307957 0.00023307957
0.22970966 0.022615695 0.00022615695
0.23001873 0.022095962 0.00022095962
0.23032779 0.021475287 0.00021475287
0.23063685 0.023735957 0.00023735957
0.23094591 0.021225729 0.00021225729
0.23125496 0.02044421 0.0002044421
0.23156402 0.022645533 0.00022645533
0.23187308 0.021519698 0.00021519698
0.23218213 0.021380887 0.00021380887
0.23249118 0.022450833 0.00022450833
0.23280023 0.020672771 0.00020672771
0.23310928 0.019704496 0.00019704496
0.23341833 0.022305716 0.00022305716
0.23372738 0.020377546 0.00020377546
0.23403643 0.021517017 0.00021517017
0.23434547 0.021338478 0.00021338478
0.23465451 0.022011474 0.00022011474
0.23496356 0.019660233 0.00019660233
0.2352726 0.02152318 0.0002152318
0.23558164 0.02061453 0.0002061453
0.23589068 0.020538357 0.00020538357
0.23619971 0.019741532 0.00019741532
0.23650875 0.019197081 0.00019197081
0.23681778 0.019155816 0.00019155816
0.23712682 0.018296153 0.00018296153
0.23743585 0.021611631 0.00021611631
0.23774488 0.019416822 0.00019416822
0.23805391 0.01939274 0.0001939274
0.23836294 0.019034839 0.00019034839
0.23867197 0.021014664 0.00021014664
0.23898099 0.019603685 0.00019603685
0.23929002 0.018590436 0.00018590436
0.23959904 0.020993981 0.00020993981
0.23990806 0.022279247 0.00022279247
0.24021708 0.020727891 0.00020727891
0.2405261 0.019281609 0.00019281609
0.24083512 0.020974447 0.00020974447
0.24114413 0.020050158 0.00020050158
0.24145315 0.021241195 0.00021241195
0.24176216 0.019982765 0.00019982765
0.24207118 0.01829646 0.0001829646
0.24238019 0.020711741 0.00020711741
0.2426892 0.01778577 0.0001778577
0.24299821 0.016902288 0.00016902288
0.24330721 0.018577193 0.00018577193
0.24361622 0.018528968 0.00018528968
0.24392522 0.017229145 0.00017229145
0.24423423 0.019223007 0.00019223007
0.24454323 0.017438155 0.00017438155
0.24485223 0.017386176 0.00017386176
0.24516123 0.01736223 0.0001736223
0.24547023 0.019564482 0.00019564482
0.24577922 0.017252401 0.00017252401
0.24608822 0.016272051 0.00016272051
0.24639721 0.018047436 0.00018047436
0.24670621 0.017503814 0.00017503814
0.2470152 0.016420244 0.00016420244
0.24732419 0.017982396 0.00017982396
0.24763318 0.017753718 0.00017753718
0.24794216 0.01619485 0.0001619485
0.24825115 0.015912759 0.00015912759
0.24856013 0.014670489 0.00014670489
0.24886912 0.017352466 0.00017352466
0.2491781 0.017577629 0.00017577629
0.24948708 0.01652932 0.0001652932
0.24979606 0.016910053 0.00016910053
0.25010504 0.019126363 0.00019126363
0.25041401 0.015316492 0.00015316492
0.25072299 0.016923146 0.00016923146
0.25103196 0.017813399 0.00017813399
0.25134093 0.018095771 0.00018095771
0.2516499 0.016896017 0.00016896017
0.25195887 0.016395915 0.00016395915
0.25226784 0.016622676 0.00016622676
0.25257681 0.015201229 0.00015201229
0.25288577 0.017219675 0.00017219675
0.25319474 0.015981601 0.00015981601
0.2535037 0.018881117 0.00018881117
0.25381266 0.016736429 0.00016736429
0.25412162 0.017164871 0.00017164871
0.25443058 0.017100101 0.00017100101
0.25473954 0.018211739 0.00018211739
0.25504849 0.014534375 0.00014534375
0.25535745 0.014858688 0.00014858688
0.2556664 0.015974705 0.00015974705
0.25597535 0.017579728 0.00017579728
0.2562843 0.016690901 0.00016690901
0.25659325 0.016765079 0.00016765079
0.2569022 0.014170353 0.00014170353
0.25721115 0.013956409 0.00013956409
0.25752009 0.014956238 0.00014956238
0.25782903 0.015512015 0.00015512015
0.25813798 0.015982829 0.00015982829
0.25844692 0.01726727 0.0001726727
0.25875585 0.015852366 0.00015852366
0.25906479 0.015686915 0.00015686915
0.25937373 0.016906669 0.00016906669
0.25968266 0.014490307 0.00014490307
0.2599916 0.01495551 0.0001495551
0.26030053 0.014815155 0.00014815155
0.26060946 0.012606744 0.00012606744
0.26091839 0.014944926 0.00014944926
0.26122732 0.014049708 0.00014049708
0.26153624 0.015122754 0.00015122754
0.26184517 0.015807226 0.00015807226
0.26215409 0.014305294 0.00014305294
0.26246301 0.014783199 0.00014783199
0.26277193 0.014514717 0.00014514717
0.26308085 0.015534544 0.00015534544
0.26338977 0.014023667 0.00014023667
0.26369869 0.016393197 0.00016393197
0.2640076 0.012917937 0.00012917937
0.26431651 0.015542134 0.00015542134
0.26462543 0.016224147 0.00016224147
0.26493434 0.014478529 0.00014478529
0.26524325 0.012566958 0.00012566958
0.26555215 0.013461163 0.00013461163
0.26586106 0.01404883 0.0001404883
0.26616996 0.01392258 0.0001392258
0.26647887 0.01605204 0.0001605204
0.26678777 0.01344859 0.0001344859
0.26709667 0.013192291 0.00013192291
0.26740557 0.016783376 0.00016783376
0.26771447 0.012749579 0.00012749579
0.26802336 0.016224127 0.00016224127
0.26833226 0.015236007 0.00015236007
0.26864115 0.014922507 0.00014922507
0.26895004 0.014170317 0.00014170317
0.26925893 0.013953522 0.00013953522
0.26956782 0.012819761 0.00012819761
0.26987671 0.015901322 0.00015901322
0.27018559 0.016689034 0.00016689034
0.27049448 0.015765052 0.00015765052
0.27080336 0.013641775 0.00013641775
0.27111224 0.013392942 0.00013392942
0.27142112 0.015983294 0.00015983294
0.27173 0.01143406 0.0001143406
0.27203888 0.015119723 0.00015119723
0.27234775 0.010738305 0.00010738305
0.27265663 0.012822029 0.00012822029
0.2729655 0.013014231 0.00013014231
0.27327437 0.011410366 0.00011410366
0.27358324 0.012779023 0.00012779023
0.27389211 0.013581832 0.00013581832
0.27420098 0.013275871 0.00013275871
0.27450984 0.012441797 0.00012441797
0.2748187 0.012627086 0.00012627086
0.27512757 0.012462322 0.00012462322
0.27543643 0.011594075 0.00011594075
0.27574529 0.012293867 0.00012293867
0.27605414 0.012277179 0.00012277179
0.276363 0.011896495 0.00011896495
0.27667185 0.014422699 0.00014422699
0.27698071 0.01628742 0.0001628742
0.27728956 0.013073085 0.00013073085
0.27759841 0.0096486589 9.6486589e-05
0.27790726 0.011724436 0.00011724436
0.2782161 0.01401903 0.0001401903
0.27852495 0.011422581 0.00011422581
0.27883379 0.014645121 0.00014645121
0.27914264 0.011569352 0.00011569352
0.27945148 0.012903969 0.00012903969
0.27976032 0.014086165 0.00014086165
0.28006915 0.012804977 0.00012804977
0.28037799 0.01213412 0.0001213412
0.28068683 0.014331764 0.00014331764
0.28099566 0.013133172 0.00013133172
0.28130449 0.013675552 0.00013675552
0.28161332 0.011139242 0.00011139242
0.28192215 0.012742963 0.00012742963
0.28223098 0.011813946 0.00011813946
0.2825398 0.012529756 0.00012529756
0.28284863 0.013964957 0.00013964957
0.28315745 0.01221702 0.0001221702
0.28346627 0.012482763 0.00012482763
0.28377509 0.011000817 0.00011000817
0.28408391 0.011608019 0.00011608019
0.28439272 0.011944072 0.00011944072
0.28470154 0.010867006 0.00010867006
0.28501035 0.014369821 0.00014369821
0.28531916 0.011150367 0.00011150367
0.28562797 0.013258359 0.00013258359
0.28593678 0.012735537 0.00012735537
0.28624559 0.013314609 0.00013314609
0.2865544 0.011649945 0.00011649945
0.2868632 0.011949715 0.00011949715
0.287172 0.013309728 0.00013309728
0.2874808 0.0093148578 9.3148578e-05
0.2877896 0.013698856 0.00013698856
0.2880984 0.01203513 0.0001203513
0.2884072 0.012819935 0.00012819935
0.28871599 0.012862148 0.00012862148
0.28902478 0.010937641 0.00010937641
0.28933358 0.012274839 0.00012274839
0.28964237 0.012488232 0.00012488232
0.28995115 0.010631565 0.00010631565
0.29025994 0.011781813 0.00011781813
0.29056873 0.011529074 0.00011529074
0.29087751 0.0098839807 9.8839807e-05
0.29118629 0.013762014 0.00013762014
0.29149507 0.010336061 0.00010336061
0.29180385 0.010806573 0.00010806573
0.29211263 0.013156608 0.00013156608
0.2924214 0.010224754 0.00010224754
0.29273018 0.011559582 0.00011559582
0.29303895 0.0080021584 8.0021584e-05
0.29334772 0.012213303 0.00012213303
0.29365649 0.011440804 0.00011440804
0.29396526 0.011477187 0.00011477187
0.29427402 0.010387289 0.00010387289
0.29458279 0.011669831 0.00011669831
0.29489155 0.012379291 0.00012379291
0.29520031 0.0093403592 9.3403592e-05
0.29550907 0.012363189 0.00012363189
0.29581783 0.012728276 0.00012728276
0.29612659 0.010199561 0.00010199561
0.29643534 0.012017562 0.00012017562
0.2967441 0.010924791 0.00010924791
0.29705285 0.013627914 0.00013627914
0.2973616 0.011293029 0.00011293029
0.29767035 0.01050067 0.0001050067
0.29797909 0.011299181 0.00011299181
0.29828784 0.012491462 0.00012491462
0.29859658 0.010518994 0.00010518994
0.29890532 0.010621618 0.00010621618
0.29921406 0.01375134 0.0001375134
0.2995228 0.011835086 0.00011835086
0.29983154 0.011947071 0.00011947071
