0.010027023 2.5036421 0.025036421
0.010059664 2.4870027 0.024870027
0.010268595 2.4638106 0.024638106
0.010369191 2.4520639 0.024520639
0.010515988 2.4128438 0.024128438
0.010678719 2.3663309 0.023663309
0.010769341 2.3276959 0.023276959
0.010988246 2.231811 0.02231811
0.011028797 2.2194469 0.022194469
0.011294505 2.143499 0.02143499
0.011297773 2.1425623 0.021425623
0.011566613 2.0639899 0.020639899
0.0116073 2.0525534 0.020525534
0.011845278 2.0044175 0.020044175
0.011916828 1.9892135 0.019892135
0.012130656 1.9229415 0.019229415
0.012226355 1.8948446 0.018948446
0.01242291 1.8723622 0.018723622
0.012535882 1.8598225 0.018598225
0.012722205 1.8275057 0.018275057
0.012845409 1.8058314 0.018058314
0.01302871 1.7763096 0.017763096
0.013154936 1.7554263 0.017554263
0.0133426 1.7141125 0.017141125
0.013464463 1.6888162 0.016888162
0.013664051 1.6784192 0.016784192
0.013773989 1.6712224 0.016712224
0.013993248 1.6109892 0.016109892
0.014083516 1.5874133 0.015874133
0.014330375 1.5735751 0.015735751
0.014393043 1.5692787 0.015692787
0.014675625 1.5053101 0.015053101
0.014702569 1.4996494 0.014996494
0.015012096 1.4777568 0.014777568
0.015029192 1.4754611 0.014754611
0.015321622 1.4339701 0.014339701
0.015391278 1.4256718 0.014256718
0.015631148 1.3974556 0.013974556
0.015762087 1.3780638 0.013780638
0.015940675 1.3528786 0.013528786
0.01614183 1.3481386 0.013481386
0.016250201 1.3452121 0.013452121
0.016530721 1.3083274 0.013083274
0.016559727 1.3047614 0.013047614
0.016869253 1.3001451 0.013001451
0.016928982 1.290944 0.01290944
0.017178779 1.249083 0.01249083
0.017336837 1.234656 0.01234656
0.017488304 1.2225905 0.012225905
0.017754519 1.2108139 0.012108139
0.01779783 1.2090629 0.012090629
0.018107355 1.2046212 0.012046212
0.018182263 1.1975666 0.011975666
0.018416881 1.1742189 0.011742189
0.018620313 1.1677383 0.011677383
0.018726406 1.1642696 0.011642696
0.019035932 1.1362097 0.011362097
0.019068917 1.1345023 0.011345023
0.019345457 1.1215412 0.011215412
0.019528328 1.116013 0.01116013
0.019654982 1.1121901 0.011121901
0.019964507 1.0986271 0.010986271
0.019998807 1.0971204 0.010971204
0.020274032 1.0851951 0.010851951
0.020480622 1.0798297 0.010798297
0.020583556 1.0771236 0.010771236
0.020893081 1.0663733 0.010663733
0.020974044 1.0609689 0.010609689
0.021202605 1.0443314 0.010443314
0.021479354 1.0203032 0.010203032
0.02151213 1.0177367 0.010177367
0.021821654 1.0108012 0.010108012
0.021996838 1.009262 0.01009262
0.022131178 1.0076674 0.010076674
0.022440702 0.98638271 0.0098638271
0.022526789 0.98666655 0.0098666655
0.022750226 0.98834171 0.0098834171
0.02305975 0.97975192 0.0097975192
0.023069508 0.97941835 0.0097941835
0.023369274 0.96809798 0.0096809798
0.023625302 0.95787675 0.0095787675
0.023678797 0.95594966 0.0095594966
0.023988321 0.95567335 0.0095567335
0.024194486 0.95128254 0.0095128254
0.024297844 0.94891671 0.0094891671
0.024607367 0.93592064 0.0093592064
0.024777383 0.93806609 0.0093806609
0.02491689 0.93981056 0.0093981056
0.025226413 0.92789959 0.0092789959
0.025374324 0.9239205 0.009239205
0.025535936 0.91950155 0.0091950155
0.025845458 0.91580892 0.0091580892
0.025985646 0.90759486 0.0090759486
0.026154981 0.89780251 0.0089780251
0.026464503 0.89729249 0.0089729249
0.026611696 0.89408041 0.0089408041
0.026774025 0.89049097 0.0089049097
0.027083547 0.8815935 0.008815935
0.027252829 0.87896128 0.0087896128
0.027393069 0.87689525 0.0087689525
0.027702591 0.8788435 0.008788435
0.027909409 0.86710545 0.0086710545
0.028012112 0.86161468 0.0086161468
0.028321634 0.86371801 0.0086371801
0.028581806 0.87032073 0.0087032073
0.028631155 0.87132441 0.0087132441
0.028940676 0.85952039 0.0085952039
0.029250197 0.84988025 0.0084988025
0.029270403 0.84943262 0.0084943262
0.029559718 0.8441413 0.008441413
0.029869238 0.84730559 0.0084730559
0.02997559 0.84708051 0.0084708051
0.030178759 0.84626733 0.0084626733
0.030488279 0.83618747 0.0083618747
0.030697767 0.83511514 0.0083511514
0.030797799 0.8346421 0.008346421
0.031107319 0.83109543 0.0083109543
0.031416839 0.82519056 0.0082519056
0.031437342 0.82480769 0.0082480769
0.031726359 0.8196076 0.008196076
0.032035878 0.81616345 0.0081616345
0.032194735 0.81789728 0.0081789728
0.032345397 0.81927029 0.0081927029
0.032654916 0.81375214 0.0081375214
0.032964435 0.80099525 0.0080099525
0.032970376 0.80106744 0.0080106744
0.033273954 0.80545346 0.0080545346
0.033583473 0.80190835 0.0080190835
0.033764703 0.79646573 0.0079646573
0.033892991 0.79273989 0.0079273989
0.034202509 0.79326186 0.0079326186
0.034512027 0.79809844 0.0079809844
0.034578168 0.79731859 0.0079731859
0.034821545 0.79380361 0.0079380361
0.035131063 0.79478013 0.0079478013
0.03541123 0.78280422 0.0078280422
0.03544058 0.78159209 0.0078159209
0.035750097 0.78554029 0.0078554029
0.036059614 0.77813346 0.0077813346
0.036264363 0.77654432 0.0077654432
0.036369131 0.77575383 0.0077575383
0.036678648 0.77200221 0.0077200221
0.036988164 0.76597369 0.0076597369
0.037138049 0.77139457 0.0077139457
0.03729768 0.77725112 0.0077725112
0.037607196 0.76969799 0.0076969799
0.037916712 0.77209687 0.0077209687
0.038032785 0.76939991 0.0076939991
0.038226228 0.764711 0.00764711
0.038535743 0.75823072 0.0075823072
0.038845259 0.76130468 0.0076130468
0.038949077 0.76091198 0.0076091198
0.039154774 0.76017901 0.0076017901
0.039464288 0.7551746 0.007551746
0.039773803 0.75515853 0.0075515853
0.039887444 0.75365058 0.0075365058
0.040083317 0.75094594 0.0075094594
0.040392831 0.74524332 0.0074524332
0.040702345 0.74332453 0.0074332453
0.040848418 0.7425193 0.007425193
0.041011859 0.74178404 0.0074178404
0.041321372 0.73682758 0.0073682758
0.041630886 0.74479385 0.0074479385
0.041832544 0.73809417 0.0073809417
0.041940399 0.73451957 0.0073451957
0.042249911 0.73191853 0.0073191853
0.042559424 0.73232423 0.0073232423
0.04284038 0.73410793 0.0073410793
0.042868936 0.7342501 0.007342501
0.043178448 0.72767718 0.0072767718
0.04348796 0.71989957 0.0071989957
0.043797472 0.72115716 0.0072115716
0.043872497 0.72014497 0.0072014497
0.044106983 0.71722023 0.0071722023
0.044416494 0.71896111 0.0071896111
0.044726005 0.71278118 0.0071278118
0.04492948 0.71332663 0.0071332663
0.045035516 0.71353752 0.0071353752
0.045345026 0.70644419 0.0070644419
0.045654536 0.70885542 0.0070885542
0.045964046 0.70132731 0.0070132731
0.046011928 0.70117093 0.0070117093
0.046273556 0.70052098 0.0070052098
0.046583065 0.69254622 0.0069254622
0.046892575 0.69167718 0.0069167718
0.047120454 0.69471851 0.0069471851
0.047202083 0.69575201 0.0069575201
0.047511592 0.68959178 0.0068959178
0.0478211 0.68541775 0.0068541775
0.048130609 0.68324519 0.0068324519
0.048255688 0.68266729 0.0068266729
0.048440116 0.681856 0.00681856
0.048749624 0.69084974 0.0069084974
0.049059131 0.68173656 0.0068173656
0.049368638 0.67074784 0.0067074784
0.049418271 0.67213285 0.0067213285
0.049678145 0.67970342 0.0067970342
0.049987652 0.67604965 0.0067604965
0.050297158 0.66844585 0.0066844585
0.050606664 0.67151772 0.0067151772
0.050608864 0.671485 0.00671485
0.05091617 0.66649814 0.0066649814
0.051225675 0.66731019 0.0066731019
0.05153518 0.66376441 0.0066376441
0.05182814 0.65932961 0.0065932961
0.051844685 0.65908958 0.0065908958
0.05215419 0.66153973 0.0066153973
0.052463694 0.65312809 0.0065312809
0.052773198 0.65507702 0.0065507702
0.053076791 0.65235911 0.0065235911
0.053082702 0.65230636 0.0065230636
0.053392205 0.65235757 0.0065235757
0.053701708 0.64588165 0.0064588165
0.054011211 0.64963105 0.0064963105
0.054320713 0.64556647 0.0064556647
0.054355526 0.64545689 0.0064545689
0.054630216 0.64452891 0.0064452891
0.054939718 0.64046362 0.0064046362
0.055249219 0.63901731 0.0063901731
0.055558721 0.63623662 0.0063623662
0.055665067 0.6362947 0.006362947
0.055868222 0.63632995 0.0063632995
0.056177722 0.63353108 0.0063353108
0.056487223 0.62840878 0.0062840878
0.056796723 0.62732898 0.0062732898
0.057006158 0.62339531 0.0062339531
0.057106223 0.62159134 0.0062159134
0.057415722 0.62157099 0.0062157099
0.057725221 0.62254426 0.0062254426
0.05803472 0.62046471 0.0062046471
0.058344219 0.61736992 0.0061736992
0.058379559 0.6173995 0.006173995
0.058653717 0.61750284 0.0061750284
0.058963215 0.6158553 0.006158553
0.059272713 0.61035516 0.0061035516
0.05958221 0.60697325 0.0060697325
0.059786049 0.60674924 0.0060674924
0.059891707 0.60667177 0.0060667177
0.060201203 0.61011443 0.0061011443
0.0605107 0.60617401 0.0060617401
0.060820196 0.6030907 0.006030907
0.061129691 0.59793546 0.0059793546
0.061226423 0.59950466 0.0059950466
0.061439187 0.60282514 0.0060282514
0.061748681 0.59245876 0.0059245876
0.062058176 0.59119128 0.0059119128
0.06236767 0.59254694 0.0059254694
0.062677164 0.58580153 0.0058580153
0.0627015 0.58575122 0.0058575122
0.062986658 0.5852342 0.005852342
0.063296151 0.58795791 0.0058795791
0.063605644 0.5824575 0.005824575
0.063915137 0.58031434 0.0058031434
0.064212114 0.57437544 0.0057437544
0.064224629 0.57413487 0.0057413487
0.064534121 0.57293952 0.0057293952
0.064843612 0.57850496 0.0057850496
0.065153103 0.57144129 0.0057144129
0.065462594 0.56986474 0.0056986474
0.065759122 0.57105518 0.0057105518
0.065772085 0.57108964 0.0057108964
0.066081575 0.56461198 0.0056461198
0.066391064 0.56225844 0.0056225844
0.066700554 0.56034629 0.0056034629
0.067010043 0.55894455 0.0055894455
0.067319531 0.55286042 0.0055286042
0.0673434 0.55265056 0.0055265056
0.06762902 0.55048238 0.0055048238
0.067938508 0.55140979 0.0055140979
0.068247995 0.54906046 0.0054906046
0.068557482 0.54562467 0.0054562467
0.068866969 0.54824656 0.0054824656
0.068965848 0.54741084 0.0054741084
0.069176455 0.5455 0.005455
0.069485941 0.54298654 0.0054298654
0.069795427 0.54008157 0.0054008157
0.070104912 0.53676334 0.0053676334
0.070414397 0.53719038 0.0053719038
0.070627384 0.53485824 0.0053485824
0.070723882 0.53380343 0.0053380343
0.071033366 0.52810172 0.0052810172
0.07134285 0.52782574 0.0052782574
0.071652333 0.52262601 0.0052262601
0.071961816 0.52004428 0.0052004428
0.072271298 0.52227397 0.0052227397
0.072328949 0.52218385 0.0052218385
0.07258078 0.5217371 0.005217371
0.072890262 0.51659185 0.0051659185
0.073199744 0.51207857 0.0051207857
0.073509225 0.51493108 0.0051493108
0.073818705 0.50898375 0.0050898375
0.074071509 0.50666695 0.0050666695
0.074128185 0.50617144 0.0050617144
0.074437665 0.50661274 0.0050661274
0.074747144 0.50171511 0.0050171511
0.075056623 0.50274481 0.0050274481
0.075366102 0.4997076 0.004997076
0.07567558 0.49830891 0.0049830891
0.075856051 0.4959933 0.004959933
0.075985058 0.49430334 0.0049430334
0.076294535 0.49125792 0.0049125792
0.076604012 0.48970945 0.0048970945
0.076913488 0.48950692 0.0048950692
0.077222964 0.48523932 0.0048523932
0.07753244 0.48417017 0.0048417017
0.077683587 0.48166173 0.0048166173
0.077841915 0.47905944 0.0047905944
0.07815139 0.47911537 0.0047911537
0.078460864 0.4777452 0.004777452
0.078770338 0.47116834 0.0047116834
0.079079812 0.47559437 0.0047559437
0.079389285 0.47020714 0.0047020714
0.079555152 0.46905582 0.0046905582
0.079698757 0.46804663 0.0046804663
0.080008229 0.46521458 0.0046521458
0.080317701 0.46584526 0.0046584526
0.080627172 0.46371767 0.0046371767
0.080936643 0.45846414 0.0045846414
0.081246114 0.45597846 0.0045597846
0.081471807 0.4549726 0.004549726
0.081555584 0.45461079 0.0045461079
0.081865053 0.45339176 0.0045339176
0.082174522 0.45108871 0.0045108871
0.082483991 0.44977123 0.0044977123
0.082793459 0.44503224 0.0044503224
0.083102927 0.44404525 0.0044404525
0.083412394 0.4426886 0.004426886
0.083434638 0.44244003 0.0044244003
0.083721861 0.43921081 0.0043921081
0.084031327 0.43836212 0.0043836212
0.084340793 0.43541306 0.0043541306
0.084650259 0.43410351 0.0043410351
0.084959724 0.4305344 0.004305344
0.085269188 0.4285318 0.004285318
0.085444758 0.42866155 0.0042866155
0.085578652 0.42877644 0.0042877644
0.085888116 0.42463084 0.0042463084
0.086197579 0.42330499 0.0042330499
0.086507042 0.422922 0.00422922
0.086816504 0.42046863 0.0042046863
0.087125966 0.4163375 0.004163375
0.087435427 0.41738841 0.0041738841
0.087503306 0.41624387 0.0041624387
0.087744888 0.4121249 0.004121249
0.088054348 0.40938637 0.0040938637
0.088363808 0.41083458 0.0041083458
0.088673267 0.40620647 0.0040620647
0.088982726 0.40079399 0.0040079399
0.089292184 0.40074277 0.0040074277
0.089601642 0.40086921 0.0040086921
0.089611449 0.40076119 0.0040076119
0.089911099 0.39750121 0.0039750121
0.090220556 0.39512053 0.0039512053
0.090530013 0.39513978 0.0039513978
0.090839469 0.39125185 0.0039125185
0.091148924 0.38936836 0.0038936836
0.091458379 0.38776904 0.0038776904
0.091767833 0.38701141 0.0038701141
0.091770381 0.3869609 0.003869609
0.092077287 0.38083082 0.0038083082
0.092386741 0.37997847 0.0037997847
0.092696194 0.37849442 0.0037849442
0.093005646 0.37834397 0.0037834397
0.093315098 0.37188569 0.0037188569
0.093624549 0.37027956 0.0037027956
0.093934 0.37106733 0.0037106733
0.093981327 0.37043319 0.0037043319
0.09424345 0.36695093 0.0036695093
0.0945529 0.36599091 0.0036599091
0.09486235 0.36591919 0.0036591919
0.095171798 0.36027032 0.0036027032
0.095481247 0.35913216 0.0035913216
0.095790694 0.35985483 0.0035985483
0.096100142 0.35482091 0.0035482091
0.09624554 0.35531261 0.0035531261
0.096409588 0.35589425 0.0035589425
0.096719035 0.35465241 0.0035465241
0.09702848 0.3514341 0.003514341
0.097337925 0.34907475 0.0034907475
0.09764737 0.34781238 0.0034781238
0.097956814 0.34564661 0.0034564661
0.098266257 0.34364382 0.0034364382
0.098564302 0.34248768 0.0034248768
0.0985757 0.34244308 0.0034244308
0.098885143 0.33955982 0.0033955982
0.099194585 0.33802822 0.0033802822
0.099504026 0.33915376 0.0033915376
0.099813467 0.33489229 0.0033489229
0.10012291 0.33222736 0.0033222736
0.10043235 0.32931999 0.0032931999
0.10074179 0.33078421 0.0033078421
0.10093893 0.32878134 0.0032878134
0.10105122 0.32763571 0.0032763571
0.10136066 0.32614597 0.0032614597
0.1016701 0.32300977 0.0032300977
0.10197954 0.32155744 0.0032155744
0.10228897 0.31980931 0.0031980931
0.10259841 0.3191298 0.003191298
0.10290785 0.31707373 0.0031707373
0.10321728 0.31356561 0.0031356561
0.10337076 0.3140064 0.003140064
0.10352671 0.31446013 0.0031446013
0.10383615 0.31098765 0.0031098765
0.10414558 0.30921466 0.0030921466
0.10445501 0.30972246 0.0030972246
0.10476445 0.30575728 0.0030575728
0.10507388 0.30521489 0.0030521489
0.10538331 0.30418266 0.0030418266
0.10569274 0.30114469 0.0030114469
0.10586119 0.29954274 0.0029954274
0.10600217 0.29821605 0.0029821605
0.1063116 0.30086653 0.0030086653
0.10662102 0.29569706 0.0029569706
0.10693045 0.29486618 0.0029486618
0.10723988 0.29418078 0.0029418078
0.10754931 0.29365808 0.0029365808
0.10785873 0.28897022 0.0028897022
0.10816816 0.28814988 0.0028814988
0.10841161 0.28649281 0.0028649281
0.10847758 0.28604721 0.0028604721
0.10878701 0.28507482 0.0028507482
0.10909643 0.28379655 0.0028379655
0.10940585 0.28245677 0.0028245677
0.10971528 0.28291928 0.0028291928
0.1100247 0.27654084 0.0027654084
0.11033412 0.27793534 0.0027793534
0.11064354 0.27603234 0.0027603234
0.11095296 0.27453965 0.0027453965
0.11102348 0.27405821 0.0027405821
0.11126238 0.27239718 0.0027239718
0.1115718 0.27139766 0.0027139766
0.11188122 0.27056352 0.0027056352
0.11219064 0.26789836 0.0026789836
0.11250005 0.26707859 0.0026707859
0.11280947 0.26627466 0.0026627466
0.11311889 0.26255494 0.0026255494
0.1134283 0.2610986 0.002610986
0.11369828 0.25898735 0.0025898735
0.11373772 0.25869348 0.0025869348
0.11404713 0.25916123 0.0025916123
0.11435654 0.25833809 0.0025833809
0.11466596 0.25705491 0.0025705491
0.11497537 0.25507186 0.0025507186
0.11528478 0.25408536 0.0025408536
0.11559419 0.25273901 0.0025273901
0.1159036 0.25127636 0.0025127636
0.11621301 0.25042319 0.0025042319
0.11643751 0.25060115 0.0025060115
0.11652242 0.25063796 0.0025063796
0.11683183 0.24823614 0.0024823614
0.11714124 0.245014 0.00245014
0.11745064 0.24251886 0.0024251886
0.11776005 0.24177175 0.0024177175
0.11806945 0.23956776 0.0023956776
0.11837886 0.23977821 0.0023977821
0.11868826 0.23795165 0.0023795165
0.11899767 0.23835645 0.0023835645
0.11924274 0.23497312 0.0023497312
0.11930707 0.234101 0.00234101
0.11961647 0.23296296 0.0023296296
0.11992588 0.23076822 0.0023076822
0.12023528 0.23125464 0.0023125464
0.12054468 0.22833158 0.0022833158
0.12085408 0.22849311 0.0022849311
0.12116348 0.2268115 0.002268115
0.12147288 0.22665558 0.0022665558
0.12178227 0.22706127 0.0022706127
0.12209167 0.22382217 0.0022382217
0.12211556 0.22394113 0.0022394113
0.12240107 0.22536969 0.0022536969
0.12271046 0.2215267 0.002215267
0.12301986 0.2209637 0.002209637
0.12332925 0.22063512 0.0022063512
0.12363865 0.22101176 0.0022101176
0.12394804 0.21822401 0.0021822401
0.12425743 0.21557158 0.0021557158
0.12456683 0.21536487 0.0021536487
0.12487622 0.21316799 0.0021316799
0.12505758 0.21312864 0.0021312864
0.12518561 0.21310514 0.0021310514
0.125495 0.2121873 0.002121873
0.12580439 0.20952245 0.0020952245
0.12611377 0.20862864 0.0020862864
0.12642316 0.20750444 0.0020750444
0.12673255 0.20759994 0.0020759994
0.12704194 0.20626121 0.0020626121
0.12735132 0.20330964 0.0020330964
0.12766071 0.2044344 0.002044344
0.12797009 0.20298563 0.0020298563
0.12807049 0.20273598 0.0020273598
0.12827947 0.20222688 0.0020222688
0.12858886 0.20143713 0.0020143713
0.12889824 0.1980642 0.001980642
0.12920762 0.19807814 0.0019807814
0.129517 0.19759242 0.0019759242
0.12982638 0.19498148 0.0019498148
0.13013576 0.19572176 0.0019572176
0.13044514 0.19504994 0.0019504994
0.13075452 0.19549932 0.0019549932
0.1310639 0.19432583 0.0019432583
0.13115598 0.19319054 0.0019319054
0.13137327 0.19052297 0.0019052297
0.13168265 0.18876283 0.0018876283
0.13199202 0.19034063 0.0019034063
0.1323014 0.18951803 0.0018951803
0.13261077 0.1863292 0.001863292
0.13292015 0.1880469 0.001880469
0.13322952 0.18523664 0.0018523664
0.13353889 0.18435527 0.0018435527
0.13384826 0.18381653 0.0018381653
0.13415763 0.18360441 0.0018360441
0.13431581 0.18454492 0.0018454492
0.134467 0.18541901 0.0018541901
0.13477637 0.18342872 0.0018342872
0.13508574 0.18087402 0.0018087402
0.1353951 0.17934861 0.0017934861
0.13570447 0.17842387 0.0017842387
0.13601383 0.17751144 0.0017751144
0.1363232 0.17660232 0.0017660232
0.13663256 0.17570918 0.0017570918
0.13694193 0.17444058 0.0017444058
0.13725129 0.17384432 0.0017384432
0.13755177 0.17200279 0.0017200279
0.13756065 0.17195019 0.0017195019
0.13787001 0.17156603 0.0017156603
0.13817937 0.1719923 0.001719923
0.13848873 0.16984618 0.0016984618
0.13879809 0.16987079 0.0016987079
0.13910745 0.16852173 0.0016852173
0.13941681 0.16818803 0.0016818803
0.13972616 0.16674807 0.0016674807
0.14003552 0.16778667 0.0016778667
0.14034488 0.16555924 0.0016555924
0.14065423 0.16363511 0.0016363511
0.14086569 0.16389823 0.0016389823
0.14096358 0.16402442 0.0016402442
0.14127294 0.1641456 0.001641456
0.14158229 0.16270308 0.0016270308
0.14189164 0.16173609 0.0016173609
0.14220099 0.16182173 0.0016182173
0.14251034 0.16027809 0.0016027809
0.14281969 0.15893657 0.0015893657
0.14312904 0.15999733 0.0015999733
0.14343838 0.15683766 0.0015683766
0.14374773 0.15865395 0.0015865395
0.14405708 0.15551175 0.0015551175
0.14425945 0.1566697 0.001566697
0.14436642 0.15727154 0.0015727154
0.14467577 0.15567883 0.0015567883
0.14498511 0.15454289 0.0015454289
0.14529445 0.15301821 0.0015301821
0.14560379 0.15351826 0.0015351826
0.14591314 0.15055655 0.0015055655
0.14622248 0.15175648 0.0015175648
0.14653182 0.15126019 0.0015126019
0.14684115 0.15017324 0.0015017324
0.14715049 0.14952066 0.0014952066
0.14745983 0.14907814 0.0014907814
0.14773497 0.14692516 0.0014692516
0.14776917 0.14666524 0.0014666524
0.1480785 0.14670302 0.0014670302
0.14838784 0.14572393 0.0014572393
0.14869717 0.1456909 0.001456909
0.1490065 0.14446859 0.0014446859
0.14931583 0.14545006 0.0014545006
0.14962517 0.14457931 0.0014457931
0.1499345 0.14440999 0.0014440999
0.15024383 0.14294946 0.0014294946
0.15055316 0.14215302 0.0014215302
0.15086248 0.14259015 0.0014259015
0.15117181 0.14224135 0.0014224135
0.15129422 0.14255758 0.0014255758
0.15148114 0.14301336 0.0014301336
0.15179046 0.13995068 0.0013995068
0.15209979 0.13963123 0.0013963123
0.15240911 0.14180201 0.0014180201
0.15271844 0.1399724 0.001399724
0.15302776 0.13874364 0.0013874364
0.15333708 0.13877075 0.0013877075
0.1536464 0.13790818 0.0013790818
0.15395572 0.13680487 0.0013680487
0.15426504 0.13586683 0.0013586683
0.15457436 0.13647253 0.0013647253
0.15488367 0.13444137 0.0013444137
0.15493922 0.13439753 0.0013439753
0.15519299 0.13422703 0.0013422703
0.15550231 0.13317577 0.0013317577
0.15581162 0.1325776 0.001325776
0.15612093 0.13365779 0.0013365779
0.15643025 0.13095902 0.0013095902
0.15673956 0.1313576 0.001313576
0.15704887 0.13164522 0.0013164522
0.15735818 0.13128205 0.0013128205
0.15766749 0.13099331 0.0013099331
0.1579768 0.13103226 0.0013103226
0.15828611 0.13051575 0.0013051575
0.15859542 0.12975934 0.0012975934
0.15867204 0.12909856 0.0012909856
0.15890472 0.12709329 0.0012709329
0.15921403 0.1280737 0.001280737
0.15952333 0.12734487 0.0012734487
0.15983264 0.12807228 0.0012807228
0.16014194 0.12615674 0.0012615674
0.16045124 0.12667234 0.0012667234
0.16076054 0.1273314 0.001273314
0.16106984 0.12398019 0.0012398019
0.16137914 0.12422446 0.0012422446
0.16168844 0.12457908 0.0012457908
0.16199774 0.12365324 0.0012365324
0.16230703 0.12391444 0.0012391444
0.16249479 0.12379158 0.0012379158
0.16261633 0.12370842 0.0012370842
0.16292562 0.12268093 0.0012268093
0.16323492 0.122787 0.00122787
0.16354421 0.12157052 0.0012157052
0.1638535 0.12146392 0.0012146392
0.16416279 0.12350677 0.0012350677
0.16447208 0.11961481 0.0011961481
0.16478137 0.11822856 0.0011822856
0.16509066 0.11976624 0.0011976624
0.16539995 0.11838404 0.0011838404
0.16570924 0.1176213 0.001176213
0.16601852 0.11835606 0.0011835606
0.16632781 0.11783944 0.0011783944
0.16640964 0.11755307 0.0011755307
0.16663709 0.11676727 0.0011676727
0.16694637 0.11734759 0.0011734759
0.16725566 0.11686744 0.0011686744
0.16756494 0.11579811 0.0011579811
0.16787422 0.11483339 0.0011483339
0.1681835 0.11467593 0.0011467593
0.16849278 0.11575304 0.0011575304
0.16880205 0.11498557 0.0011498557
0.16911133 0.11238381 0.0011238381
0.16942061 0.11408865 0.0011408865
0.16972988 0.11183295 0.0011183295
0.17003916 0.11312791 0.0011312791
0.17034843 0.11241922 0.0011241922
0.17041881 0.11240601 0.0011240601
0.1706577 0.11236405 0.0011236405
0.17096697 0.11165457 0.0011165457
0.17127624 0.11169825 0.0011169825
0.17158551 0.11110825 0.0011110825
0.17189478 0.11244022 0.0011244022
0.17220405 0.11004275 0.0011004275
0.17251331 0.11124742 0.0011124742
0.17282258 0.11128185 0.0011128185
0.17313184 0.10857066 0.0010857066
0.17344111 0.11024006 0.0011024006
0.17375037 0.11016433 0.0011016433
0.17405963 0.10768923 0.0010768923
0.17436889 0.10758838 0.0010758838
0.17452457 0.10747478 0.0010747478
0.17467815 0.10737308 0.0010737308
0.17498741 0.10740385 0.0010740385
0.17529667 0.10822192 0.0010822192
0.17560593 0.10667136 0.0010667136
0.17591518 0.10774075 0.0010774075
0.17622444 0.10738562 0.0010738562
0.17653369 0.1065383 0.001065383
0.17684295 0.10606534 0.0010606534
0.1771522 0.10369925 0.0010369925
0.17746145 0.10658781 0.0010658781
0.1777707 0.10323084 0.0010323084
0.17807995 0.10389204 0.0010389204
0.1783892 0.10447589 0.0010447589
0.17869844 0.10457294 0.0010457294
0.17872924 0.10440421 0.0010440421
0.17900769 0.10285412 0.0010285412
0.17931694 0.10397487 0.0010397487
0.17962618 0.10041262 0.0010041262
0.17993542 0.10130624 0.0010130624
0.18024467 0.10266228 0.0010266228
0.18055391 0.10067399 0.0010067399
0.18086315 0.10108034 0.0010108034
0.18117239 0.099775937 0.00099775937
0.18148163 0.099602051 0.00099602051
0.18179086 0.098965592 0.00098965592
0.1821001 0.10007803 0.0010007803
0.18240934 0.099661141 0.00099661141
0.18271857 0.099923269 0.00099923269
0.1830278 0.098620794 0.00098620794
0.18303521 0.098611155 0.00098611155
0.18333704 0.098245978 0.00098245978
0.18364627 0.1001944 0.001001944
0.1839555 0.09855207 0.0009855207
0.18426473 0.098941443 0.00098941443
0.18457396 0.097651537 0.00097651537
0.18488318 0.097166426 0.00097166426
0.18519241 0.097668121 0.00097668121
0.18550164 0.097712907 0.00097712907
0.18581086 0.096398561 0.00096398561
0.18612009 0.094973695 0.00094973695
0.18642931 0.095555239 0.00095555239
0.18673853 0.095711066 0.00095711066
0.18704775 0.096522667 0.00096522667
0.18735697 0.095251424 0.00095251424
0.18744492 0.095477686 0.00095477686
0.18766619 0.09604655 0.0009604655
0.1879754 0.096074086 0.00096074086
0.18828462 0.094952799 0.00094952799
0.18859384 0.09480821 0.0009480821
0.18890305 0.094276415 0.00094276415
0.18921226 0.094673978 0.00094673978
0.18952148 0.093887408 0.00093887408
0.18983069 0.092545215 0.00092545215
0.1901399 0.094043513 0.00094043513
0.19044911 0.092702149 0.00092702149
0.19075832 0.094743918 0.00094743918
0.19106752 0.093605673 0.00093605673
0.19137673 0.09032871 0.0009032871
0.19168593 0.093023515 0.00093023515
0.19196087 0.092211271 0.00092211271
0.19199514 0.092109104 0.00092109104
0.19230434 0.092324793 0.00092324793
0.19261354 0.090425766 0.00090425766
0.19292274 0.090057951 0.00090057951
0.19323194 0.092027901 0.00092027901
0.19354114 0.090295384 0.00090295384
0.19385034 0.090316894 0.00090316894
0.19415954 0.091659704 0.00091659704
0.19446873 0.090429552 0.00090429552
0.19477793 0.088373527 0.00088373527
0.19508712 0.089342501 0.00089342501
0.19539631 0.088812894 0.00088812894
0.1957055 0.089760092 0.00089760092
0.19601469 0.088052157 0.00088052157
0.19632388 0.087873904 0.00087873904
0.19658562 0.087981875 0.00087981875
0.19663307 0.088001878 0.00088001878
0.19694226 0.086627586 0.00086627586
0.19725144 0.088340245 0.00088340245
0.19756063 0.086536016 0.00086536016
0.19786981 0.086863073 0.00086863073
0.19817899 0.087385357 0.00087385357
0.19848818 0.087448871 0.00087448871
0.19879736 0.086077922 0.00086077922
0.19910654 0.086661629 0.00086661629
0.19941572 0.085631956 0.00085631956
0.19972489 0.084852827 0.00084852827
0.20003407 0.086028053 0.00086028053
0.20034324 0.086281474 0.00086281474
0.20065242 0.086714577 0.00086714577
0.20096159 0.085622121 0.00085622121
0.20127076 0.084018432 0.00084018432
0.2013218 0.083958904 0.00083958904
0.20157993 0.083684546 0.00083684546
0.2018891 0.083637172 0.00083637172
0.20219827 0.08330368 0.0008330368
0.20250744 0.084711847 0.00084711847
0.20281661 0.086381063 0.00086381063
0.20312577 0.084042594 0.00084042594
0.20343493 0.083670819 0.00083670819
0.2037441 0.084035327 0.00084035327
0.20405326 0.081612026 0.00081612026
0.20436242 0.083663006 0.00083663006
0.20467158 0.08369684 0.0008369684
0.20498074 0.08404348 0.0008404348
0.2052899 0.083169231 0.00083169231
0.20559905 0.083989029 0.00083989029
0.20590821 0.081644364 0.00081644364
0.20617207 0.083320315 0.00083320315
0.20621736 0.083602834 0.00083602834
0.20652651 0.081614896 0.00081614896
0.20683567 0.081843165 0.00081843165
0.20714482 0.081235556 0.00081235556
0.20745397 0.081577329 0.00081577329
0.20776312 0.080215909 0.00080215909
0.20807226 0.08219115 0.0008219115
0.20838141 0.080915672 0.00080915672
0.20869055 0.081451208 0.00081451208
0.2089997 0.080222999 0.00080222999
0.20930884 0.080999839 0.00080999839
0.20961798 0.079936434 0.00079936434
0.20992712 0.080091165 0.00080091165
0.21023626 0.081464045 0.00081464045
0.2105454 0.081053996 0.00081053996
0.21085454 0.079574502 0.00079574502
0.2111392 0.078756325 0.00078756325
0.21116367 0.078688351 0.00078688351
0.21147281 0.078992685 0.00078992685
0.21178194 0.079811778 0.00079811778
0.21209107 0.079470765 0.00079470765
0.21240021 0.078724471 0.00078724471
0.21270934 0.079438403 0.00079438403
0.21301846 0.078985089 0.00078985089
0.21332759 0.077180534 0.00077180534
0.21363672 0.077276702 0.00077276702
0.21394584 0.077854667 0.00077854667
0.21425497 0.076774918 0.00076774918
0.21456409 0.076674607 0.00076674607
0.21487321 0.07583162 0.0007583162
0.21518234 0.078036098 0.00078036098
0.21549145 0.077449956 0.00077449956
0.21580057 0.07613476 0.0007613476
0.21610969 0.077021827 0.00077021827
0.216226 0.077473005 0.00077473005
0.21641881 0.078209155 0.00078209155
0.21672792 0.077413787 0.00077413787
0.21703704 0.076323871 0.00076323871
0.21734615 0.076199491 0.00076199491
0.21765526 0.076073053 0.00076073053
0.21796437 0.077437317 0.00077437317
0.21827348 0.075891687 0.00075891687
0.21858259 0.074350386 0.00074350386
0.21889169 0.075585974 0.00075585974
0.2192008 0.076530554 0.00076530554
0.2195099 0.073870643 0.00073870643
0.21981901 0.075819213 0.00075819213
0.22012811 0.075227636 0.00075227636
0.22043721 0.072513854 0.00072513854
0.22074631 0.074041671 0.00074041671
0.22105541 0.075358671 0.00075358671
0.2213645 0.074377393 0.00074377393
0.22143535 0.073949 0.00073949
0.2216736 0.072522897 0.00072522897
0.22198269 0.076315565 0.00076315565
0.22229179 0.074486508 0.00074486508
0.22260088 0.073397503 0.00073397503
0.22290997 0.073066487 0.00073066487
0.22321906 0.073538413 0.00073538413
0.22352815 0.073028984 0.00073028984
0.22383724 0.073913541 0.00073913541
0.22414632 0.073007416 0.00073007416
0.22445541 0.071660471 0.00071660471
0.22476449 0.073325048 0.00073325048
0.22507357 0.073964868 0.00073964868
0.22538265 0.07162132 0.0007162132
0.22569174 0.0738199 0.000738199
0.22600081 0.072354858 0.00072354858
0.22630989 0.073581147 0.00073581147
0.22661897 0.073241895 0.00073241895
0.2267702 0.072607533 0.00072607533
0.22692804 0.071949023 0.00071949023
0.22723712 0.070571971 0.00070571971
0.22754619 0.069770423 0.00069770423
0.22785526 0.071425868 0.00071425868
0.22816433 0.072167112 0.00072167112
0.2284734 0.072139529 0.00072139529
0.22878247 0.07046643 0.0007046643
0.22909153 0.069975617 0.00069975617
0.2294006 0.070335096 0.00070335096
0.22970966 0.070243757 0.00070243757
0.23001873 0.07380278 0.0007380278
0.23032779 0.070818284 0.00070818284
0.23063685 0.071646415 0.00071646415
0.23094591 0.070037184 0.00070037184
0.23125496 0.069786814 0.00069786814
0.23156402 0.069014105 0.00069014105
0.23187308 0.068239255 0.00068239255
0.23218213 0.072791285 0.00072791285
0.23223358 0.072094727 0.00072094727
0.23249118 0.06857655 0.0006857655
0.23280023 0.067275508 0.00067275508
0.23310928 0.069579206 0.00069579206
0.23341833 0.069677495 0.00069677495
0.23372738 0.069971469 0.00069971469
0.23403643 0.068309563 0.00068309563
0.23434547 0.069137854 0.00069137854
0.23465451 0.068163517 0.00068163517
0.23496356 0.070194507 0.00070194507
0.2352726 0.067417381 0.00067417381
0.23558164 0.067257001 0.00067257001
0.23589068 0.067715713 0.00067715713
0.23619971 0.068450401 0.00068450401
0.23650875 0.069660651 0.00069660651
0.23681778 0.066406384 0.00066406384
0.23712682 0.071720241 0.00071720241
0.23743585 0.068335331 0.00068335331
0.23774488 0.066297736 0.00066297736
0.23782859 0.066887772 0.00066887772
0.23805391 0.068503703 0.00068503703
0.23836294 0.067591209 0.00067591209
0.23867197 0.069027661 0.00069027661
0.23898099 0.067781207 0.00067781207
0.23929002 0.068243028 0.00068243028
0.23959904 0.067418724 0.00067418724
0.23990806 0.068053091 0.00068053091
0.24021708 0.067956977 0.00067956977
0.2405261 0.066953286 0.00066953286
0.24083512 0.06814867 0.0006814867
0.24114413 0.068269928 0.00068269928
0.24145315 0.067194788 0.00067194788
0.24176216 0.066763588 0.00066763588
0.24207118 0.065269727 0.00065269727
0.24238019 0.066669305 0.00066669305
0.2426892 0.065685657 0.00065685657
0.24299821 0.068146937 0.00068146937
0.24330721 0.067225032 0.00067225032
0.24355839 0.066489077 0.00066489077
0.24361622 0.066312532 0.00066312532
0.24392522 0.066466947 0.00066466947
0.24423423 0.065892554 0.00065892554
0.24454323 0.066097043 0.00066097043
0.24485223 0.063958265 0.00063958265
0.24516123 0.063636765 0.00063636765
0.24547023 0.065945519 0.00065945519
0.24577922 0.064424611 0.00064424611
0.24608822 0.065208682 0.00065208682
0.24639721 0.063686527 0.00063686527
0.24670621 0.063147747 0.00063147747
0.2470152 0.062104822 0.00062104822
0.24732419 0.065676174 0.00065676174
0.24763318 0.064319423 0.00064319423
0.24794216 0.064694907 0.00064694907
0.24825115 0.063552894 0.00063552894
0.24856013 0.063108771 0.00063108771
0.24886912 0.063337326 0.00063337326
0.2491781 0.062902082 0.00062902082
0.24942624 0.061019351 0.00061019351
0.24948708 0.060564769 0.00060564769
0.24979606 0.061728577 0.00061728577
0.25010504 0.06610129 0.0006610129
0.25041401 0.06273717 0.0006273717
0.25072299 0.062654924 0.00062654924
0.25103196 0.062096553 0.00062096553
0.25134093 0.060790733 0.00060790733
0.2516499 0.059596979 0.00059596979
0.25195887 0.062429595 0.00062429595
0.25226784 0.061673711 0.00061673711
0.25257681 0.063307085 0.00063307085
0.25288577 0.061721094 0.00061721094
0.25319474 0.061833793 0.00061833793
0.2535037 0.063055754 0.00063055754
0.25381266 0.062810688 0.00062810688
0.25412162 0.061172705 0.00061172705
0.25443058 0.059862223 0.00059862223
0.25473954 0.062430686 0.00062430686
0.25504849 0.062172444 0.00062172444
0.25535745 0.060197965 0.00060197965
0.25543545 0.060307973 0.00060307973
0.2556664 0.060622724 0.00060622724
0.25597535 0.059596291 0.00059596291
0.2562843 0.061574254 0.00061574254
0.25659325 0.05832574 0.0005832574
0.2569022 0.061839508 0.00061839508
0.25721115 0.060060475 0.00060060475
0.25752009 0.058952508 0.00058952508
0.25782903 0.059352009 0.00059352009
0.25813798 0.058612225 0.00058612225
0.25844692 0.058597648 0.00058597648
0.25875585 0.059137305 0.00059137305
0.25906479 0.057876112 0.00057876112
0.25937373 0.060675493 0.00060675493
0.25968266 0.061529676 0.00061529676
0.2599916 0.059099517 0.00059099517
0.26030053 0.058513671 0.00058513671
0.26060946 0.059004784 0.00059004784
0.26091839 0.059627704 0.00059627704
0.26122732 0.058431972 0.00058431972
0.26153624 0.05752756 0.0005752756
0.26158944 0.057501148 0.00057501148
0.26184517 0.057394317 0.00057394317
0.26215409 0.059238555 0.00059238555
0.26246301 0.056603525 0.00056603525
0.26277193 0.057216692 0.00057216692
0.26308085 0.058202936 0.00058202936
0.26338977 0.059804412 0.00059804412
0.26369869 0.058543039 0.00058543039
0.2640076 0.058535449 0.00058535449
0.26431651 0.056591971 0.00056591971
0.26462543 0.060074303 0.00060074303
0.26493434 0.058476408 0.00058476408
0.26524325 0.056326139 0.00056326139
0.26555215 0.059477654 0.00059477654
0.26586106 0.057469701 0.00057469701
0.26616996 0.055511499 0.00055511499
0.26647887 0.057463514 0.00057463514
0.26678777 0.05855205 0.0005855205
0.26709667 0.057199501 0.00057199501
0.26740557 0.057222037 0.00057222037
0.26771447 0.056582807 0.00056582807
0.2678917 0.058104734 0.00058104734
0.26802336 0.059221195 0.00059221195
0.26833226 0.056010784 0.00056010784
0.26864115 0.05479464 0.0005479464
0.26895004 0.055446772 0.00055446772
0.26925893 0.05725765 0.0005725765
0.26956782 0.055583322 0.00055583322
0.26987671 0.05819198 0.0005819198
0.27018559 0.055455328 0.00055455328
0.27049448 0.054976461 0.00054976461
0.27080336 0.05692309 0.0005692309
0.27111224 0.052423614 0.00052423614
0.27142112 0.055435615 0.00055435615
0.27173 0.053589976 0.00053589976
0.27203888 0.054183445 0.00054183445
0.27234775 0.053284888 0.00053284888
0.27265663 0.053849326 0.00053849326
0.2729655 0.054569144 0.00054569144
0.27327437 0.055016611 0.00055016611
0.27358324 0.054046884 0.00054046884
0.27389211 0.055819301 0.00055819301
0.27420098 0.053691213 0.00053691213
0.27434578 0.053856424 0.00053856424
0.27450984 0.054053101 0.00054053101
0.2748187 0.052813272 0.00052813272
0.27512757 0.052531432 0.00052531432
0.27543643 0.054346953 0.00054346953
0.27574529 0.054362398 0.00054362398
0.27605414 0.05122855 0.0005122855
0.276363 0.053260881 0.00053260881
0.27667185 0.055124094 0.00055124094
0.27698071 0.053087567 0.00053087567
0.27728956 0.054056293 0.00054056293
0.27759841 0.04988862 0.0004988862
0.27790726 0.053525544 0.00053525544
0.2782161 0.053008028 0.00053008028
0.27852495 0.055357395 0.00055357395
0.27883379 0.050940201 0.00050940201
0.27914264 0.053253503 0.00053253503
0.27945148 0.053030228 0.00053030228
0.27976032 0.051807525 0.00051807525
0.28006915 0.051019931 0.00051019931
0.28037799 0.051942948 0.00051942948
0.28068683 0.051639486 0.00051639486
0.28095536 0.052183307 0.00052183307
0.28099566 0.052263104 0.00052263104
0.28130449 0.050380657 0.00050380657
0.28161332 0.04965915 0.0004965915
0.28192215 0.052069956 0.00052069956
0.28223098 0.052688529 0.00052688529
0.2825398 0.052741091 0.00052741091
0.28284863 0.051161928 0.00051161928
0.28315745 0.051718657 0.00051718657
0.28346627 0.052007133 0.00052007133
0.28377509 0.051544749 0.00051544749
0.28408391 0.051038786 0.00051038786
0.28439272 0.05017145 0.0005017145
0.28470154 0.051455693 0.00051455693
0.28501035 0.050784015 0.00050784015
0.28531916 0.051054613 0.00051054613
0.28562797 0.051954079 0.00051954079
0.28593678 0.048018517 0.00048018517
0.28624559 0.048543983 0.00048543983
0.2865544 0.050448822 0.00050448822
0.2868632 0.048306615 0.00048306615
0.287172 0.048261166 0.00048261166
0.2874808 0.049372957 0.00049372957
0.28772418 0.048339267 0.00048339267
0.2877896 0.048067616 0.00048067616
0.2880984 0.046768231 0.00046768231
0.2884072 0.049471998 0.00049471998
0.28871599 0.050303561 0.00050303561
0.28902478 0.048001606 0.00048001606
0.28933358 0.05043643 0.0005043643
0.28964237 0.049190303 0.00049190303
0.28995115 0.045727723 0.00045727723
0.29025994 0.047615118 0.00047615118
0.29056873 0.045833726 0.00045833726
0.29087751 0.048479584 0.00048479584
0.29118629 0.046981185 0.00046981185
0.29149507 0.04958509 0.0004958509
0.29180385 0.047788525 0.00047788525
0.29211263 0.048604165 0.00048604165
0.2924214 0.047664384 0.00047664384
0.29273018 0.046725984 0.00046725984
0.29303895 0.047698873 0.00047698873
0.29334772 0.046340827 0.00046340827
0.29365649 0.048538101 0.00048538101
0.29396526 0.048199638 0.00048199638
0.29427402 0.046087511 0.00046087511
0.29458279 0.049406144 0.00049406144
0.29465608 0.04898435 0.0004898435
0.29489155 0.047608888 0.00047608888
0.29520031 0.045169049 0.00045169049
0.29550907 0.047738058 0.00047738058
0.29581783 0.046394924 0.00046394924
0.29612659 0.047567363 0.00047567363
0.29643534 0.048319541 0.00048319541
0.2967441 0.045289861 0.00045289861
0.29705285 0.04792088 0.0004792088
0.2973616 0.047292741 0.00047292741
0.29767035 0.04534892 0.0004534892
0.29797909 0.047278581 0.00047278581
0.29828784 0.048662916 0.00048662916
0.29859658 0.044500441 0.00044500441
0.29890532 0.048050931 0.00048050931
0.29921406 0.04545199 0.0004545199
0.2995228 0.044125164 0.00044125164
0.29983154 0.045085925 0.00045085925
