0.010059664 10.473632 0.10473632
0.010369191 10.098262 0.10098262
0.010678719 9.7874838 0.097874838
0.010988246 9.5043761 0.095043761
0.011297773 9.3208951 0.093208951
0.0116073 9.2146989 0.092146989
0.011916828 9.0009929 0.090009929
0.012226355 8.8247608 0.088247608
0.012535882 8.7774365 0.087774365
0.012845409 8.618311 0.08618311
0.013154936 8.5012155 0.085012155
0.013464463 8.4869927 0.084869927
0.013773989 8.3302382 0.083302382
0.014083516 8.2652907 0.082652907
0.014393043 8.1913278 0.081913278
0.014702569 8.1094598 0.081094598
0.015012096 8.056559 0.08056559
0.015321622 8.0012222 0.080012222
0.015631148 7.9683334 0.079683334
0.015940675 7.9630153 0.079630153
0.016250201 7.9347105 0.079347105
0.016559727 7.886399 0.07886399
0.016869253 7.9001047 0.079001047
0.017178779 7.8455399 0.078455399
0.017488304 7.806994 0.07806994
0.01779783 7.8178602 0.078178602
0.018107355 7.7771969 0.077771969
0.018416881 7.748901 0.07748901
0.018726406 7.6923351 0.076923351
0.019035932 7.6934125 0.076934125
0.019345457 7.6466029 0.076466029
0.019654982 7.606712 0.07606712
0.019964507 7.585485 0.07585485
0.020274032 7.5667518 0.075667518
0.020583556 7.5470696 0.075470696
0.020893081 7.543382 0.07543382
0.021202605 7.4961271 0.074961271
0.02151213 7.4691782 0.074691782
0.021821654 7.4953383 0.074953383
0.022131178 7.4674668 0.074674668
0.022440702 7.4561604 0.074561604
0.022750226 7.4470767 0.074470767
0.02305975 7.38707 0.0738707
0.023369274 7.4262891 0.074262891
0.023678797 7.3682005 0.073682005
0.023988321 7.3251841 0.073251841
0.024297844 7.3528081 0.073528081
0.024607367 7.2982038 0.072982038
0.02491689 7.2588449 0.072588449
0.025226413 7.2834069 0.072834069
0.025535936 7.2350896 0.072350896
0.025845458 7.2061229 0.072061229
0.026154981 7.1965669 0.071965669
0.026464503 7.1709929 0.071709929
0.026774025 7.1357888 0.071357888
0.027083547 7.1063797 0.071063797
0.027393069 7.0861808 0.070861808
0.027702591 7.0460102 0.070460102
0.028012112 7.0315715 0.070315715
0.028321634 7.0063142 0.070063142
0.028631155 6.9579302 0.069579302
0.028940676 6.9286967 0.069286967
0.029250197 6.8958681 0.068958681
0.029559718 6.8833812 0.068833812
0.029869238 6.8585222 0.068585222
0.030178759 6.830098 0.06830098
0.030488279 6.8009383 0.068009383
0.030797799 6.7935805 0.067935805
0.031107319 6.7648322 0.067648322
0.031416839 6.7329533 0.067329533
0.031726359 6.7192011 0.067192011
0.032035878 6.6869891 0.066869891
0.032345397 6.67024 0.0667024
0.032654916 6.6639847 0.066639847
0.032964435 6.5988871 0.065988871
0.033273954 6.567009 0.06567009
0.033583473 6.5697686 0.065697686
0.033892991 6.5263512 0.065263512
0.034202509 6.507774 0.06507774
0.034512027 6.4974707 0.064974707
0.034821545 6.4653226 0.064653226
0.035131063 6.4370703 0.064370703
0.03544058 6.4279094 0.064279094
0.035750097 6.3920278 0.063920278
0.036059614 6.3557782 0.063557782
0.036369131 6.3470568 0.063470568
0.036678648 6.3290709 0.063290709
0.036988164 6.3028879 0.063028879
0.03729768 6.27707 0.0627707
0.037607196 6.2529972 0.062529972
0.037916712 6.2341025 0.062341025
0.038226228 6.2045241 0.062045241
0.038535743 6.1884367 0.061884367
0.038845259 6.1481952 0.061481952
0.039154774 6.1304287 0.061304287
0.039464288 6.1137835 0.061137835
0.039773803 6.0728245 0.060728245
0.040083317 6.0605807 0.060605807
0.040392831 6.0419579 0.060419579
0.040702345 6.0027481 0.060027481
0.041011859 5.9816864 0.059816864
0.041321372 5.9621385 0.059621385
0.041630886 5.9382365 0.059382365
0.041940399 5.9070272 0.059070272
0.042249911 5.8906326 0.058906326
0.042559424 5.8871225 0.058871225
0.042868936 5.8342104 0.058342104
0.043178448 5.8183855 0.058183855
0.04348796 5.7885196 0.057885196
0.043797472 5.7648251 0.057648251
0.044106983 5.7422211 0.057422211
0.044416494 5.7312821 0.057312821
0.044726005 5.6838635 0.056838635
0.045035516 5.6752826 0.056752826
0.045345026 5.660731 0.05660731
0.045654536 5.6258787 0.056258787
0.045964046 5.6156117 0.056156117
0.046273556 5.5648754 0.055648754
0.046583065 5.5486612 0.055486612
0.046892575 5.5186187 0.055186187
0.047202083 5.4919467 0.054919467
0.047511592 5.4674526 0.054674526
0.0478211 5.4543132 0.054543132
0.048130609 5.4383846 0.054383846
0.048440116 5.4017001 0.054017001
0.048749624 5.3870206 0.053870206
0.049059131 5.3564156 0.053564156
0.049368638 5.3178104 0.053178104
0.049678145 5.3370559 0.053370559
0.049987652 5.2877997 0.052877997
0.050297158 5.271053 0.05271053
0.050606664 5.2476752 0.052476752
0.05091617 5.2310709 0.052310709
0.051225675 5.2206599 0.052206599
0.05153518 5.2051202 0.052051202
0.051844685 5.1691503 0.051691503
0.05215419 5.1735547 0.051735547
0.052463694 5.1274939 0.051274939
0.052773198 5.102254 0.05102254
0.053082702 5.1004125 0.051004125
0.053392205 5.0615438 0.050615438
0.053701708 5.0528032 0.050528032
0.054011211 5.0341184 0.050341184
0.054320713 5.0115437 0.050115437
0.054630216 5.005106 0.05005106
0.054939718 4.9518033 0.049518033
0.055249219 4.9328746 0.049328746
0.055558721 4.9216681 0.049216681
0.055868222 4.8958152 0.048958152
0.056177722 4.8678704 0.048678704
0.056487223 4.8680886 0.048680886
0.056796723 4.8226013 0.048226013
0.057106223 4.8172381 0.048172381
0.057415722 4.7913049 0.047913049
0.057725221 4.7689221 0.047689221
0.05803472 4.7536052 0.047536052
0.058344219 4.7500344 0.047500344
0.058653717 4.7178456 0.047178456
0.058963215 4.6826768 0.046826768
0.059272713 4.6705369 0.046705369
0.05958221 4.6544518 0.046544518
0.059891707 4.6514451 0.046514451
0.060201203 4.6312758 0.046312758
0.0605107 4.6106337 0.046106337
0.060820196 4.5821858 0.045821858
0.061129691 4.5628736 0.045628736
0.061439187 4.556901 0.04556901
0.061748681 4.5233139 0.045233139
0.062058176 4.5223232 0.045223232
0.06236767 4.493484 0.04493484
0.062677164 4.4921005 0.044921005
0.062986658 4.4640187 0.044640187
0.063296151 4.4313058 0.044313058
0.063605644 4.4179383 0.044179383
0.063915137 4.3967437 0.043967437
0.064224629 4.3751377 0.043751377
0.064534121 4.3665635 0.043665635
0.064843612 4.3451178 0.043451178
0.065153103 4.3286847 0.043286847
0.065462594 4.3084414 0.043084414
0.065772085 4.2922737 0.042922737
0.066081575 4.2711691 0.042711691
0.066391064 4.2496344 0.042496344
0.066700554 4.2391845 0.042391845
0.067010043 4.2018097 0.042018097
0.067319531 4.1946347 0.041946347
0.06762902 4.1723029 0.041723029
0.067938508 4.1565635 0.041565635
0.068247995 4.1314296 0.041314296
0.068557482 4.1133394 0.041133394
0.068866969 4.0967617 0.040967617
0.069176455 4.080346 0.04080346
0.069485941 4.0620237 0.040620237
0.069795427 4.0436398 0.040436398
0.070104912 4.0273992 0.040273992
0.070414397 4.0031604 0.040031604
0.070723882 3.9835321 0.039835321
0.071033366 3.9636622 0.039636622
0.07134285 3.9497785 0.039497785
0.071652333 3.9357115 0.039357115
0.071961816 3.9191893 0.039191893
0.072271298 3.8879932 0.038879932
0.07258078 3.8711688 0.038711688
0.072890262 3.8665806 0.038665806
0.073199744 3.8485904 0.038485904
0.073509225 3.8364783 0.038364783
0.073818705 3.8095664 0.038095664
0.074128185 3.7897623 0.037897623
0.074437665 3.7757538 0.037757538
0.074747144 3.764719 0.03764719
0.075056623 3.7334118 0.037334118
0.075366102 3.7296366 0.037296366
0.07567558 3.7027455 0.037027455
0.075985058 3.676741 0.03676741
0.076294535 3.6719073 0.036719073
0.076604012 3.654316 0.03654316
0.076913488 3.6410667 0.036410667
0.077222964 3.6293577 0.036293577
0.07753244 3.6035718 0.036035718
0.077841915 3.5798925 0.035798925
0.07815139 3.5669629 0.035669629
0.078460864 3.5545183 0.035545183
0.078770338 3.5323556 0.035323556
0.079079812 3.5274512 0.035274512
0.079389285 3.5078596 0.035078596
0.079698757 3.4871356 0.034871356
0.080008229 3.4732123 0.034732123
0.080317701 3.4520436 0.034520436
0.080627172 3.4382245 0.034382245
0.080936643 3.4176573 0.034176573
0.081246114 3.4023084 0.034023084
0.081555584 3.3832065 0.033832065
0.081865053 3.3738404 0.033738404
0.082174522 3.3604996 0.033604996
0.082483991 3.3399973 0.033399973
0.082793459 3.3147027 0.033147027
0.083102927 3.3119252 0.033119252
0.083412394 3.2879485 0.032879485
0.083721861 3.2790836 0.032790836
0.084031327 3.2584828 0.032584828
0.084340793 3.239819 0.03239819
0.084650259 3.225639 0.03225639
0.084959724 3.2099285 0.032099285
0.085269188 3.19609 0.0319609
0.085578652 3.1801535 0.031801535
0.085888116 3.169857 0.03169857
0.086197579 3.1537161 0.031537161
0.086507042 3.1316006 0.031316006
0.086816504 3.1101134 0.031101134
0.087125966 3.0972713 0.030972713
0.087435427 3.0849666 0.030849666
0.087744888 3.068375 0.03068375
0.088054348 3.0602758 0.030602758
0.088363808 3.0381239 0.030381239
0.088673267 3.0275755 0.030275755
0.088982726 3.0125769 0.030125769
0.089292184 2.9974805 0.029974805
0.089601642 2.9845624 0.029845624
0.089911099 2.9724488 0.029724488
0.090220556 2.9547678 0.029547678
0.090530013 2.9425373 0.029425373
0.090839469 2.9257785 0.029257785
0.091148924 2.9059021 0.029059021
0.091458379 2.8953657 0.028953657
0.091767833 2.8764457 0.028764457
0.092077287 2.8721904 0.028721904
0.092386741 2.8439375 0.028439375
0.092696194 2.8436021 0.028436021
0.093005646 2.8210386 0.028210386
0.093315098 2.8055366 0.028055366
0.093624549 2.7880763 0.027880763
0.093934 2.7725535 0.027725535
0.09424345 2.7674039 0.027674039
0.0945529 2.7503415 0.027503415
0.09486235 2.7313097 0.027313097
0.095171798 2.7240447 0.027240447
0.095481247 2.7022993 0.027022993
0.095790694 2.6919151 0.026919151
0.096100142 2.6692574 0.026692574
0.096409588 2.6649371 0.026649371
0.096719035 2.6446006 0.026446006
0.09702848 2.6319987 0.026319987
0.097337925 2.6159904 0.026159904
0.09764737 2.6007778 0.026007778
0.097956814 2.5960313 0.025960313
0.098266257 2.5765344 0.025765344
0.0985757 2.5644339 0.025644339
0.098885143 2.5441808 0.025441808
0.099194585 2.5287067 0.025287067
0.099504026 2.526993 0.02526993
0.099813467 2.5118006 0.025118006
0.10012291 2.495256 0.02495256
0.10043235 2.48284 0.0248284
0.10074179 2.4681322 0.024681322
0.10105122 2.4549836 0.024549836
0.10136066 2.4384147 0.024384147
0.1016701 2.4245363 0.024245363
0.10197954 2.4128161 0.024128161
0.10228897 2.3962723 0.023962723
0.10259841 2.3910652 0.023910652
0.10290785 2.3705767 0.023705767
0.10321728 2.3594687 0.023594687
0.10352671 2.3501284 0.023501284
0.10383615 2.3292347 0.023292347
0.10414558 2.320206 0.02320206
0.10445501 2.309029 0.02309029
0.10476445 2.3009908 0.023009908
0.10507388 2.2864057 0.022864057
0.10538331 2.2659587 0.022659587
0.10569274 2.260023 0.02260023
0.10600217 2.2532556 0.022532556
0.1063116 2.2312498 0.022312498
0.10662102 2.2220853 0.022220853
0.10693045 2.2108958 0.022108958
0.10723988 2.1959657 0.021959657
0.10754931 2.1826149 0.021826149
0.10785873 2.1690224 0.021690224
0.10816816 2.1574491 0.021574491
0.10847758 2.1535364 0.021535364
0.10878701 2.1362836 0.021362836
0.10909643 2.1256361 0.021256361
0.10940585 2.1144589 0.021144589
0.10971528 2.1016891 0.021016891
0.1100247 2.0877137 0.020877137
0.11033412 2.0801375 0.020801375
0.11064354 2.0633883 0.020633883
0.11095296 2.051366 0.02051366
0.11126238 2.0446775 0.020446775
0.1115718 2.0327838 0.020327838
0.11188122 2.0120768 0.020120768
0.11219064 1.997142 0.01997142
0.11250005 1.9906475 0.019906475
0.11280947 1.9752896 0.019752896
0.11311889 1.958586 0.01958586
0.1134283 1.9527953 0.019527953
0.11373772 1.9430727 0.019430727
0.11404713 1.9294298 0.019294298
0.11435654 1.9212085 0.019212085
0.11466596 1.9105834 0.019105834
0.11497537 1.9021594 0.019021594
0.11528478 1.8823831 0.018823831
0.11559419 1.8715884 0.018715884
0.1159036 1.855901 0.01855901
0.11621301 1.8504569 0.018504569
0.11652242 1.8407486 0.018407486
0.11683183 1.82972 0.0182972
0.11714124 1.8132061 0.018132061
0.11745064 1.8043123 0.018043123
0.11776005 1.7990123 0.017990123
0.11806945 1.7852628 0.017852628
0.11837886 1.7709051 0.017709051
0.11868826 1.7659202 0.017659202
0.11899767 1.753435 0.01753435
0.11930707 1.7396984 0.017396984
0.11961647 1.7297589 0.017297589
0.11992588 1.7165073 0.017165073
0.12023528 1.7115894 0.017115894
0.12054468 1.7030769 0.017030769
0.12085408 1.6930455 0.016930455
0.12116348 1.6810461 0.016810461
0.12147288 1.6637731 0.016637731
0.12178227 1.6568631 0.016568631
0.12209167 1.6487707 0.016487707
0.12240107 1.6344129 0.016344129
0.12271046 1.6287165 0.016287165
0.12301986 1.6204314 0.016204314
0.12332925 1.6008111 0.016008111
0.12363865 1.5870335 0.015870335
0.12394804 1.5888612 0.015888612
0.12425743 1.5810665 0.015810665
0.12456683 1.5660176 0.015660176
0.12487622 1.5629248 0.015629248
0.12518561 1.5461392 0.015461392
0.125495 1.5395934 0.015395934
0.12580439 1.5204433 0.015204433
0.12611377 1.518091 0.01518091
0.12642316 1.5023722 0.015023722
0.12673255 1.4996658 0.014996658
0.12704194 1.4888628 0.014888628
0.12735132 1.4827236 0.014827236
0.12766071 1.470964 0.01470964
0.12797009 1.4593964 0.014593964
0.12827947 1.4444706 0.014444706
0.12858886 1.4405789 0.014405789
0.12889824 1.4276697 0.014276697
0.12920762 1.4207582 0.014207582
0.129517 1.4163409 0.014163409
0.12982638 1.4031216 0.014031216
0.13013576 1.3934963 0.013934963
0.13044514 1.3836856 0.013836856
0.13075452 1.3770188 0.013770188
0.1310639 1.3634838 0.013634838
0.13137327 1.3544682 0.013544682
0.13168265 1.3457704 0.013457704
0.13199202 1.3421192 0.013421192
0.1323014 1.3332224 0.013332224
0.13261077 1.3228972 0.013228972
0.13292015 1.317525 0.01317525
0.13322952 1.3046345 0.013046345
0.13353889 1.2975741 0.012975741
0.13384826 1.2887931 0.012887931
0.13415763 1.2825939 0.012825939
0.134467 1.2706795 0.012706795
0.13477637 1.2562645 0.012562645
0.13508574 1.2510634 0.012510634
0.1353951 1.2441557 0.012441557
0.13570447 1.2379253 0.012379253
0.13601383 1.2224986 0.012224986
0.1363232 1.2163242 0.012163242
0.13663256 1.2127115 0.012127115
0.13694193 1.197809 0.01197809
0.13725129 1.1918109 0.011918109
0.13756065 1.1877103 0.011877103
0.13787001 1.1803933 0.011803933
0.13817937 1.1742139 0.011742139
0.13848873 1.1629346 0.011629346
0.13879809 1.1565487 0.011565487
0.13910745 1.1484583 0.011484583
0.13941681 1.1355746 0.011355746
0.13972616 1.1282476 0.011282476
0.14003552 1.1174102 0.011174102
0.14034488 1.1135991 0.011135991
0.14065423 1.1026874 0.011026874
0.14096358 1.0963231 0.010963231
0.14127294 1.0917972 0.010917972
0.14158229 1.0848476 0.010848476
0.14189164 1.0775499 0.010775499
0.14220099 1.0666034 0.010666034
0.14251034 1.059651 0.01059651
0.14281969 1.0491452 0.010491452
0.14312904 1.0452152 0.010452152
0.14343838 1.0379442 0.010379442
0.14374773 1.0254137 0.010254137
0.14405708 1.0227559 0.010227559
0.14436642 1.0162689 0.010162689
0.14467577 1.0018638 0.010018638
0.14498511 1.0033432 0.010033432
0.14529445 0.99722064 0.0099722064
0.14560379 0.9841918 0.009841918
0.14591314 0.98357182 0.0098357182
0.14622248 0.97195061 0.0097195061
0.14653182 0.96345155 0.0096345155
0.14684115 0.95952307 0.0095952307
0.14715049 0.94703425 0.0094703425
0.14745983 0.94205116 0.0094205116
0.14776917 0.93576446 0.0093576446
0.1480785 0.92990965 0.0092990965
0.14838784 0.92175921 0.0092175921
0.14869717 0.91477071 0.0091477071
0.1490065 0.90745548 0.0090745548
0.14931583 0.90538166 0.0090538166
0.14962517 0.8986466 0.008986466
0.1499345 0.88485772 0.0088485772
0.15024383 0.87933507 0.0087933507
0.15055316 0.8752401 0.008752401
0.15086248 0.86992946 0.0086992946
0.15117181 0.86432916 0.0086432916
0.15148114 0.85887418 0.0085887418
0.15179046 0.85018429 0.0085018429
0.15209979 0.84143661 0.0084143661
0.15240911 0.83398592 0.0083398592
0.15271844 0.83403673 0.0083403673
0.15302776 0.8231216 0.008231216
0.15333708 0.81706628 0.0081706628
0.1536464 0.81031495 0.0081031495
0.15395572 0.80529847 0.0080529847
0.15426504 0.79909476 0.0079909476
0.15457436 0.79064441 0.0079064441
0.15488367 0.78928436 0.0078928436
0.15519299 0.78610568 0.0078610568
0.15550231 0.77579902 0.0077579902
0.15581162 0.77053023 0.0077053023
0.15612093 0.76162249 0.0076162249
0.15643025 0.75785586 0.0075785586
0.15673956 0.75386513 0.0075386513
0.15704887 0.74246368 0.0074246368
0.15735818 0.73723324 0.0073723324
0.15766749 0.73113337 0.0073113337
0.1579768 0.72717319 0.0072717319
0.15828611 0.723594 0.00723594
0.15859542 0.71357786 0.0071357786
0.15890472 0.70887979 0.0070887979
0.15921403 0.70038755 0.0070038755
0.15952333 0.69772801 0.0069772801
0.15983264 0.69268689 0.0069268689
0.16014194 0.68835159 0.0068835159
0.16045124 0.6802701 0.006802701
0.16076054 0.67593867 0.0067593867
0.16106984 0.67447812 0.0067447812
0.16137914 0.66423623 0.0066423623
0.16168844 0.66065216 0.0066065216
0.16199774 0.65329624 0.0065329624
0.16230703 0.64957563 0.0064957563
0.16261633 0.64675892 0.0064675892
0.16292562 0.63926078 0.0063926078
0.16323492 0.63339955 0.0063339955
0.16354421 0.63084553 0.0063084553
0.1638535 0.62641627 0.0062641627
0.16416279 0.61669718 0.0061669718
0.16447208 0.6195416 0.006195416
0.16478137 0.60827723 0.0060827723
0.16509066 0.60779012 0.0060779012
0.16539995 0.60344794 0.0060344794
0.16570924 0.59504202 0.0059504202
0.16601852 0.5892975 0.005892975
0.16632781 0.5854154 0.005854154
0.16663709 0.57897295 0.0057897295
0.16694637 0.57697607 0.0057697607
0.16725566 0.57200842 0.0057200842
0.16756494 0.56378555 0.0056378555
0.16787422 0.56699957 0.0056699957
0.1681835 0.55665693 0.0055665693
0.16849278 0.54715901 0.0054715901
0.16880205 0.54315945 0.0054315945
0.16911133 0.53986652 0.0053986652
0.16942061 0.53823985 0.0053823985
0.16972988 0.53558849 0.0053558849
0.17003916 0.52729609 0.0052729609
0.17034843 0.52315461 0.0052315461
0.1706577 0.52040072 0.0052040072
0.17096697 0.51146239 0.0051146239
0.17127624 0.5096758 0.005096758
0.17158551 0.50378999 0.0050378999
0.17189478 0.49920172 0.0049920172
0.17220405 0.49791948 0.0049791948
0.17251331 0.48803338 0.0048803338
0.17282258 0.48894714 0.0048894714
0.17313184 0.48450026 0.0048450026
0.17344111 0.48163983 0.0048163983
0.17375037 0.47833394 0.0047833394
0.17405963 0.47119355 0.0047119355
0.17436889 0.4638644 0.004638644
0.17467815 0.46411121 0.0046411121
0.17498741 0.45651624 0.0045651624
0.17529667 0.45672142 0.0045672142
0.17560593 0.45351683 0.0045351683
0.17591518 0.44518223 0.0044518223
0.17622444 0.44332037 0.0044332037
0.17653369 0.43905144 0.0043905144
0.17684295 0.43386703 0.0043386703
0.1771522 0.42925648 0.0042925648
0.17746145 0.42349795 0.0042349795
0.1777707 0.42255466 0.0042255466
0.17807995 0.41670429 0.0041670429
0.1783892 0.41494083 0.0041494083
0.17869844 0.41001254 0.0041001254
0.17900769 0.40424992 0.0040424992
0.17931694 0.40432591 0.0040432591
0.17962618 0.4026557 0.004026557
0.17993542 0.39650149 0.0039650149
0.18024467 0.39597557 0.0039597557
0.18055391 0.38904891 0.0038904891
0.18086315 0.38917139 0.0038917139
0.18117239 0.3809481 0.003809481
0.18148163 0.38103631 0.0038103631
0.18179086 0.37079531 0.0037079531
0.1821001 0.37116354 0.0037116354
0.18240934 0.37142735 0.0037142735
0.18271857 0.36631203 0.0036631203
0.1830278 0.36199238 0.0036199238
0.18333704 0.35933787 0.0035933787
0.18364627 0.35283901 0.0035283901
0.1839555 0.35339667 0.0035339667
0.18426473 0.34691551 0.0034691551
0.18457396 0.34467238 0.0034467238
0.18488318 0.33855302 0.0033855302
0.18519241 0.3365498 0.003365498
0.18550164 0.33475092 0.0033475092
0.18581086 0.33382761 0.0033382761
0.18612009 0.32692541 0.0032692541
0.18642931 0.32116673 0.0032116673
0.18673853 0.32170505 0.0032170505
0.18704775 0.3166126 0.003166126
0.18735697 0.31439532 0.0031439532
0.18766619 0.3133467 0.003133467
0.1879754 0.30968132 0.0030968132
0.18828462 0.30674641 0.0030674641
0.18859384 0.3016336 0.003016336
0.18890305 0.29832057 0.0029832057
0.18921226 0.3016692 0.003016692
0.18952148 0.29493927 0.0029493927
0.18983069 0.29376239 0.0029376239
0.1901399 0.28771083 0.0028771083
0.19044911 0.28511155 0.0028511155
0.19075832 0.28032694 0.0028032694
0.19106752 0.28516734 0.0028516734
0.19137673 0.27902844 0.0027902844
0.19168593 0.27460271 0.0027460271
0.19199514 0.27135357 0.0027135357
0.19230434 0.27358229 0.0027358229
0.19261354 0.26819274 0.0026819274
0.19292274 0.26528139 0.0026528139
0.19323194 0.26183701 0.0026183701
0.19354114 0.25988299 0.0025988299
0.19385034 0.25495805 0.0025495805
0.19415954 0.25573925 0.0025573925
0.19446873 0.24904324 0.0024904324
0.19477793 0.25002202 0.0025002202
0.19508712 0.24465406 0.0024465406
0.19539631 0.23999106 0.0023999106
0.1957055 0.24024481 0.0024024481
0.19601469 0.2384241 0.002384241
0.19632388 0.23217486 0.0023217486
0.19663307 0.23657846 0.0023657846
0.19694226 0.22860403 0.0022860403
0.19725144 0.22594035 0.0022594035
0.19756063 0.22627328 0.0022627328
0.19786981 0.22505398 0.0022505398
0.19817899 0.22302789 0.0022302789
0.19848818 0.2194129 0.002194129
0.19879736 0.2155572 0.002155572
0.19910654 0.21388899 0.0021388899
0.19941572 0.2125069 0.002125069
0.19972489 0.21085406 0.0021085406
0.20003407 0.20837495 0.0020837495
0.20034324 0.20103191 0.0020103191
0.20065242 0.20242661 0.0020242661
0.20096159 0.1995984 0.001995984
0.20127076 0.1979329 0.001979329
0.20157993 0.19663807 0.0019663807
0.2018891 0.19396235 0.0019396235
0.20219827 0.19035223 0.0019035223
0.20250744 0.18794826 0.0018794826
0.20281661 0.18819769 0.0018819769
0.20312577 0.18473622 0.0018473622
0.20343493 0.18579338 0.0018579338
0.2037441 0.17930798 0.0017930798
0.20405326 0.17700274 0.0017700274
0.20436242 0.17671776 0.0017671776
0.20467158 0.17588708 0.0017588708
0.20498074 0.17605603 0.0017605603
0.2052899 0.17470653 0.0017470653
0.20559905 0.17134774 0.0017134774
0.20590821 0.16428428 0.0016428428
0.20621736 0.16110438 0.0016110438
0.20652651 0.16410173 0.0016410173
0.20683567 0.16441721 0.0016441721
0.20714482 0.16175053 0.0016175053
0.20745397 0.15653411 0.0015653411
0.20776312 0.15622215 0.0015622215
0.20807226 0.15313694 0.0015313694
0.20838141 0.15181926 0.0015181926
0.20869055 0.14933826 0.0014933826
0.2089997 0.14957619 0.0014957619
0.20930884 0.14231777 0.0014231777
0.20961798 0.14651587 0.0014651587
0.20992712 0.14363486 0.0014363486
0.21023626 0.14011923 0.0014011923
0.2105454 0.14024997 0.0014024997
0.21085454 0.1401332 0.001401332
0.21116367 0.13545429 0.0013545429
0.21147281 0.13808177 0.0013808177
0.21178194 0.13223079 0.0013223079
0.21209107 0.13213462 0.0013213462
0.21240021 0.13010095 0.0013010095
0.21270934 0.12823614 0.0012823614
0.21301846 0.12979682 0.0012979682
0.21332759 0.12523791 0.0012523791
0.21363672 0.12508218 0.0012508218
0.21394584 0.12502657 0.0012502657
0.21425497 0.12291814 0.0012291814
0.21456409 0.12467722 0.0012467722
0.21487321 0.12150745 0.0012150745
0.21518234 0.12100812 0.0012100812
0.21549145 0.12051015 0.0012051015
0.21580057 0.11561598 0.0011561598
0.21610969 0.11402879 0.0011402879
0.21641881 0.11229343 0.0011229343
0.21672792 0.10839384 0.0010839384
0.21703704 0.10834798 0.0010834798
0.21734615 0.10997046 0.0010997046
0.21765526 0.10635718 0.0010635718
0.21796437 0.10400785 0.0010400785
0.21827348 0.10100611 0.0010100611
0.21858259 0.10284327 0.0010284327
0.21889169 0.10467324 0.0010467324
0.2192008 0.10010497 0.0010010497
0.2195099 0.097591915 0.00097591915
0.21981901 0.097525202 0.00097525202
0.22012811 0.098107361 0.00098107361
0.22043721 0.098140892 0.00098140892
0.22074631 0.096127932 0.00096127932
0.22105541 0.093364014 0.00093364014
0.2213645 0.094095322 0.00094095322
0.2216736 0.094720779 0.00094720779
0.22198269 0.091776723 0.00091776723
0.22229179 0.093126017 0.00093126017
0.22260088 0.084336402 0.00084336402
0.22290997 0.087382355 0.00087382355
0.22321906 0.090219392 0.00090219392
0.22352815 0.086205154 0.00086205154
0.22383724 0.0850172 0.000850172
0.22414632 0.086616616 0.00086616616
0.22445541 0.081736137 0.00081736137
0.22476449 0.079793568 0.00079793568
0.22507357 0.078290339 0.00078290339
0.22538265 0.074845092 0.00074845092
0.22569174 0.078897872 0.00078897872
0.22600081 0.075604559 0.00075604559
0.22630989 0.07958956 0.0007958956
0.22661897 0.076654681 0.00076654681
0.22692804 0.071058425 0.00071058425
0.22723712 0.071173792 0.00071173792
0.22754619 0.068825536 0.00068825536
0.22785526 0.068282079 0.00068282079
0.22816433 0.068086832 0.00068086832
0.2284734 0.069382667 0.00069382667
0.22878247 0.065787856 0.00065787856
0.22909153 0.064962568 0.00064962568
0.2294006 0.065288779 0.00065288779
0.22970966 0.064309068 0.00064309068
0.23001873 0.065299143 0.00065299143
0.23032779 0.062669699 0.00062669699
0.23063685 0.061942585 0.00061942585
0.23094591 0.06176514 0.0006176514
0.23125496 0.063480828 0.00063480828
0.23156402 0.060902716 0.00060902716
0.23187308 0.05894605 0.0005894605
0.23218213 0.062716728 0.00062716728
0.23249118 0.061056829 0.00061056829
0.23280023 0.060124995 0.00060124995
0.23310928 0.055144359 0.00055144359
0.23341833 0.056748763 0.00056748763
0.23372738 0.055041356 0.00055041356
0.23403643 0.056304969 0.00056304969
0.23434547 0.057614578 0.00057614578
0.23465451 0.055776306 0.00055776306
0.23496356 0.058751073 0.00058751073
0.2352726 0.052164823 0.00052164823
0.23558164 0.049431967 0.00049431967
0.23589068 0.050049879 0.00050049879
0.23619971 0.054396606 0.00054396606
0.23650875 0.05181324 0.0005181324
0.23681778 0.050366461 0.00050366461
0.23712682 0.048251798 0.00048251798
0.23743585 0.044488234 0.00044488234
0.23774488 0.047412513 0.00047412513
0.23805391 0.044430372 0.00044430372
0.23836294 0.046072657 0.00046072657
0.23867197 0.045100192 0.00045100192
0.23898099 0.044764943 0.00044764943
0.23929002 0.041955007 0.00041955007
0.23959904 0.040398538 0.00040398538
0.23990806 0.03903166 0.0003903166
0.24021708 0.041999936 0.00041999936
0.2405261 0.041586535 0.00041586535
0.24083512 0.045414908 0.00045414908
0.24114413 0.041934782 0.00041934782
0.24145315 0.041495572 0.00041495572
0.24176216 0.041266152 0.00041266152
0.24207118 0.040473032 0.00040473032
0.24238019 0.041986671 0.00041986671
0.2426892 0.04389463 0.0004389463
0.24299821 0.038872496 0.00038872496
0.24330721 0.039127962 0.00039127962
0.24361622 0.036123169 0.00036123169
0.24392522 0.040340483 0.00040340483
0.24423423 0.035554521 0.00035554521
0.24454323 0.039134164 0.00039134164
0.24485223 0.038890113 0.00038890113
0.24516123 0.038094601 0.00038094601
0.24547023 0.032675391 0.00032675391
0.24577922 0.033397711 0.00033397711
0.24608822 0.034790358 0.00034790358
0.24639721 0.034304724 0.00034304724
0.24670621 0.02892851 0.0002892851
0.2470152 0.035789158 0.00035789158
0.24732419 0.035310172 0.00035310172
0.24763318 0.036012657 0.00036012657
0.24794216 0.033958454 0.00033958454
0.24825115 0.031478266 0.00031478266
0.24856013 0.032199442 0.00032199442
0.24886912 0.0308216 0.000308216
0.2491781 0.029624015 0.00029624015
0.24948708 0.029430787 0.00029430787
0.24979606 0.028468153 0.00028468153
0.25010504 0.027380049 0.00027380049
0.25041401 0.036500826 0.00036500826
0.25072299 0.029933689 0.00029933689
0.25103196 0.028387362 0.00028387362
0.25134093 0.028642867 0.00028642867
0.2516499 0.029924889 0.00029924889
0.25195887 0.028073176 0.00028073176
0.25226784 0.025462746 0.00025462746
0.25257681 0.027502146 0.00027502146
0.25288577 0.027268614 0.00027268614
0.25319474 0.028563577 0.00028563577
0.2535037 0.027645409 0.00027645409
0.25381266 0.030721137 0.00030721137
0.25412162 0.027197001 0.00027197001
0.25443058 0.025309902 0.00025309902
0.25473954 0.029856254 0.00029856254
0.25504849 0.029136908 0.00029136908
0.25535745 0.029349521 0.00029349521
0.2556664 0.026280957 0.00026280957
0.25597535 0.024528489 0.00024528489
0.2562843 0.025168186 0.00025168186
0.25659325 0.02734868 0.0002734868
0.2569022 0.02346936 0.0002346936
0.25721115 0.027597702 0.00027597702
0.25752009 0.028140526 0.00028140526
0.25782903 0.024205366 0.00024205366
0.25813798 0.025661376 0.00025661376
0.25844692 0.024689894 0.00024689894
0.25875585 0.026238536 0.00026238536
0.25906479 0.02387996 0.0002387996
0.25937373 0.031723869 0.00031723869
0.25968266 0.025756911 0.00025756911
0.2599916 0.025106734 0.00025106734
0.26030053 0.025786785 0.00025786785
0.26060946 0.024746627 0.00024746627
0.26091839 0.023635402 0.00023635402
0.26122732 0.021902198 0.00021902198
0.26153624 0.028148394 0.00028148394
0.26184517 0.025445339 0.00025445339
0.26215409 0.025784124 0.00025784124
0.26246301 0.023326806 0.00023326806
0.26277193 0.026478764 0.00026478764
0.26308085 0.024111327 0.00024111327
0.26338977 0.021885898 0.00021885898
0.26369869 0.021532905 0.00021532905
0.2640076 0.021668444 0.00021668444
0.26431651 0.024239469 0.00024239469
0.26462543 0.02524893 0.0002524893
0.26493434 0.024528901 0.00024528901
0.26524325 0.016931955 0.00016931955
0.26555215 0.021994006 0.00021994006
0.26586106 0.020010182 0.00020010182
0.26616996 0.022699989 0.00022699989
0.26647887 0.022746576 0.00022746576
0.26678777 0.022688106 0.00022688106
0.26709667 0.024405417 0.00024405417
0.26740557 0.025872509 0.00025872509
0.26771447 0.024431478 0.00024431478
0.26802336 0.016846798 0.00016846798
0.26833226 0.015936768 0.00015936768
0.26864115 0.024960605 0.00024960605
0.26895004 0.026751058 0.00026751058
0.26925893 0.022210701 0.00022210701
0.26956782 0.0230422 0.000230422
0.26987671 0.022826314 0.00022826314
0.27018559 0.024391695 0.00024391695
0.27049448 0.024095155 0.00024095155
0.27080336 0.022307204 0.00022307204
0.27111224 0.02459089 0.0002459089
0.27142112 0.028168011 0.00028168011
0.27173 0.020276718 0.00020276718
0.27203888 0.024440058 0.00024440058
0.27234775 0.021968876 0.00021968876
0.27265663 0.026368235 0.00026368235
0.2729655 0.020898981 0.00020898981
0.27327437 0.020114532 0.00020114532
0.27358324 0.024868007 0.00024868007
0.27389211 0.022043663 0.00022043663
0.27420098 0.022948264 0.00022948264
0.27450984 0.019826987 0.00019826987
0.2748187 0.020666585 0.00020666585
0.27512757 0.023753267 0.00023753267
0.27543643 0.020560965 0.00020560965
0.27574529 0.019256778 0.00019256778
0.27605414 0.022679183 0.00022679183
0.276363 0.025653746 0.00025653746
0.27667185 0.023210418 0.00023210418
0.27698071 0.020371224 0.00020371224
0.27728956 0.019718352 0.00019718352
0.27759841 0.02243312 0.0002243312
0.27790726 0.02144776 0.0002144776
0.2782161 0.020077444 0.00020077444
0.27852495 0.018557435 0.00018557435
0.27883379 0.025012508 0.00025012508
0.27914264 0.02731033 0.0002731033
0.27945148 0.019375762 0.00019375762
0.27976032 0.019312713 0.00019312713
0.28006915 0.022489131 0.00022489131
0.28037799 0.022402505 0.00022402505
0.28068683 0.019064554 0.00019064554
0.28099566 0.024701144 0.00024701144
0.28130449 0.022930517 0.00022930517
0.28161332 0.024768061 0.00024768061
0.28192215 0.022353689 0.00022353689
0.28223098 0.023356128 0.00023356128
0.2825398 0.02521011 0.0002521011
0.28284863 0.024359751 0.00024359751
0.28315745 0.026900904 0.00026900904
0.28346627 0.025854819 0.00025854819
0.28377509 0.021400001 0.00021400001
0.28408391 0.025218136 0.00025218136
0.28439272 0.021051569 0.00021051569
0.28470154 0.024049732 0.00024049732
0.28501035 0.023977935 0.00023977935
0.28531916 0.022626211 0.00022626211
0.28562797 0.026127166 0.00026127166
0.28593678 0.022124495 0.00022124495
0.28624559 0.026230216 0.00026230216
0.2865544 0.027130181 0.00027130181
0.2868632 0.023161642 0.00023161642
0.287172 0.026338572 0.00026338572
0.2874808 0.022706283 0.00022706283
0.2877896 0.020414247 0.00020414247
0.2880984 0.025553609 0.00025553609
0.2884072 0.023589434 0.00023589434
0.28871599 0.022164493 0.00022164493
0.28902478 0.022355303 0.00022355303
0.28933358 0.02643851 0.0002643851
0.28964237 0.025276943 0.00025276943
0.28995115 0.02 0.0002
0.29025994 0.024949551 0.00024949551
0.29056873 0.026331146 0.00026331146
0.29087751 0.026086382 0.00026086382
0.29118629 0.025684931 0.00025684931
0.29149507 0.02284979 0.0002284979
0.29180385 0.021406339 0.00021406339
0.29211263 0.022889553 0.00022889553
0.2924214 0.027006053 0.00027006053
0.29273018 0.023016097 0.00023016097
0.29303895 0.018837701 0.00018837701
0.29334772 0.025544961 0.00025544961
0.29365649 0.024557359 0.00024557359
0.29396526 0.025356349 0.00025356349
0.29427402 0.023755487 0.00023755487
0.29458279 0.024084601 0.00024084601
0.29489155 0.025344113 0.00025344113
0.29520031 0.025485101 0.00025485101
0.29550907 0.02006708 0.0002006708
0.29581783 0.027315235 0.00027315235
0.29612659 0.025889161 0.00025889161
0.29643534 0.027497866 0.00027497866
0.2967441 0.026302872 0.00026302872
0.29705285 0.031957051 0.00031957051
0.2973616 0.022886642 0.00022886642
0.29767035 0.025740981 0.00025740981
0.29797909 0.023963394 0.00023963394
0.29828784 0.027097915 0.00027097915
0.29859658 0.024930031 0.00024930031
0.29890532 0.027445556 0.00027445556
0.29921406 0.032640989 0.00032640989
0.2995228 0.028048148 0.00028048148
0.29983154 0.030139213 0.00030139213
