0.010059664 24.380874 0.24380874
0.010369191 23.732675 0.23732675
0.010678719 23.270335 0.23270335
0.010988246 22.817357 0.22817357
0.011297773 22.408325 0.22408325
0.0116073 22.105344 0.22105344
0.011916828 21.714223 0.21714223
0.012226355 21.31273 0.2131273
0.012535882 21.167289 0.21167289
0.012845409 20.825537 0.20825537
0.013154936 20.649742 0.20649742
0.013464463 20.39477 0.2039477
0.013773989 20.213219 0.20213219
0.014083516 20.030538 0.20030538
0.014393043 19.783881 0.19783881
0.014702569 19.623169 0.19623169
0.015012096 19.401886 0.19401886
0.015321622 19.255012 0.19255012
0.015631148 19.084824 0.19084824
0.015940675 19.025505 0.19025505
0.016250201 18.879821 0.18879821
0.016559727 18.688942 0.18688942
0.016869253 18.607182 0.18607182
0.017178779 18.427042 0.18427042
0.017488304 18.30897 0.1830897
0.01779783 18.22081 0.1822081
0.018107355 18.073426 0.18073426
0.018416881 18.021354 0.18021354
0.018726406 17.790684 0.17790684
0.019035932 17.734411 0.17734411
0.019345457 17.5784 0.175784
0.019654982 17.454648 0.17454648
0.019964507 17.382993 0.17382993
0.020274032 17.289597 0.17289597
0.020583556 17.20027 0.1720027
0.020893081 17.015298 0.17015298
0.021202605 16.983373 0.16983373
0.02151213 16.882925 0.16882925
0.021821654 16.817604 0.16817604
0.022131178 16.723462 0.16723462
0.022440702 16.65361 0.1665361
0.022750226 16.623538 0.16623538
0.02305975 16.532323 0.16532323
0.023369274 16.487134 0.16487134
0.023678797 16.420239 0.16420239
0.023988321 16.279059 0.16279059
0.024297844 16.269416 0.16269416
0.024607367 16.171535 0.16171535
0.02491689 16.031932 0.16031932
0.025226413 16.014435 0.16014435
0.025535936 15.855516 0.15855516
0.025845458 15.78869 0.1578869
0.026154981 15.683342 0.15683342
0.026464503 15.644787 0.15644787
0.026774025 15.5174 0.155174
0.027083547 15.432471 0.15432471
0.027393069 15.332898 0.15332898
0.027702591 15.2316 0.152316
0.028012112 15.169546 0.15169546
0.028321634 15.038011 0.15038011
0.028631155 14.954919 0.14954919
0.028940676 14.856805 0.14856805
0.029250197 14.769444 0.14769444
0.029559718 14.682492 0.14682492
0.029869238 14.575851 0.14575851
0.030178759 14.531488 0.14531488
0.030488279 14.446031 0.14446031
0.030797799 14.358206 0.14358206
0.031107319 14.285035 0.14285035
0.031416839 14.184421 0.14184421
0.031726359 14.107143 0.14107143
0.032035878 14.071974 0.14071974
0.032345397 14.027267 0.14027267
0.032654916 13.99207 0.1399207
0.032964435 13.835299 0.13835299
0.033273954 13.790434 0.13790434
0.033583473 13.70744 0.1370744
0.033892991 13.660107 0.13660107
0.034202509 13.603208 0.13603208
0.034512027 13.519638 0.13519638
0.034821545 13.46357 0.1346357
0.035131063 13.411486 0.13411486
0.03544058 13.318771 0.13318771
0.035750097 13.275876 0.13275876
0.036059614 13.166333 0.13166333
0.036369131 13.158302 0.13158302
0.036678648 13.084571 0.13084571
0.036988164 13.022898 0.13022898
0.03729768 12.953149 0.12953149
0.037607196 12.917228 0.12917228
0.037916712 12.878733 0.12878733
0.038226228 12.824414 0.12824414
0.038535743 12.747654 0.12747654
0.038845259 12.708019 0.12708019
0.039154774 12.634383 0.12634383
0.039464288 12.593018 0.12593018
0.039773803 12.502132 0.12502132
0.040083317 12.461336 0.12461336
0.040392831 12.392968 0.12392968
0.040702345 12.354749 0.12354749
0.041011859 12.284889 0.12284889
0.041321372 12.204754 0.12204754
0.041630886 12.145802 0.12145802
0.041940399 12.097806 0.12097806
0.042249911 12.062934 0.12062934
0.042559424 11.994401 0.11994401
0.042868936 11.926493 0.11926493
0.043178448 11.883194 0.11883194
0.04348796 11.827991 0.11827991
0.043797472 11.784493 0.11784493
0.044106983 11.702346 0.11702346
0.044416494 11.659463 0.11659463
0.044726005 11.611612 0.11611612
0.045035516 11.559068 0.11559068
0.045345026 11.504344 0.11504344
0.045654536 11.432942 0.11432942
0.045964046 11.362892 0.11362892
0.046273556 11.308279 0.11308279
0.046583065 11.261222 0.11261222
0.046892575 11.187875 0.11187875
0.047202083 11.134346 0.11134346
0.047511592 11.047502 0.11047502
0.0478211 11.017775 0.11017775
0.048130609 10.991856 0.10991856
0.048440116 10.925793 0.10925793
0.048749624 10.908762 0.10908762
0.049059131 10.836846 0.10836846
0.049368638 10.739047 0.10739047
0.049678145 10.775636 0.10775636
0.049987652 10.696925 0.10696925
0.050297158 10.646181 0.10646181
0.050606664 10.585032 0.10585032
0.05091617 10.577358 0.10577358
0.051225675 10.535446 0.10535446
0.05153518 10.489496 0.10489496
0.051844685 10.408224 0.10408224
0.05215419 10.391533 0.10391533
0.052463694 10.325264 0.10325264
0.052773198 10.262333 0.10262333
0.053082702 10.254531 0.10254531
0.053392205 10.216373 0.10216373
0.053701708 10.162132 0.10162132
0.054011211 10.107063 0.10107063
0.054320713 10.06971 0.1006971
0.054630216 10.02332 0.1002332
0.054939718 9.9396018 0.099396018
0.055249219 9.9305394 0.099305394
0.055558721 9.8853731 0.098853731
0.055868222 9.8249026 0.098249026
0.056177722 9.7951556 0.097951556
0.056487223 9.7440791 0.097440791
0.056796723 9.6841027 0.096841027
0.057106223 9.6732766 0.096732766
0.057415722 9.6079294 0.096079294
0.057725221 9.5662853 0.095662853
0.05803472 9.5311349 0.095311349
0.058344219 9.5104902 0.095104902
0.058653717 9.4574353 0.094574353
0.058963215 9.3712716 0.093712716
0.059272713 9.3483833 0.093483833
0.05958221 9.3379831 0.093379831
0.059891707 9.3163844 0.093163844
0.060201203 9.2463784 0.092463784
0.0605107 9.2108162 0.092108162
0.060820196 9.1535203 0.091535203
0.061129691 9.11638 0.0911638
0.061439187 9.1152751 0.091152751
0.061748681 9.0453277 0.090453277
0.062058176 9.0331256 0.090331256
0.06236767 8.982219 0.08982219
0.062677164 8.9489137 0.089489137
0.062986658 8.8892899 0.088892899
0.063296151 8.8569924 0.088569924
0.063605644 8.8112876 0.088112876
0.063915137 8.7651043 0.087651043
0.064224629 8.7288559 0.087288559
0.064534121 8.7013271 0.087013271
0.064843612 8.6600479 0.086600479
0.065153103 8.618878 0.08618878
0.065462594 8.5781576 0.085781576
0.065772085 8.5432033 0.085432033
0.066081575 8.5030452 0.085030452
0.066391064 8.4664498 0.084664498
0.066700554 8.4344301 0.084344301
0.067010043 8.3636477 0.083636477
0.067319531 8.3467279 0.083467279
0.06762902 8.3153236 0.083153236
0.067938508 8.2736334 0.082736334
0.068247995 8.2347933 0.082347933
0.068557482 8.1934077 0.081934077
0.068866969 8.1495261 0.081495261
0.069176455 8.1187689 0.081187689
0.069485941 8.0893513 0.080893513
0.069795427 8.0265619 0.080265619
0.070104912 7.998033 0.07998033
0.070414397 7.9557957 0.079557957
0.070723882 7.9231063 0.079231063
0.071033366 7.8926659 0.078926659
0.07134285 7.8444197 0.078444197
0.071652333 7.8107357 0.078107357
0.071961816 7.7750764 0.077750764
0.072271298 7.725505 0.07725505
0.07258078 7.7102256 0.077102256
0.072890262 7.6667198 0.076667198
0.073199744 7.6440407 0.076440407
0.073509225 7.6013483 0.076013483
0.073818705 7.559118 0.07559118
0.074128185 7.5259991 0.075259991
0.074437665 7.4994078 0.074994078
0.074747144 7.4605994 0.074605994
0.075056623 7.4060622 0.074060622
0.075366102 7.3871854 0.073871854
0.07567558 7.3425744 0.073425744
0.075985058 7.3054427 0.073054427
0.076294535 7.2723055 0.072723055
0.076604012 7.2485484 0.072485484
0.076913488 7.2085327 0.072085327
0.077222964 7.172042 0.07172042
0.07753244 7.1401237 0.071401237
0.077841915 7.1022353 0.071022353
0.07815139 7.0616243 0.070616243
0.078460864 7.0373167 0.070373167
0.078770338 6.9943074 0.069943074
0.079079812 6.9761453 0.069761453
0.079389285 6.9228228 0.069228228
0.079698757 6.897943 0.06897943
0.080008229 6.8698891 0.068698891
0.080317701 6.8285931 0.068285931
0.080627172 6.7910897 0.067910897
0.080936643 6.7666136 0.067666136
0.081246114 6.7252136 0.067252136
0.081555584 6.6924631 0.066924631
0.081865053 6.6650585 0.066650585
0.082174522 6.6273463 0.066273463
0.082483991 6.5990916 0.065990916
0.082793459 6.5600377 0.065600377
0.083102927 6.5421871 0.065421871
0.083412394 6.4953811 0.064953811
0.083721861 6.4622265 0.064622265
0.084031327 6.4264186 0.064264186
0.084340793 6.4030309 0.064030309
0.084650259 6.3666624 0.063666624
0.084959724 6.3400471 0.063400471
0.085269188 6.2964779 0.062964779
0.085578652 6.283166 0.06283166
0.085888116 6.2423698 0.062423698
0.086197579 6.2010361 0.062010361
0.086507042 6.1752365 0.061752365
0.086816504 6.1429622 0.061429622
0.087125966 6.1136398 0.061136398
0.087435427 6.0825337 0.060825337
0.087744888 6.0454841 0.060454841
0.088054348 6.0147395 0.060147395
0.088363808 5.9878552 0.059878552
0.088673267 5.9580451 0.059580451
0.088982726 5.9293872 0.059293872
0.089292184 5.9092548 0.059092548
0.089601642 5.8680915 0.058680915
0.089911099 5.8494985 0.058494985
0.090220556 5.8131559 0.058131559
0.090530013 5.7791317 0.057791317
0.090839469 5.7600882 0.057600882
0.091148924 5.7240229 0.057240229
0.091458379 5.6979262 0.056979262
0.091767833 5.6703594 0.056703594
0.092077287 5.6498269 0.056498269
0.092386741 5.6043962 0.056043962
0.092696194 5.5857487 0.055857487
0.093005646 5.5532176 0.055532176
0.093315098 5.5218269 0.055218269
0.093624549 5.4873853 0.054873853
0.093934 5.4649492 0.054649492
0.09424345 5.4179689 0.054179689
0.0945529 5.3972256 0.053972256
0.09486235 5.3615611 0.053615611
0.095171798 5.3411331 0.053411331
0.095481247 5.3047273 0.053047273
0.095790694 5.2754554 0.052754554
0.096100142 5.2482236 0.052482236
0.096409588 5.2253923 0.052253923
0.096719035 5.1944528 0.051944528
0.09702848 5.1606111 0.051606111
0.097337925 5.130754 0.05130754
0.09764737 5.1100235 0.051100235
0.097956814 5.0817526 0.050817526
0.098266257 5.0591867 0.050591867
0.0985757 5.0237193 0.050237193
0.098885143 5.000664 0.05000664
0.099194585 4.976493 0.04976493
0.099504026 4.9471933 0.049471933
0.099813467 4.9127972 0.049127972
0.10012291 4.8898241 0.048898241
0.10043235 4.863735 0.04863735
0.10074179 4.8340013 0.048340013
0.10105122 4.8156641 0.048156641
0.10136066 4.7809087 0.047809087
0.1016701 4.7554357 0.047554357
0.10197954 4.7265212 0.047265212
0.10228897 4.6989019 0.046989019
0.10259841 4.6798677 0.046798677
0.10290785 4.6462824 0.046462824
0.10321728 4.624996 0.04624996
0.10352671 4.5989312 0.045989312
0.10383615 4.5701427 0.045701427
0.10414558 4.5479942 0.045479942
0.10445501 4.5229616 0.045229616
0.10476445 4.483777 0.04483777
0.10507388 4.4774031 0.044774031
0.10538331 4.4332821 0.044332821
0.10569274 4.4277299 0.044277299
0.10600217 4.3983197 0.043983197
0.1063116 4.3623341 0.043623341
0.10662102 4.3416806 0.043416806
0.10693045 4.3192687 0.043192687
0.10723988 4.2907467 0.042907467
0.10754931 4.25907 0.0425907
0.10785873 4.2453198 0.042453198
0.10816816 4.2249449 0.042249449
0.10847758 4.2003962 0.042003962
0.10878701 4.1689453 0.041689453
0.10909643 4.1486801 0.041486801
0.10940585 4.1242273 0.041242273
0.10971528 4.0995848 0.040995848
0.1100247 4.0741828 0.040741828
0.11033412 4.0518195 0.040518195
0.11064354 4.0182167 0.040182167
0.11095296 4.0028655 0.040028655
0.11126238 3.9802601 0.039802601
0.1115718 3.9528178 0.039528178
0.11188122 3.9319823 0.039319823
0.11219064 3.8979574 0.038979574
0.11250005 3.8872875 0.038872875
0.11280947 3.852255 0.03852255
0.11311889 3.8311584 0.038311584
0.1134283 3.8122164 0.038122164
0.11373772 3.7915941 0.037915941
0.11404713 3.7722544 0.037722544
0.11435654 3.7382095 0.037382095
0.11466596 3.7229101 0.037229101
0.11497537 3.6990791 0.036990791
0.11528478 3.6776483 0.036776483
0.11559419 3.6549501 0.036549501
0.1159036 3.6327791 0.036327791
0.11621301 3.6065831 0.036065831
0.11652242 3.5851511 0.035851511
0.11683183 3.5704571 0.035704571
0.11714124 3.5412961 0.035412961
0.11745064 3.5227692 0.035227692
0.11776005 3.5027472 0.035027472
0.11806945 3.4789143 0.034789143
0.11837886 3.4553678 0.034553678
0.11868826 3.4375939 0.034375939
0.11899767 3.4127863 0.034127863
0.11930707 3.39149 0.0339149
0.11961647 3.3784525 0.033784525
0.11992588 3.3474148 0.033474148
0.12023528 3.3364215 0.033364215
0.12054468 3.3116329 0.033116329
0.12085408 3.2915851 0.032915851
0.12116348 3.2714658 0.032714658
0.12147288 3.2469145 0.032469145
0.12178227 3.2322225 0.032322225
0.12209167 3.2059031 0.032059031
0.12240107 3.1904817 0.031904817
0.12271046 3.1699224 0.031699224
0.12301986 3.153305 0.03153305
0.12332925 3.1254733 0.031254733
0.12363865 3.1023648 0.031023648
0.12394804 3.0903332 0.030903332
0.12425743 3.0680124 0.030680124
0.12456683 3.0422743 0.030422743
0.12487622 3.0269141 0.030269141
0.12518561 3.0145742 0.030145742
0.125495 2.9935498 0.029935498
0.12580439 2.9720384 0.029720384
0.12611377 2.9523853 0.029523853
0.12642316 2.9267794 0.029267794
0.12673255 2.9165872 0.029165872
0.12704194 2.9012732 0.029012732
0.12735132 2.8727776 0.028727776
0.12766071 2.8570539 0.028570539
0.12797009 2.8413992 0.028413992
0.12827947 2.8151874 0.028151874
0.12858886 2.8003082 0.028003082
0.12889824 2.7805248 0.027805248
0.12920762 2.7639427 0.027639427
0.129517 2.7486397 0.027486397
0.12982638 2.7268499 0.027268499
0.13013576 2.7090736 0.027090736
0.13044514 2.6948159 0.026948159
0.13075452 2.6742726 0.026742726
0.1310639 2.6559244 0.026559244
0.13137327 2.6403046 0.026403046
0.13168265 2.6253485 0.026253485
0.13199202 2.6014875 0.026014875
0.1323014 2.5884052 0.025884052
0.13261077 2.5700788 0.025700788
0.13292015 2.558868 0.02558868
0.13322952 2.5368889 0.025368889
0.13353889 2.5238727 0.025238727
0.13384826 2.5012364 0.025012364
0.13415763 2.4885545 0.024885545
0.134467 2.4702578 0.024702578
0.13477637 2.4502411 0.024502411
0.13508574 2.4330335 0.024330335
0.1353951 2.4204808 0.024204808
0.13570447 2.3989867 0.023989867
0.13601383 2.3848324 0.023848324
0.1363232 2.3724153 0.023724153
0.13663256 2.3561708 0.023561708
0.13694193 2.3351575 0.023351575
0.13725129 2.3212606 0.023212606
0.13756065 2.3086006 0.023086006
0.13787001 2.2909969 0.022909969
0.13817937 2.2753116 0.022753116
0.13848873 2.2539893 0.022539893
0.13879809 2.2494713 0.022494713
0.13910745 2.2292582 0.022292582
0.13941681 2.2121436 0.022121436
0.13972616 2.1975941 0.021975941
0.14003552 2.1808447 0.021808447
0.14034488 2.1629527 0.021629527
0.14065423 2.1503218 0.021503218
0.14096358 2.1369876 0.021369876
0.14127294 2.1188607 0.021188607
0.14158229 2.1056511 0.021056511
0.14189164 2.0910237 0.020910237
0.14220099 2.071239 0.02071239
0.14251034 2.0629821 0.020629821
0.14281969 2.0496999 0.020496999
0.14312904 2.0328683 0.020328683
0.14343838 2.0160966 0.020160966
0.14374773 2.000206 0.02000206
0.14405708 1.9915112 0.019915112
0.14436642 1.9749605 0.019749605
0.14467577 1.9569647 0.019569647
0.14498511 1.9417804 0.019417804
0.14529445 1.9340302 0.019340302
0.14560379 1.9162241 0.019162241
0.14591314 1.9053528 0.019053528
0.14622248 1.8921847 0.018921847
0.14653182 1.8753782 0.018753782
0.14684115 1.8635274 0.018635274
0.14715049 1.8504709 0.018504709
0.14745983 1.8335976 0.018335976
0.14776917 1.8193604 0.018193604
0.1480785 1.8067582 0.018067582
0.14838784 1.7955321 0.017955321
0.14869717 1.7815889 0.017815889
0.1490065 1.7684651 0.017684651
0.14931583 1.7592693 0.017592693
0.14962517 1.7423243 0.017423243
0.1499345 1.7297905 0.017297905
0.15024383 1.7139816 0.017139816
0.15055316 1.7017703 0.017017703
0.15086248 1.6900488 0.016900488
0.15117181 1.6770782 0.016770782
0.15148114 1.6651881 0.016651881
0.15179046 1.654821 0.01654821
0.15209979 1.642397 0.01642397
0.15240911 1.6270332 0.016270332
0.15271844 1.618515 0.01618515
0.15302776 1.6012964 0.016012964
0.15333708 1.5919989 0.015919989
0.1536464 1.5808626 0.015808626
0.15395572 1.5687288 0.015687288
0.15426504 1.5587269 0.015587269
0.15457436 1.5431082 0.015431082
0.15488367 1.5352859 0.015352859
0.15519299 1.5223803 0.015223803
0.15550231 1.5124372 0.015124372
0.15581162 1.4955835 0.014955835
0.15612093 1.4840031 0.014840031
0.15643025 1.4688932 0.014688932
0.15673956 1.4586107 0.014586107
0.15704887 1.4442634 0.014442634
0.15735818 1.4374122 0.014374122
0.15766749 1.4266496 0.014266496
0.1579768 1.4109758 0.014109758
0.15828611 1.4052482 0.014052482
0.15859542 1.3907988 0.013907988
0.15890472 1.3811366 0.013811366
0.15921403 1.3696397 0.013696397
0.15952333 1.3552256 0.013552256
0.15983264 1.34389 0.0134389
0.16014194 1.3335569 0.013335569
0.16045124 1.3241442 0.013241442
0.16076054 1.3182385 0.013182385
0.16106984 1.3080026 0.013080026
0.16137914 1.2933236 0.012933236
0.16168844 1.2826462 0.012826462
0.16199774 1.2737146 0.012737146
0.16230703 1.2616574 0.012616574
0.16261633 1.2539504 0.012539504
0.16292562 1.2411607 0.012411607
0.16323492 1.2324547 0.012324547
0.16354421 1.2240374 0.012240374
0.1638535 1.215975 0.01215975
0.16416279 1.1983325 0.011983325
0.16447208 1.1954097 0.011954097
0.16478137 1.1797322 0.011797322
0.16509066 1.1744415 0.011744415
0.16539995 1.1684081 0.011684081
0.16570924 1.1537427 0.011537427
0.16601852 1.1460207 0.011460207
0.16632781 1.134401 0.01134401
0.16663709 1.1236448 0.011236448
0.16694637 1.115395 0.01115395
0.16725566 1.1062393 0.011062393
0.16756494 1.0938861 0.010938861
0.16787422 1.0892395 0.010892395
0.1681835 1.0851958 0.010851958
0.16849278 1.0689523 0.010689523
0.16880205 1.0553558 0.010553558
0.16911133 1.0544414 0.010544414
0.16942061 1.0407685 0.010407685
0.16972988 1.0324875 0.010324875
0.17003916 1.0252393 0.010252393
0.17034843 1.0143276 0.010143276
0.1706577 1.0075563 0.010075563
0.17096697 0.99690822 0.0099690822
0.17127624 0.98869038 0.0098869038
0.17158551 0.9809201 0.009809201
0.17189478 0.97176516 0.0097176516
0.17220405 0.96633546 0.0096633546
0.17251331 0.95613587 0.0095613587
0.17282258 0.95026931 0.0095026931
0.17313184 0.93525989 0.0093525989
0.17344111 0.93433429 0.0093433429
0.17375037 0.92225835 0.0092225835
0.17405963 0.91776038 0.0091776038
0.17436889 0.90545397 0.0090545397
0.17467815 0.89839903 0.0089839903
0.17498741 0.89107211 0.0089107211
0.17529667 0.88285724 0.0088285724
0.17560593 0.87648745 0.0087648745
0.17591518 0.86822762 0.0086822762
0.17622444 0.85886432 0.0085886432
0.17653369 0.85144284 0.0085144284
0.17684295 0.84196536 0.0084196536
0.1771522 0.83823049 0.0083823049
0.17746145 0.82751593 0.0082751593
0.1777707 0.82123926 0.0082123926
0.17807995 0.81102198 0.0081102198
0.1783892 0.80781437 0.0080781437
0.17869844 0.79852202 0.0079852202
0.17900769 0.79108068 0.0079108068
0.17931694 0.7822889 0.007822889
0.17962618 0.77833281 0.0077833281
0.17993542 0.7720009 0.007720009
0.18024467 0.76274115 0.0076274115
0.18055391 0.75505982 0.0075505982
0.18086315 0.7466742 0.007466742
0.18117239 0.74071993 0.0074071993
0.18148163 0.7336078 0.007336078
0.18179086 0.7254592 0.007254592
0.1821001 0.71839225 0.0071839225
0.18240934 0.71606133 0.0071606133
0.18271857 0.70763493 0.0070763493
0.1830278 0.70040001 0.0070040001
0.18333704 0.69471371 0.0069471371
0.18364627 0.68406584 0.0068406584
0.1839555 0.68125641 0.0068125641
0.18426473 0.67288114 0.0067288114
0.18457396 0.66725197 0.0066725197
0.18488318 0.65875311 0.0065875311
0.18519241 0.65074773 0.0065074773
0.18550164 0.64594135 0.0064594135
0.18581086 0.6414243 0.006414243
0.18612009 0.63057097 0.0063057097
0.18642931 0.6246487 0.006246487
0.18673853 0.62242998 0.0062242998
0.18704775 0.61479185 0.0061479185
0.18735697 0.60640264 0.0060640264
0.18766619 0.60178539 0.0060178539
0.1879754 0.59891085 0.0059891085
0.18828462 0.59136526 0.0059136526
0.18859384 0.58387531 0.0058387531
0.18890305 0.57950185 0.0057950185
0.18921226 0.57832344 0.0057832344
0.18952148 0.56770825 0.0056770825
0.18983069 0.56209399 0.0056209399
0.1901399 0.555474 0.00555474
0.19044911 0.54966434 0.0054966434
0.19075832 0.54597942 0.0054597942
0.19106752 0.54257784 0.0054257784
0.19137673 0.53431673 0.0053431673
0.19168593 0.53084518 0.0053084518
0.19199514 0.52297748 0.0052297748
0.19230434 0.52300301 0.0052300301
0.19261354 0.51814146 0.0051814146
0.19292274 0.50552252 0.0050552252
0.19323194 0.49863164 0.0049863164
0.19354114 0.49621901 0.0049621901
0.19385034 0.49251622 0.0049251622
0.19415954 0.48537561 0.0048537561
0.19446873 0.47855536 0.0047855536
0.19477793 0.47631271 0.0047631271
0.19508712 0.47067182 0.0047067182
0.19539631 0.46573892 0.0046573892
0.1957055 0.45968097 0.0045968097
0.19601469 0.45542389 0.0045542389
0.19632388 0.44720844 0.0044720844
0.19663307 0.44696568 0.0044696568
0.19694226 0.4369343 0.004369343
0.19725144 0.43462939 0.0043462939
0.19756063 0.43227022 0.0043227022
0.19786981 0.42402706 0.0042402706
0.19817899 0.41855883 0.0041855883
0.19848818 0.41529482 0.0041529482
0.19879736 0.41094948 0.0041094948
0.19910654 0.40557668 0.0040557668
0.19941572 0.40123421 0.0040123421
0.19972489 0.39800842 0.0039800842
0.20003407 0.39523217 0.0039523217
0.20034324 0.39100894 0.0039100894
0.20065242 0.3842922 0.003842922
0.20096159 0.37727448 0.0037727448
0.20127076 0.37460248 0.0037460248
0.20157993 0.37188834 0.0037188834
0.2018891 0.36690227 0.0036690227
0.20219827 0.35868337 0.0035868337
0.20250744 0.35507174 0.0035507174
0.20281661 0.35319143 0.0035319143
0.20312577 0.35154736 0.0035154736
0.20343493 0.34968716 0.0034968716
0.2037441 0.3408179 0.003408179
0.20405326 0.33790844 0.0033790844
0.20436242 0.33149988 0.0033149988
0.20467158 0.33160064 0.0033160064
0.20498074 0.32643181 0.0032643181
0.2052899 0.32094066 0.0032094066
0.20559905 0.31694354 0.0031694354
0.20590821 0.31311942 0.0031311942
0.20621736 0.30791226 0.0030791226
0.20652651 0.30587842 0.0030587842
0.20683567 0.3033051 0.003033051
0.20714482 0.29741904 0.0029741904
0.20745397 0.29293868 0.0029293868
0.20776312 0.2952702 0.002952702
0.20807226 0.28770689 0.0028770689
0.20838141 0.28225736 0.0028225736
0.20869055 0.27775765 0.0027775765
0.2089997 0.27628205 0.0027628205
0.20930884 0.26753452 0.0026753452
0.20961798 0.27187151 0.0027187151
0.20992712 0.26755444 0.0026755444
0.21023626 0.26363481 0.0026363481
0.2105454 0.2599363 0.002599363
0.21085454 0.25741318 0.0025741318
0.21116367 0.25167176 0.0025167176
0.21147281 0.25364355 0.0025364355
0.21178194 0.24076867 0.0024076867
0.21209107 0.2451445 0.002451445
0.21240021 0.24305153 0.0024305153
0.21270934 0.23574555 0.0023574555
0.21301846 0.2347546 0.002347546
0.21332759 0.22992094 0.0022992094
0.21363672 0.2299455 0.002299455
0.21394584 0.22587904 0.0022587904
0.21425497 0.22287013 0.0022287013
0.21456409 0.22239911 0.0022239911
0.21487321 0.21676069 0.0021676069
0.21518234 0.21669387 0.0021669387
0.21549145 0.21126859 0.0021126859
0.21580057 0.20775345 0.0020775345
0.21610969 0.2049158 0.002049158
0.21641881 0.20073605 0.0020073605
0.21672792 0.20053483 0.0020053483
0.21703704 0.19620661 0.0019620661
0.21734615 0.19428954 0.0019428954
0.21765526 0.18621353 0.0018621353
0.21796437 0.18762509 0.0018762509
0.21827348 0.18429412 0.0018429412
0.21858259 0.18350652 0.0018350652
0.21889169 0.179125 0.00179125
0.2192008 0.17913335 0.0017913335
0.2195099 0.17424981 0.0017424981
0.21981901 0.17517339 0.0017517339
0.22012811 0.16920441 0.0016920441
0.22043721 0.17055787 0.0017055787
0.22074631 0.16396306 0.0016396306
0.22105541 0.16244236 0.0016244236
0.2213645 0.16091707 0.0016091707
0.2216736 0.16288344 0.0016288344
0.22198269 0.16003639 0.0016003639
0.22229179 0.15681862 0.0015681862
0.22260088 0.15294398 0.0015294398
0.22290997 0.150647 0.00150647
0.22321906 0.15002461 0.0015002461
0.22352815 0.14537375 0.0014537375
0.22383724 0.14500929 0.0014500929
0.22414632 0.14240606 0.0014240606
0.22445541 0.13912914 0.0013912914
0.22476449 0.1349595 0.001349595
0.22507357 0.13843652 0.0013843652
0.22538265 0.13268494 0.0013268494
0.22569174 0.13464507 0.0013464507
0.22600081 0.13076088 0.0013076088
0.22630989 0.12971822 0.0012971822
0.22661897 0.12461831 0.0012461831
0.22692804 0.12449259 0.0012449259
0.22723712 0.12328156 0.0012328156
0.22754619 0.12017829 0.0012017829
0.22785526 0.11537809 0.0011537809
0.22816433 0.11535812 0.0011535812
0.2284734 0.11467617 0.0011467617
0.22878247 0.11080821 0.0011080821
0.22909153 0.10725981 0.0010725981
0.2294006 0.10967817 0.0010967817
0.22970966 0.10894301 0.0010894301
0.23001873 0.10641632 0.0010641632
0.23032779 0.10345949 0.0010345949
0.23063685 0.10198178 0.0010198178
0.23094591 0.098462614 0.00098462614
0.23125496 0.10070909 0.0010070909
0.23156402 0.0972753 0.000972753
0.23187308 0.096278462 0.00096278462
0.23218213 0.097764291 0.00097764291
0.23249118 0.09500389 0.0009500389
0.23280023 0.094875542 0.00094875542
0.23310928 0.087201687 0.00087201687
0.23341833 0.088680478 0.00088680478
0.23372738 0.086395579 0.00086395579
0.23403643 0.085117056 0.00085117056
0.23434547 0.084342339 0.00084342339
0.23465451 0.083722827 0.00083722827
0.23496356 0.087401344 0.00087401344
0.2352726 0.077184904 0.00077184904
0.23558164 0.075058708 0.00075058708
0.23589068 0.077377905 0.00077377905
0.23619971 0.078539891 0.00078539891
0.23650875 0.076894895 0.00076894895
0.23681778 0.073735607 0.00073735607
0.23712682 0.071991437 0.00071991437
0.23743585 0.07360588 0.0007360588
0.23774488 0.072967754 0.00072967754
0.23805391 0.065723326 0.00065723326
0.23836294 0.067319167 0.00067319167
0.23867197 0.06786674 0.0006786674
0.23898099 0.068096512 0.00068096512
0.23929002 0.063286418 0.00063286418
0.23959904 0.061502112 0.00061502112
0.23990806 0.060096716 0.00060096716
0.24021708 0.06212482 0.0006212482
0.2405261 0.058756015 0.00058756015
0.24083512 0.060656966 0.00060656966
0.24114413 0.059428995 0.00059428995
0.24145315 0.060709127 0.00060709127
0.24176216 0.056604426 0.00056604426
0.24207118 0.055148159 0.00055148159
0.24238019 0.057421086 0.00057421086
0.2426892 0.056094304 0.00056094304
0.24299821 0.054892492 0.00054892492
0.24330721 0.052076695 0.00052076695
0.24361622 0.050236452 0.00050236452
0.24392522 0.05161323 0.0005161323
0.24423423 0.049672356 0.00049672356
0.24454323 0.047116506 0.00047116506
0.24485223 0.050335642 0.00050335642
0.24516123 0.049660507 0.00049660507
0.24547023 0.047305585 0.00047305585
0.24577922 0.043609529 0.00043609529
0.24608822 0.047698168 0.00047698168
0.24639721 0.044988269 0.00044988269
0.24670621 0.040484746 0.00040484746
0.2470152 0.044353 0.00044353
0.24732419 0.041644484 0.00041644484
0.24763318 0.043980615 0.00043980615
0.24794216 0.040539803 0.00040539803
0.24825115 0.038993757 0.00038993757
0.24856013 0.038054731 0.00038054731
0.24886912 0.039348554 0.00039348554
0.2491781 0.034870088 0.00034870088
0.24948708 0.036288249 0.00036288249
0.24979606 0.034736918 0.00034736918
0.25010504 0.032560557 0.00032560557
0.25041401 0.042339726 0.00042339726
0.25072299 0.035112608 0.00035112608
0.25103196 0.034349098 0.00034349098
0.25134093 0.033507041 0.00033507041
0.2516499 0.03369359 0.0003369359
0.25195887 0.029475598 0.00029475598
0.25226784 0.029040199 0.00029040199
0.25257681 0.033927421 0.00033927421
0.25288577 0.029861813 0.00029861813
0.25319474 0.034205914 0.00034205914
0.2535037 0.03440773 0.0003440773
0.25381266 0.030422758 0.00030422758
0.25412162 0.028607321 0.00028607321
0.25443058 0.027620694 0.00027620694
0.25473954 0.028995141 0.00028995141
0.25504849 0.030804695 0.00030804695
0.25535745 0.03245352 0.0003245352
0.2556664 0.02949418 0.0002949418
0.25597535 0.025057419 0.00025057419
0.2562843 0.022122896 0.00022122896
0.25659325 0.028963313 0.00028963313
0.2569022 0.023860727 0.00023860727
0.25721115 0.025520954 0.00025520954
0.25752009 0.02668804 0.0002668804
0.25782903 0.02557048 0.0002557048
0.25813798 0.027781541 0.00027781541
0.25844692 0.025149877 0.00025149877
0.25875585 0.024022584 0.00024022584
0.25906479 0.024701499 0.00024701499
0.25937373 0.022772961 0.00022772961
0.25968266 0.026163143 0.00026163143
0.2599916 0.023381786 0.00023381786
0.26030053 0.025518661 0.00025518661
0.26060946 0.022018482 0.00022018482
0.26091839 0.020421169 0.00020421169
0.26122732 0.020119854 0.00020119854
0.26153624 0.024820052 0.00024820052
0.26184517 0.023883774 0.00023883774
0.26215409 0.023351102 0.00023351102
0.26246301 0.024327262 0.00024327262
0.26277193 0.025092327 0.00025092327
0.26308085 0.019241897 0.00019241897
0.26338977 0.019959763 0.00019959763
0.26369869 0.01753512 0.0001753512
0.2640076 0.016861384 0.00016861384
0.26431651 0.021627068 0.00021627068
0.26462543 0.016478783 0.00016478783
0.26493434 0.022693127 0.00022693127
0.26524325 0.016100744 0.00016100744
0.26555215 0.022493868 0.00022493868
0.26586106 0.019834195 0.00019834195
0.26616996 0.020776355 0.00020776355
0.26647887 0.019290707 0.00019290707
0.26678777 0.022711408 0.00022711408
0.26709667 0.02110505 0.0002110505
0.26740557 0.017578689 0.00017578689
0.26771447 0.020197858 0.00020197858
0.26802336 0.013020058 0.00013020058
0.26833226 0.015791454 0.00015791454
0.26864115 0.018453293 0.00018453293
0.26895004 0.018927875 0.00018927875
0.26925893 0.020635979 0.00020635979
0.26956782 0.019172041 0.00019172041
0.26987671 0.018135456 0.00018135456
0.27018559 0.016779899 0.00016779899
0.27049448 0.020873386 0.00020873386
0.27080336 0.021001662 0.00021001662
0.27111224 0.023726468 0.00023726468
0.27142112 0.021736441 0.00021736441
0.27173 0.017039639 0.00017039639
0.27203888 0.017960096 0.00017960096
0.27234775 0.015130774 0.00015130774
0.27265663 0.022144121 0.00022144121
0.2729655 0.017327598 0.00017327598
0.27327437 0.015645441 0.00015645441
0.27358324 0.02162448 0.0002162448
0.27389211 0.018085337 0.00018085337
0.27420098 0.017859091 0.00017859091
0.27450984 0.0171039 0.000171039
0.2748187 0.017807374 0.00017807374
0.27512757 0.015869229 0.00015869229
0.27543643 0.01795467 0.0001795467
0.27574529 0.016932191 0.00016932191
0.27605414 0.017834841 0.00017834841
0.276363 0.019086417 0.00019086417
0.27667185 0.020475614 0.00020475614
0.27698071 0.01535901 0.0001535901
0.27728956 0.018498518 0.00018498518
0.27759841 0.014884118 0.00014884118
0.27790726 0.017183813 0.00017183813
0.2782161 0.018872991 0.00018872991
0.27852495 0.011060038 0.00011060038
0.27883379 0.01960764 0.0001960764
0.27914264 0.021332669 0.00021332669
0.27945148 0.015282346 0.00015282346
0.27976032 0.016333042 0.00016333042
0.28006915 0.017012672 0.00017012672
0.28037799 0.020115819 0.00020115819
0.28068683 0.018905821 0.00018905821
0.28099566 0.022750792 0.00022750792
0.28130449 0.017931859 0.00017931859
0.28161332 0.021837064 0.00021837064
0.28192215 0.019613275 0.00019613275
0.28223098 0.019943095 0.00019943095
0.2825398 0.019162355 0.00019162355
0.28284863 0.019819766 0.00019819766
0.28315745 0.02136348 0.0002136348
0.28346627 0.022521865 0.00022521865
0.28377509 0.015477219 0.00015477219
0.28408391 0.024311744 0.00024311744
0.28439272 0.014941842 0.00014941842
0.28470154 0.019807703 0.00019807703
0.28501035 0.019331416 0.00019331416
0.28531916 0.022216584 0.00022216584
0.28562797 0.022355707 0.00022355707
0.28593678 0.017242375 0.00017242375
0.28624559 0.022942368 0.00022942368
0.2865544 0.019374893 0.00019374893
0.2868632 0.020419299 0.00020419299
0.287172 0.020852085 0.00020852085
0.2874808 0.020783012 0.00020783012
0.2877896 0.02158288 0.0002158288
0.2880984 0.019464208 0.00019464208
0.2884072 0.020400566 0.00020400566
0.28871599 0.023193809 0.00023193809
0.28902478 0.022251754 0.00022251754
0.28933358 0.022675662 0.00022675662
0.28964237 0.023831139 0.00023831139
0.28995115 0.02 0.0002
0.29025994 0.021555731 0.00021555731
0.29056873 0.026690767 0.00026690767
0.29087751 0.021767508 0.00021767508
0.29118629 0.021505727 0.00021505727
0.29149507 0.019473123 0.00019473123
0.29180385 0.022047593 0.00022047593
0.29211263 0.022975851 0.00022975851
0.2924214 0.022070393 0.00022070393
0.29273018 0.026493729 0.00026493729
0.29303895 0.016305713 0.00016305713
0.29334772 0.023069358 0.00023069358
0.29365649 0.026002742 0.00026002742
0.29396526 0.023888344 0.00023888344
0.29427402 0.024392119 0.00024392119
0.29458279 0.0269137 0.000269137
0.29489155 0.024946046 0.00024946046
0.29520031 0.023800703 0.00023800703
0.29550907 0.021796658 0.00021796658
0.29581783 0.025930902 0.00025930902
0.29612659 0.025993569 0.00025993569
0.29643534 0.027408972 0.00027408972
0.2967441 0.023040138 0.00023040138
0.29705285 0.029772161 0.00029772161
0.2973616 0.022846069 0.00022846069
0.29767035 0.023796773 0.00023796773
0.29797909 0.021553098 0.00021553098
0.29828784 0.026935497 0.00026935497
0.29859658 0.022924327 0.00022924327
0.29890532 0.027198227 0.00027198227
0.29921406 0.029285045 0.00029285045
0.2995228 0.028042066 0.00028042066
0.29983154 0.032291868 0.00032291868
