0.010059664 21.756385 0.21756385
0.010369191 21.136737 0.21136737
0.010678719 20.558349 0.20558349
0.010988246 20.077757 0.20077757
0.011297773 19.715462 0.19715462
0.0116073 19.281524 0.19281524
0.011916828 18.928605 0.18928605
0.012226355 18.515193 0.18515193
0.012535882 18.309763 0.18309763
0.012845409 18.041964 0.18041964
0.013154936 17.70679 0.1770679
0.013464463 17.525682 0.17525682
0.013773989 17.360036 0.17360036
0.014083516 17.153698 0.17153698
0.014393043 16.927311 0.16927311
0.014702569 16.693536 0.16693536
0.015012096 16.550461 0.16550461
0.015321622 16.346758 0.16346758
0.015631148 16.198375 0.16198375
0.015940675 16.110666 0.16110666
0.016250201 16.018299 0.16018299
0.016559727 15.911746 0.15911746
0.016869253 15.76611 0.1576611
0.017178779 15.655857 0.15655857
0.017488304 15.501133 0.15501133
0.01779783 15.417619 0.15417619
0.018107355 15.306372 0.15306372
0.018416881 15.208399 0.15208399
0.018726406 15.09236 0.1509236
0.019035932 14.991253 0.14991253
0.019345457 14.867181 0.14867181
0.019654982 14.716805 0.14716805
0.019964507 14.65453 0.1465453
0.020274032 14.58147 0.1458147
0.020583556 14.479227 0.14479227
0.020893081 14.387504 0.14387504
0.021202605 14.30153 0.1430153
0.02151213 14.205076 0.14205076
0.021821654 14.188368 0.14188368
0.022131178 14.058975 0.14058975
0.022440702 14.02885 0.1402885
0.022750226 13.994071 0.13994071
0.02305975 13.955541 0.13955541
0.023369274 13.920856 0.13920856
0.023678797 13.813268 0.13813268
0.023988321 13.718802 0.13718802
0.024297844 13.704664 0.13704664
0.024607367 13.604005 0.13604005
0.02491689 13.514687 0.13514687
0.025226413 13.491613 0.13491613
0.025535936 13.359813 0.13359813
0.025845458 13.295383 0.13295383
0.026154981 13.22776 0.1322776
0.026464503 13.150604 0.13150604
0.026774025 13.10088 0.1310088
0.027083547 13.038335 0.13038335
0.027393069 12.985269 0.12985269
0.027702591 12.868321 0.12868321
0.028012112 12.796146 0.12796146
0.028321634 12.694885 0.12694885
0.028631155 12.604164 0.12604164
0.028940676 12.493856 0.12493856
0.029250197 12.417103 0.12417103
0.029559718 12.341781 0.12341781
0.029869238 12.295227 0.12295227
0.030178759 12.208498 0.12208498
0.030488279 12.1459 0.121459
0.030797799 12.097732 0.12097732
0.031107319 12.017913 0.12017913
0.031416839 11.966643 0.11966643
0.031726359 11.889879 0.11889879
0.032035878 11.844272 0.11844272
0.032345397 11.796785 0.11796785
0.032654916 11.764327 0.11764327
0.032964435 11.624045 0.11624045
0.033273954 11.592636 0.11592636
0.033583473 11.548213 0.11548213
0.033892991 11.488195 0.11488195
0.034202509 11.446602 0.11446602
0.034512027 11.374121 0.11374121
0.034821545 11.329277 0.11329277
0.035131063 11.248105 0.11248105
0.03544058 11.188057 0.11188057
0.035750097 11.139529 0.11139529
0.036059614 11.053604 0.11053604
0.036369131 11.055502 0.11055502
0.036678648 10.979751 0.10979751
0.036988164 10.954541 0.10954541
0.03729768 10.877669 0.10877669
0.037607196 10.85008 0.1085008
0.037916712 10.818916 0.10818916
0.038226228 10.758145 0.10758145
0.038535743 10.717279 0.10717279
0.038845259 10.65793 0.1065793
0.039154774 10.600256 0.10600256
0.039464288 10.565731 0.10565731
0.039773803 10.517058 0.10517058
0.040083317 10.482301 0.10482301
0.040392831 10.440615 0.10440615
0.040702345 10.358638 0.10358638
0.041011859 10.311606 0.10311606
0.041321372 10.26171 0.1026171
0.041630886 10.213983 0.10213983
0.041940399 10.174694 0.10174694
0.042249911 10.102725 0.10102725
0.042559424 10.087193 0.10087193
0.042868936 10.018343 0.10018343
0.043178448 9.9931057 0.099931057
0.04348796 9.9260297 0.099260297
0.043797472 9.9007803 0.099007803
0.044106983 9.8152712 0.098152712
0.044416494 9.7986717 0.097986717
0.044726005 9.7579283 0.097579283
0.045035516 9.685032 0.09685032
0.045345026 9.6576047 0.096576047
0.045654536 9.6037366 0.096037366
0.045964046 9.5455264 0.095455264
0.046273556 9.4884979 0.094884979
0.046583065 9.4529121 0.094529121
0.046892575 9.3929208 0.093929208
0.047202083 9.3427879 0.093427879
0.047511592 9.29632 0.0929632
0.0478211 9.2636822 0.092636822
0.048130609 9.2397724 0.092397724
0.048440116 9.1577691 0.091577691
0.048749624 9.1552805 0.091552805
0.049059131 9.09102 0.0909102
0.049368638 9.0174993 0.090174993
0.049678145 9.0496077 0.090496077
0.049987652 8.9686101 0.089686101
0.050297158 8.9337195 0.089337195
0.050606664 8.8755986 0.088755986
0.05091617 8.8632758 0.088632758
0.051225675 8.8472799 0.088472799
0.05153518 8.7990083 0.087990083
0.051844685 8.746889 0.08746889
0.05215419 8.729065 0.08729065
0.052463694 8.6469319 0.086469319
0.052773198 8.6241471 0.086241471
0.053082702 8.6143656 0.086143656
0.053392205 8.562032 0.08562032
0.053701708 8.5427185 0.085427185
0.054011211 8.4970308 0.084970308
0.054320713 8.4508845 0.084508845
0.054630216 8.4137075 0.084137075
0.054939718 8.3477575 0.083477575
0.055249219 8.3393202 0.083393202
0.055558721 8.2902975 0.082902975
0.055868222 8.2516306 0.082516306
0.056177722 8.2268721 0.082268721
0.056487223 8.1772774 0.081772774
0.056796723 8.123837 0.08123837
0.057106223 8.115383 0.08115383
0.057415722 8.064889 0.08064889
0.057725221 8.0380353 0.080380353
0.05803472 7.9935321 0.079935321
0.058344219 7.9794748 0.079794748
0.058653717 7.9446538 0.079446538
0.058963215 7.8711758 0.078711758
0.059272713 7.8562749 0.078562749
0.05958221 7.8172711 0.078172711
0.059891707 7.8068246 0.078068246
0.060201203 7.7563418 0.077563418
0.0605107 7.7341308 0.077341308
0.060820196 7.6818347 0.076818347
0.061129691 7.6376939 0.076376939
0.061439187 7.6449567 0.076449567
0.061748681 7.5788031 0.075788031
0.062058176 7.5639719 0.075639719
0.06236767 7.5388207 0.075388207
0.062677164 7.5020772 0.075020772
0.062986658 7.4651759 0.074651759
0.063296151 7.4139854 0.074139854
0.063605644 7.3979603 0.073979603
0.063915137 7.3675377 0.073675377
0.064224629 7.3210778 0.073210778
0.064534121 7.3118219 0.073118219
0.064843612 7.2681578 0.072681578
0.065153103 7.2535616 0.072535616
0.065462594 7.199891 0.07199891
0.065772085 7.1679854 0.071679854
0.066081575 7.135804 0.07135804
0.066391064 7.0987417 0.070987417
0.066700554 7.0779313 0.070779313
0.067010043 7.0204273 0.070204273
0.067319531 7.00098 0.0700098
0.06762902 6.9832299 0.069832299
0.067938508 6.9400081 0.069400081
0.068247995 6.9133132 0.069133132
0.068557482 6.8735544 0.068735544
0.068866969 6.843814 0.06843814
0.069176455 6.8117665 0.068117665
0.069485941 6.7737016 0.067737016
0.069795427 6.7429882 0.067429882
0.070104912 6.7211934 0.067211934
0.070414397 6.67629 0.0667629
0.070723882 6.6380552 0.066380552
0.071033366 6.6144631 0.066144631
0.07134285 6.5947529 0.065947529
0.071652333 6.5521749 0.065521749
0.071961816 6.5171894 0.065171894
0.072271298 6.49058 0.0649058
0.07258078 6.4654392 0.064654392
0.072890262 6.4349384 0.064349384
0.073199744 6.4001259 0.064001259
0.073509225 6.3732428 0.063732428
0.073818705 6.3441288 0.063441288
0.074128185 6.3155512 0.063155512
0.074437665 6.2909709 0.062909709
0.074747144 6.261176 0.06261176
0.075056623 6.215794 0.06215794
0.075366102 6.1928744 0.061928744
0.07567558 6.1492656 0.061492656
0.075985058 6.1288137 0.061288137
0.076294535 6.0941496 0.060941496
0.076604012 6.0694887 0.060694887
0.076913488 6.0503411 0.060503411
0.077222964 6.0239193 0.060239193
0.07753244 5.9777536 0.059777536
0.077841915 5.9648738 0.059648738
0.07815139 5.9284879 0.059284879
0.078460864 5.9056838 0.059056838
0.078770338 5.8743369 0.058743369
0.079079812 5.8482736 0.058482736
0.079389285 5.8186638 0.058186638
0.079698757 5.785452 0.05785452
0.080008229 5.7599045 0.057599045
0.080317701 5.7337776 0.057337776
0.080627172 5.6967931 0.056967931
0.080936643 5.6694172 0.056694172
0.081246114 5.6442191 0.056442191
0.081555584 5.6076331 0.056076331
0.081865053 5.5879661 0.055879661
0.082174522 5.5730055 0.055730055
0.082483991 5.5371391 0.055371391
0.082793459 5.5013567 0.055013567
0.083102927 5.47272 0.0547272
0.083412394 5.4562691 0.054562691
0.083721861 5.4305479 0.054305479
0.084031327 5.3884102 0.053884102
0.084340793 5.3677803 0.053677803
0.084650259 5.334938 0.05334938
0.084959724 5.318811 0.05318811
0.085269188 5.2852739 0.052852739
0.085578652 5.2631482 0.052631482
0.085888116 5.233338 0.05233338
0.086197579 5.2135854 0.052135854
0.086507042 5.1821269 0.051821269
0.086816504 5.1566792 0.051566792
0.087125966 5.1235276 0.051235276
0.087435427 5.1039561 0.051039561
0.087744888 5.0734052 0.050734052
0.088054348 5.0520524 0.050520524
0.088363808 5.0263089 0.050263089
0.088673267 5.0028671 0.050028671
0.088982726 4.9745884 0.049745884
0.089292184 4.9520658 0.049520658
0.089601642 4.9260293 0.049260293
0.089911099 4.9138381 0.049138381
0.090220556 4.8730742 0.048730742
0.090530013 4.8530014 0.048530014
0.090839469 4.8217663 0.048217663
0.091148924 4.8138147 0.048138147
0.091458379 4.7779043 0.047779043
0.091767833 4.7510522 0.047510522
0.092077287 4.7261296 0.047261296
0.092386741 4.6934758 0.046934758
0.092696194 4.6837305 0.046837305
0.093005646 4.6427884 0.046427884
0.093315098 4.6270769 0.046270769
0.093624549 4.6011713 0.046011713
0.093934 4.5779315 0.045779315
0.09424345 4.5501928 0.045501928
0.0945529 4.5255628 0.045255628
0.09486235 4.5101627 0.045101627
0.095171798 4.4854091 0.044854091
0.095481247 4.4564554 0.044564554
0.095790694 4.429575 0.04429575
0.096100142 4.4047638 0.044047638
0.096409588 4.3852347 0.043852347
0.096719035 4.3590679 0.043590679
0.09702848 4.3322803 0.043322803
0.097337925 4.3102895 0.043102895
0.09764737 4.2874572 0.042874572
0.097956814 4.2653621 0.042653621
0.098266257 4.2436205 0.042436205
0.0985757 4.2217196 0.042217196
0.098885143 4.1928611 0.041928611
0.099194585 4.1756634 0.041756634
0.099504026 4.1544632 0.041544632
0.099813467 4.1261569 0.041261569
0.10012291 4.0952676 0.040952676
0.10043235 4.0840255 0.040840255
0.10074179 4.0593562 0.040593562
0.10105122 4.0410137 0.040410137
0.10136066 4.0177088 0.040177088
0.1016701 3.9875953 0.039875953
0.10197954 3.9624388 0.039624388
0.10228897 3.9412073 0.039412073
0.10259841 3.9261331 0.039261331
0.10290785 3.9086262 0.039086262
0.10321728 3.8886476 0.038886476
0.10352671 3.8564116 0.038564116
0.10383615 3.8363473 0.038363473
0.10414558 3.8121847 0.038121847
0.10445501 3.7948194 0.037948194
0.10476445 3.7756814 0.037756814
0.10507388 3.7504965 0.037504965
0.10538331 3.7274536 0.037274536
0.10569274 3.7075838 0.037075838
0.10600217 3.683794 0.03683794
0.1063116 3.6683828 0.036683828
0.10662102 3.6543632 0.036543632
0.10693045 3.6286952 0.036286952
0.10723988 3.6086946 0.036086946
0.10754931 3.582255 0.03582255
0.10785873 3.5617333 0.035617333
0.10816816 3.5441507 0.035441507
0.10847758 3.5244975 0.035244975
0.10878701 3.5050373 0.035050373
0.10909643 3.4862452 0.034862452
0.10940585 3.4556486 0.034556486
0.10971528 3.441249 0.03441249
0.1100247 3.4158028 0.034158028
0.11033412 3.4023594 0.034023594
0.11064354 3.3742332 0.033742332
0.11095296 3.35605 0.0335605
0.11126238 3.3385143 0.033385143
0.1115718 3.3204155 0.033204155
0.11188122 3.2991477 0.032991477
0.11219064 3.2774596 0.032774596
0.11250005 3.2502747 0.032502747
0.11280947 3.2424295 0.032424295
0.11311889 3.2162824 0.032162824
0.1134283 3.1964182 0.031964182
0.11373772 3.1797616 0.031797616
0.11404713 3.1653567 0.031653567
0.11435654 3.1426434 0.031426434
0.11466596 3.1245612 0.031245612
0.11497537 3.1084541 0.031084541
0.11528478 3.0828927 0.030828927
0.11559419 3.0645634 0.030645634
0.1159036 3.0512824 0.030512824
0.11621301 3.0226669 0.030226669
0.11652242 3.0099856 0.030099856
0.11683183 2.9985943 0.029985943
0.11714124 2.9700162 0.029700162
0.11745064 2.9584731 0.029584731
0.11776005 2.9405869 0.029405869
0.11806945 2.9200107 0.029200107
0.11837886 2.8986256 0.028986256
0.11868826 2.8876628 0.028876628
0.11899767 2.8653748 0.028653748
0.11930707 2.8448734 0.028448734
0.11961647 2.8349032 0.028349032
0.11992588 2.8109657 0.028109657
0.12023528 2.7966118 0.027966118
0.12054468 2.7815271 0.027815271
0.12085408 2.7603532 0.027603532
0.12116348 2.7425856 0.027425856
0.12147288 2.7224497 0.027224497
0.12178227 2.7068364 0.027068364
0.12209167 2.6903653 0.026903653
0.12240107 2.6733887 0.026733887
0.12271046 2.6598202 0.026598202
0.12301986 2.6423967 0.026423967
0.12332925 2.6196713 0.026196713
0.12363865 2.600882 0.02600882
0.12394804 2.5881131 0.025881131
0.12425743 2.5709343 0.025709343
0.12456683 2.5550311 0.025550311
0.12487622 2.5444591 0.025444591
0.12518561 2.522111 0.02522111
0.125495 2.5092339 0.025092339
0.12580439 2.4889553 0.024889553
0.12611377 2.4772275 0.024772275
0.12642316 2.4573641 0.024573641
0.12673255 2.4465815 0.024465815
0.12704194 2.4301397 0.024301397
0.12735132 2.415193 0.02415193
0.12766071 2.3961136 0.023961136
0.12797009 2.3796811 0.023796811
0.12827947 2.3609098 0.023609098
0.12858886 2.3569797 0.023569797
0.12889824 2.3329354 0.023329354
0.12920762 2.3200168 0.023200168
0.129517 2.309653 0.02309653
0.12982638 2.2882451 0.022882451
0.13013576 2.269207 0.02269207
0.13044514 2.260755 0.02260755
0.13075452 2.245794 0.02245794
0.1310639 2.2306812 0.022306812
0.13137327 2.2107574 0.022107574
0.13168265 2.1999681 0.021999681
0.13199202 2.1842381 0.021842381
0.1323014 2.1727186 0.021727186
0.13261077 2.1481529 0.021481529
0.13292015 2.1420158 0.021420158
0.13322952 2.1269356 0.021269356
0.13353889 2.1151621 0.021151621
0.13384826 2.0997514 0.020997514
0.13415763 2.0862096 0.020862096
0.134467 2.0721833 0.020721833
0.13477637 2.0522744 0.020522744
0.13508574 2.0427157 0.020427157
0.1353951 2.0290848 0.020290848
0.13570447 2.0145216 0.020145216
0.13601383 1.9942612 0.019942612
0.1363232 1.9835327 0.019835327
0.13663256 1.9714318 0.019714318
0.13694193 1.9564195 0.019564195
0.13725129 1.9393843 0.019393843
0.13756065 1.9362 0.019362
0.13787001 1.9230969 0.019230969
0.13817937 1.9056612 0.019056612
0.13848873 1.8917118 0.018917118
0.13879809 1.8809866 0.018809866
0.13910745 1.8676042 0.018676042
0.13941681 1.85196 0.0185196
0.13972616 1.8397354 0.018397354
0.14003552 1.827455 0.01827455
0.14034488 1.8113995 0.018113995
0.14065423 1.7946277 0.017946277
0.14096358 1.7845501 0.017845501
0.14127294 1.7745239 0.017745239
0.14158229 1.7642016 0.017642016
0.14189164 1.7466966 0.017466966
0.14220099 1.736516 0.01736516
0.14251034 1.728108 0.01728108
0.14281969 1.7135628 0.017135628
0.14312904 1.7007204 0.017007204
0.14343838 1.6857299 0.016857299
0.14374773 1.6783117 0.016783117
0.14405708 1.6635278 0.016635278
0.14436642 1.6545958 0.016545958
0.14467577 1.6391372 0.016391372
0.14498511 1.6268795 0.016268795
0.14529445 1.6178984 0.016178984
0.14560379 1.6032673 0.016032673
0.14591314 1.5951113 0.015951113
0.14622248 1.5808263 0.015808263
0.14653182 1.5718026 0.015718026
0.14684115 1.5598278 0.015598278
0.14715049 1.5465704 0.015465704
0.14745983 1.5385324 0.015385324
0.14776917 1.52624 0.0152624
0.1480785 1.5151162 0.015151162
0.14838784 1.4995078 0.014995078
0.14869717 1.4889355 0.014889355
0.1490065 1.4832098 0.014832098
0.14931583 1.4702521 0.014702521
0.14962517 1.4574579 0.014574579
0.1499345 1.4438948 0.014438948
0.15024383 1.4349152 0.014349152
0.15055316 1.4234278 0.014234278
0.15086248 1.4182899 0.014182899
0.15117181 1.405848 0.01405848
0.15148114 1.3943392 0.013943392
0.15179046 1.3797269 0.013797269
0.15209979 1.3689186 0.013689186
0.15240911 1.3649097 0.013649097
0.15271844 1.3514543 0.013514543
0.15302776 1.3409307 0.013409307
0.15333708 1.32958 0.0132958
0.1536464 1.3209398 0.013209398
0.15395572 1.3096442 0.013096442
0.15426504 1.3034557 0.013034557
0.15457436 1.2914854 0.012914854
0.15488367 1.2836318 0.012836318
0.15519299 1.2750606 0.012750606
0.15550231 1.2623577 0.012623577
0.15581162 1.2505789 0.012505789
0.15612093 1.2403253 0.012403253
0.15643025 1.226679 0.01226679
0.15673956 1.2190449 0.012190449
0.15704887 1.2052253 0.012052253
0.15735818 1.2023353 0.012023353
0.15766749 1.1912206 0.011912206
0.1579768 1.1850206 0.011850206
0.15828611 1.1715549 0.011715549
0.15859542 1.1629176 0.011629176
0.15890472 1.1512871 0.011512871
0.15921403 1.1409053 0.011409053
0.15952333 1.1303366 0.011303366
0.15983264 1.1254737 0.011254737
0.16014194 1.1156672 0.011156672
0.16045124 1.1081066 0.011081066
0.16076054 1.1020891 0.011020891
0.16106984 1.0890685 0.010890685
0.16137914 1.0801294 0.010801294
0.16168844 1.0738197 0.010738197
0.16199774 1.0668077 0.010668077
0.16230703 1.0557462 0.010557462
0.16261633 1.04796 0.0104796
0.16292562 1.0343162 0.010343162
0.16323492 1.0274904 0.010274904
0.16354421 1.0199979 0.010199979
0.1638535 1.0118791 0.010118791
0.16416279 1.0010424 0.010010424
0.16447208 1.0005864 0.010005864
0.16478137 0.98944447 0.0098944447
0.16509066 0.98026415 0.0098026415
0.16539995 0.97623826 0.0097623826
0.16570924 0.96261409 0.0096261409
0.16601852 0.95452217 0.0095452217
0.16632781 0.94918089 0.0094918089
0.16663709 0.93999173 0.0093999173
0.16694637 0.93387534 0.0093387534
0.16725566 0.92408188 0.0092408188
0.16756494 0.91727463 0.0091727463
0.16787422 0.91109683 0.0091109683
0.1681835 0.90134438 0.0090134438
0.16849278 0.89034306 0.0089034306
0.16880205 0.8828458 0.008828458
0.16911133 0.87872578 0.0087872578
0.16942061 0.8695562 0.008695562
0.16972988 0.86298639 0.0086298639
0.17003916 0.84844038 0.0084844038
0.17034843 0.84877772 0.0084877772
0.1706577 0.84311602 0.0084311602
0.17096697 0.82868143 0.0082868143
0.17127624 0.8236241 0.008236241
0.17158551 0.81951709 0.0081951709
0.17189478 0.80678294 0.0080678294
0.17220405 0.80776956 0.0080776956
0.17251331 0.79570208 0.0079570208
0.17282258 0.7944982 0.007944982
0.17313184 0.78266204 0.0078266204
0.17344111 0.78253884 0.0078253884
0.17375037 0.7749034 0.007749034
0.17405963 0.76387402 0.0076387402
0.17436889 0.75485933 0.0075485933
0.17467815 0.74852403 0.0074852403
0.17498741 0.74298334 0.0074298334
0.17529667 0.73691974 0.0073691974
0.17560593 0.7283136 0.007283136
0.17591518 0.72260292 0.0072260292
0.17622444 0.71556703 0.0071556703
0.17653369 0.7145386 0.007145386
0.17684295 0.70178268 0.0070178268
0.1771522 0.69874224 0.0069874224
0.17746145 0.68957693 0.0068957693
0.1777707 0.68731892 0.0068731892
0.17807995 0.68051267 0.0068051267
0.1783892 0.66704653 0.0066704653
0.17869844 0.66736121 0.0066736121
0.17900769 0.66034991 0.0066034991
0.17931694 0.65249323 0.0065249323
0.17962618 0.64848199 0.0064848199
0.17993542 0.64321157 0.0064321157
0.18024467 0.63613528 0.0063613528
0.18055391 0.63036955 0.0063036955
0.18086315 0.62212855 0.0062212855
0.18117239 0.6134157 0.006134157
0.18148163 0.61278934 0.0061278934
0.18179086 0.60302777 0.0060302777
0.1821001 0.60094226 0.0060094226
0.18240934 0.59669935 0.0059669935
0.18271857 0.588243 0.00588243
0.1830278 0.58380199 0.0058380199
0.18333704 0.57788113 0.0057788113
0.18364627 0.5716726 0.005716726
0.1839555 0.56586761 0.0056586761
0.18426473 0.55854202 0.0055854202
0.18457396 0.55191208 0.0055191208
0.18488318 0.54863523 0.0054863523
0.18519241 0.54245683 0.0054245683
0.18550164 0.53958564 0.0053958564
0.18581086 0.53455183 0.0053455183
0.18612009 0.5245223 0.005245223
0.18642931 0.52252281 0.0052252281
0.18673853 0.51623455 0.0051623455
0.18704775 0.51094334 0.0051094334
0.18735697 0.50077197 0.0050077197
0.18766619 0.50214381 0.0050214381
0.1879754 0.4977974 0.004977974
0.18828462 0.49357235 0.0049357235
0.18859384 0.48656283 0.0048656283
0.18890305 0.48087656 0.0048087656
0.18921226 0.48179283 0.0048179283
0.18952148 0.47186674 0.0047186674
0.18983069 0.4666191 0.004666191
0.1901399 0.4666512 0.004666512
0.19044911 0.452518 0.00452518
0.19075832 0.45517295 0.0045517295
0.19106752 0.45230908 0.0045230908
0.19137673 0.44635203 0.0044635203
0.19168593 0.44022382 0.0044022382
0.19199514 0.43685124 0.0043685124
0.19230434 0.43316935 0.0043316935
0.19261354 0.42974369 0.0042974369
0.19292274 0.41945295 0.0041945295
0.19323194 0.41661797 0.0041661797
0.19354114 0.41124096 0.0041124096
0.19385034 0.4106892 0.004106892
0.19415954 0.40765546 0.0040765546
0.19446873 0.39718788 0.0039718788
0.19477793 0.39333388 0.0039333388
0.19508712 0.39129851 0.0039129851
0.19539631 0.38865268 0.0038865268
0.1957055 0.38435008 0.0038435008
0.19601469 0.37871263 0.0037871263
0.19632388 0.37383674 0.0037383674
0.19663307 0.37108023 0.0037108023
0.19694226 0.36428378 0.0036428378
0.19725144 0.36113666 0.0036113666
0.19756063 0.35972766 0.0035972766
0.19786981 0.35604092 0.0035604092
0.19817899 0.34966557 0.0034966557
0.19848818 0.34531766 0.0034531766
0.19879736 0.34185883 0.0034185883
0.19910654 0.3374147 0.003374147
0.19941572 0.33533625 0.0033533625
0.19972489 0.33027181 0.0033027181
0.20003407 0.33113385 0.0033113385
0.20034324 0.32234699 0.0032234699
0.20065242 0.32003795 0.0032003795
0.20096159 0.31419531 0.0031419531
0.20127076 0.3109322 0.003109322
0.20157993 0.31132607 0.0031132607
0.2018891 0.30719321 0.0030719321
0.20219827 0.3033886 0.003033886
0.20250744 0.2973272 0.002973272
0.20281661 0.29431132 0.0029431132
0.20312577 0.29047838 0.0029047838
0.20343493 0.29026127 0.0029026127
0.2037441 0.2854758 0.002854758
0.20405326 0.28217202 0.0028217202
0.20436242 0.27667864 0.0027667864
0.20467158 0.27701052 0.0027701052
0.20498074 0.275408 0.00275408
0.2052899 0.26729147 0.0026729147
0.20559905 0.26628711 0.0026628711
0.20590821 0.26187344 0.0026187344
0.20621736 0.25492883 0.0025492883
0.20652651 0.25502398 0.0025502398
0.20683567 0.25309153 0.0025309153
0.20714482 0.24849054 0.0024849054
0.20745397 0.24602038 0.0024602038
0.20776312 0.24400984 0.0024400984
0.20807226 0.23900108 0.0023900108
0.20838141 0.23639345 0.0023639345
0.20869055 0.23469369 0.0023469369
0.2089997 0.22869801 0.0022869801
0.20930884 0.2249461 0.002249461
0.20961798 0.22551821 0.0022551821
0.20992712 0.2225003 0.002225003
0.21023626 0.22004196 0.0022004196
0.2105454 0.21532757 0.0021532757
0.21085454 0.21541747 0.0021541747
0.21116367 0.21075601 0.0021075601
0.21147281 0.20975192 0.0020975192
0.21178194 0.20433883 0.0020433883
0.21209107 0.20264015 0.0020264015
0.21240021 0.20094325 0.0020094325
0.21270934 0.19636429 0.0019636429
0.21301846 0.19561196 0.0019561196
0.21332759 0.19233148 0.0019233148
0.21363672 0.18968875 0.0018968875
0.21394584 0.1869723 0.001869723
0.21425497 0.18448616 0.0018448616
0.21456409 0.1831331 0.001831331
0.21487321 0.18212481 0.0018212481
0.21518234 0.18236887 0.0018236887
0.21549145 0.17766976 0.0017766976
0.21580057 0.17599396 0.0017599396
0.21610969 0.17316817 0.0017316817
0.21641881 0.16969229 0.0016969229
0.21672792 0.1652198 0.001652198
0.21703704 0.16558451 0.0016558451
0.21734615 0.16481035 0.0016481035
0.21765526 0.15895432 0.0015895432
0.21796437 0.15681627 0.0015681627
0.21827348 0.15803739 0.0015803739
0.21858259 0.15883887 0.0015883887
0.21889169 0.14881079 0.0014881079
0.2192008 0.14664453 0.0014664453
0.2195099 0.14834285 0.0014834285
0.21981901 0.1461633 0.001461633
0.22012811 0.14506609 0.0014506609
0.22043721 0.14201859 0.0014201859
0.22074631 0.13916284 0.0013916284
0.22105541 0.13663465 0.0013663465
0.2213645 0.13848648 0.0013848648
0.2216736 0.13635605 0.0013635605
0.22198269 0.13062546 0.0013062546
0.22229179 0.13288446 0.0013288446
0.22260088 0.13033823 0.0013033823
0.22290997 0.12810157 0.0012810157
0.22321906 0.12635099 0.0012635099
0.22352815 0.12335265 0.0012335265
0.22383724 0.12008239 0.0012008239
0.22414632 0.12159346 0.0012159346
0.22445541 0.11511744 0.0011511744
0.22476449 0.11690461 0.0011690461
0.22507357 0.11510983 0.0011510983
0.22538265 0.1077226 0.001077226
0.22569174 0.11232677 0.0011232677
0.22600081 0.11137873 0.0011137873
0.22630989 0.1095947 0.001095947
0.22661897 0.10829704 0.0010829704
0.22692804 0.10284941 0.0010284941
0.22723712 0.10381728 0.0010381728
0.22754619 0.098379108 0.00098379108
0.22785526 0.10070828 0.0010070828
0.22816433 0.095037917 0.00095037917
0.2284734 0.095349064 0.00095349064
0.22878247 0.094823499 0.00094823499
0.22909153 0.092672386 0.00092672386
0.2294006 0.090558518 0.00090558518
0.22970966 0.095100717 0.00095100717
0.23001873 0.089109238 0.00089109238
0.23032779 0.089413946 0.00089413946
0.23063685 0.087034799 0.00087034799
0.23094591 0.087033913 0.00087033913
0.23125496 0.086217401 0.00086217401
0.23156402 0.079522111 0.00079522111
0.23187308 0.081116556 0.00081116556
0.23218213 0.084187536 0.00084187536
0.23249118 0.082301291 0.00082301291
0.23280023 0.079369824 0.00079369824
0.23310928 0.074758919 0.00074758919
0.23341833 0.077019916 0.00077019916
0.23372738 0.07384251 0.0007384251
0.23403643 0.071194391 0.00071194391
0.23434547 0.073043794 0.00073043794
0.23465451 0.075775312 0.00075775312
0.23496356 0.075068879 0.00075068879
0.2352726 0.070278894 0.00070278894
0.23558164 0.066310298 0.00066310298
0.23589068 0.067184937 0.00067184937
0.23619971 0.062971944 0.00062971944
0.23650875 0.065293554 0.00065293554
0.23681778 0.066441592 0.00066441592
0.23712682 0.063285635 0.00063285635
0.23743585 0.061666346 0.00061666346
0.23774488 0.063891759 0.00063891759
0.23805391 0.059071403 0.00059071403
0.23836294 0.057102558 0.00057102558
0.23867197 0.057393062 0.00057393062
0.23898099 0.057429184 0.00057429184
0.23929002 0.057020189 0.00057020189
0.23959904 0.052462724 0.00052462724
0.23990806 0.051067211 0.00051067211
0.24021708 0.051767883 0.00051767883
0.2405261 0.050483773 0.00050483773
0.24083512 0.051569707 0.00051569707
0.24114413 0.050821243 0.00050821243
0.24145315 0.050896812 0.00050896812
0.24176216 0.048278686 0.00048278686
0.24207118 0.048426793 0.00048426793
0.24238019 0.046407444 0.00046407444
0.2426892 0.047447654 0.00047447654
0.24299821 0.047004837 0.00047004837
0.24330721 0.047654841 0.00047654841
0.24361622 0.043580896 0.00043580896
0.24392522 0.044981355 0.00044981355
0.24423423 0.043593113 0.00043593113
0.24454323 0.043402096 0.00043402096
0.24485223 0.044839959 0.00044839959
0.24516123 0.042063145 0.00042063145
0.24547023 0.041122858 0.00041122858
0.24577922 0.040832726 0.00040832726
0.24608822 0.041186209 0.00041186209
0.24639721 0.037772843 0.00037772843
0.24670621 0.037663834 0.00037663834
0.2470152 0.040697397 0.00040697397
0.24732419 0.037980856 0.00037980856
0.24763318 0.036149642 0.00036149642
0.24794216 0.035625428 0.00035625428
0.24825115 0.035172026 0.00035172026
0.24856013 0.033367678 0.00033367678
0.24886912 0.037712973 0.00037712973
0.2491781 0.032575445 0.00032575445
0.24948708 0.031992556 0.00031992556
0.24979606 0.030836943 0.00030836943
0.25010504 0.029907612 0.00029907612
0.25041401 0.037497961 0.00037497961
0.25072299 0.029059485 0.00029059485
0.25103196 0.03051445 0.0003051445
0.25134093 0.02920648 0.0002920648
0.2516499 0.032796718 0.00032796718
0.25195887 0.026238876 0.00026238876
0.25226784 0.026539899 0.00026539899
0.25257681 0.031865527 0.00031865527
0.25288577 0.027962708 0.00027962708
0.25319474 0.02949525 0.0002949525
0.2535037 0.031401343 0.00031401343
0.25381266 0.029321111 0.00029321111
0.25412162 0.029618934 0.00029618934
0.25443058 0.023862022 0.00023862022
0.25473954 0.025799944 0.00025799944
0.25504849 0.026113788 0.00026113788
0.25535745 0.027113519 0.00027113519
0.2556664 0.026289473 0.00026289473
0.25597535 0.021278931 0.00021278931
0.2562843 0.022170513 0.00022170513
0.25659325 0.027274628 0.00027274628
0.2569022 0.023162374 0.00023162374
0.25721115 0.022767913 0.00022767913
0.25752009 0.027612752 0.00027612752
0.25782903 0.022377187 0.00022377187
0.25813798 0.023328668 0.00023328668
0.25844692 0.024079332 0.00024079332
0.25875585 0.024637718 0.00024637718
0.25906479 0.022764152 0.00022764152
0.25937373 0.023866459 0.00023866459
0.25968266 0.023589677 0.00023589677
0.2599916 0.02350809 0.0002350809
0.26030053 0.025574811 0.00025574811
0.26060946 0.020878289 0.00020878289
0.26091839 0.02062183 0.0002062183
0.26122732 0.023267021 0.00023267021
0.26153624 0.02287901 0.0002287901
0.26184517 0.022049845 0.00022049845
0.26215409 0.019570192 0.00019570192
0.26246301 0.022500059 0.00022500059
0.26277193 0.024098207 0.00024098207
0.26308085 0.018455636 0.00018455636
0.26338977 0.018459957 0.00018459957
0.26369869 0.01882132 0.0001882132
0.2640076 0.017791532 0.00017791532
0.26431651 0.017614769 0.00017614769
0.26462543 0.018501294 0.00018501294
0.26493434 0.02266902 0.0002266902
0.26524325 0.013349289 0.00013349289
0.26555215 0.016920494 0.00016920494
0.26586106 0.016774698 0.00016774698
0.26616996 0.021019027 0.00021019027
0.26647887 0.022091028 0.00022091028
0.26678777 0.018761774 0.00018761774
0.26709667 0.019197134 0.00019197134
0.26740557 0.019916216 0.00019916216
0.26771447 0.020045765 0.00020045765
0.26802336 0.019762354 0.00019762354
0.26833226 0.01622696 0.0001622696
0.26864115 0.019372188 0.00019372188
0.26895004 0.021630695 0.00021630695
0.26925893 0.018417943 0.00018417943
0.26956782 0.017944806 0.00017944806
0.26987671 0.02057934 0.0002057934
0.27018559 0.021954026 0.00021954026
0.27049448 0.018522542 0.00018522542
0.27080336 0.020722149 0.00020722149
0.27111224 0.023023268 0.00023023268
0.27142112 0.023108799 0.00023108799
0.27173 0.015594691 0.00015594691
0.27203888 0.020390395 0.00020390395
0.27234775 0.020016277 0.00020016277
0.27265663 0.022112114 0.00022112114
0.2729655 0.018953366 0.00018953366
0.27327437 0.016092781 0.00016092781
0.27358324 0.019393932 0.00019393932
0.27389211 0.018247146 0.00018247146
0.27420098 0.017621293 0.00017621293
0.27450984 0.018575993 0.00018575993
0.2748187 0.020058959 0.00020058959
0.27512757 0.01974865 0.0001974865
0.27543643 0.019924414 0.00019924414
0.27574529 0.016020401 0.00016020401
0.27605414 0.017651339 0.00017651339
0.276363 0.021496782 0.00021496782
0.27667185 0.020887287 0.00020887287
0.27698071 0.017860852 0.00017860852
0.27728956 0.013269228 0.00013269228
0.27759841 0.017973587 0.00017973587
0.27790726 0.019380208 0.00019380208
0.2782161 0.016984205 0.00016984205
0.27852495 0.014024257 0.00014024257
0.27883379 0.020356487 0.00020356487
0.27914264 0.021977481 0.00021977481
0.27945148 0.017290084 0.00017290084
0.27976032 0.020210454 0.00020210454
0.28006915 0.020451476 0.00020451476
0.28037799 0.018656604 0.00018656604
0.28068683 0.019610372 0.00019610372
0.28099566 0.02102762 0.0002102762
0.28130449 0.01681742 0.0001681742
0.28161332 0.021994387 0.00021994387
0.28192215 0.019022776 0.00019022776
0.28223098 0.020827677 0.00020827677
0.2825398 0.021164503 0.00021164503
0.28284863 0.018017367 0.00018017367
0.28315745 0.023170396 0.00023170396
0.28346627 0.024460365 0.00024460365
0.28377509 0.018625345 0.00018625345
0.28408391 0.02265643 0.0002265643
0.28439272 0.016182884 0.00016182884
0.28470154 0.022568412 0.00022568412
0.28501035 0.021342925 0.00021342925
0.28531916 0.021823233 0.00021823233
0.28562797 0.021198847 0.00021198847
0.28593678 0.020293267 0.00020293267
0.28624559 0.021014531 0.00021014531
0.2865544 0.020215813 0.00020215813
0.2868632 0.022442428 0.00022442428
0.287172 0.025060663 0.00025060663
0.2874808 0.019602763 0.00019602763
0.2877896 0.017959654 0.00017959654
0.2880984 0.022379504 0.00022379504
0.2884072 0.023079188 0.00023079188
0.28871599 0.022324386 0.00022324386
0.28902478 0.023191157 0.00023191157
0.28933358 0.019343124 0.00019343124
0.28964237 0.025063362 0.00025063362
0.28995115 0.02 0.0002
0.29025994 0.02533487 0.0002533487
0.29056873 0.027392529 0.00027392529
0.29087751 0.024643325 0.00024643325
0.29118629 0.026570216 0.00026570216
0.29149507 0.017654272 0.00017654272
0.29180385 0.02408925 0.0002408925
0.29211263 0.02423845 0.0002423845
0.2924214 0.022717971 0.00022717971
0.29273018 0.024759132 0.00024759132
0.29303895 0.015880127 0.00015880127
0.29334772 0.021357712 0.00021357712
0.29365649 0.026045844 0.00026045844
0.29396526 0.024026642 0.00024026642
0.29427402 0.026208496 0.00026208496
0.29458279 0.022480037 0.00022480037
0.29489155 0.023681871 0.00023681871
0.29520031 0.023570206 0.00023570206
0.29550907 0.022092649 0.00022092649
0.29581783 0.023671139 0.00023671139
0.29612659 0.025413157 0.00025413157
0.29643534 0.023358732 0.00023358732
0.2967441 0.024133566 0.00024133566
0.29705285 0.030312546 0.00030312546
0.2973616 0.023420469 0.00023420469
0.29767035 0.023918373 0.00023918373
0.29797909 0.022362385 0.00022362385
0.29828784 0.02700424 0.0002700424
0.29859658 0.025723093 0.00025723093
0.29890532 0.028437959 0.00028437959
0.29921406 0.025251385 0.00025251385
0.2995228 0.025318018 0.00025318018
0.29983154 0.028073528 0.00028073528
