0.010059664 8.7503184 0.087503184
0.010369191 8.6251246 0.086251246
0.010678719 8.5190479 0.085190479
0.010988246 8.5364377 0.085364377
0.011297773 8.5413158 0.085413158
0.0116073 8.5097722 0.085097722
0.011916828 8.4282187 0.084282187
0.012226355 8.5030747 0.085030747
0.012535882 8.5075925 0.085075925
0.012845409 8.4890464 0.084890464
0.013154936 8.4196733 0.084196733
0.013464463 8.5020537 0.085020537
0.013773989 8.5363083 0.085363083
0.014083516 8.4536633 0.084536633
0.014393043 8.4381418 0.084381418
0.014702569 8.482563 0.08482563
0.015012096 8.5182433 0.085182433
0.015321622 8.497978 0.08497978
0.015631148 8.4155409 0.084155409
0.015940675 8.4876005 0.084876005
0.016250201 8.5158533 0.085158533
0.016559727 8.5502421 0.085502421
0.016869253 8.5310281 0.085310281
0.017178779 8.4389806 0.084389806
0.017488304 8.4735334 0.084735334
0.01779783 8.5164572 0.085164572
0.018107355 8.5290287 0.085290287
0.018416881 8.5473666 0.085473666
0.018726406 8.4929211 0.084929211
0.019035932 8.5151345 0.085151345
0.019345457 8.4975573 0.084975573
0.019654982 8.4460947 0.084460947
0.019964507 8.453859 0.08453859
0.020274032 8.474651 0.08474651
0.020583556 8.4492415 0.084492415
0.020893081 8.4146862 0.084146862
0.021202605 8.426343 0.08426343
0.02151213 8.4003732 0.084003732
0.021821654 8.4404105 0.084404105
0.022131178 8.4090793 0.084090793
0.022440702 8.4957017 0.084957017
0.022750226 8.5416907 0.085416907
0.02305975 8.5593429 0.085593429
0.023369274 8.5527124 0.085527124
0.023678797 8.5423915 0.085423915
0.023988321 8.515682 0.08515682
0.024297844 8.5601007 0.085601007
0.024607367 8.5555403 0.085555403
0.02491689 8.5167523 0.085167523
0.025226413 8.5121758 0.085121758
0.025535936 8.5037308 0.085037308
0.025845458 8.4522167 0.084522167
0.026154981 8.4633483 0.084633483
0.026464503 8.389776 0.08389776
0.026774025 8.3956643 0.083956643
0.027083547 8.385736 0.08385736
0.027393069 8.3883674 0.083883674
0.027702591 8.3344154 0.083344154
0.028012112 8.3242156 0.083242156
0.028321634 8.257021 0.08257021
0.028631155 8.1789781 0.081789781
0.028940676 8.1326905 0.081326905
0.029250197 8.0966205 0.080966205
0.029559718 8.0555073 0.080555073
0.029869238 8.0477529 0.080477529
0.030178759 8.0132978 0.080132978
0.030488279 7.9879419 0.079879419
0.030797799 7.9766384 0.079766384
0.031107319 7.9376213 0.079376213
0.031416839 7.9246466 0.079246466
0.031726359 7.9218233 0.079218233
0.032035878 7.8859563 0.078859563
0.032345397 7.8592974 0.078592974
0.032654916 7.8584014 0.078584014
0.032964435 7.8031862 0.078031862
0.033273954 7.7710972 0.077710972
0.033583473 7.7934422 0.077934422
0.033892991 7.7255887 0.077255887
0.034202509 7.7134168 0.077134168
0.034512027 7.6800362 0.076800362
0.034821545 7.7028688 0.077028688
0.035131063 7.6645282 0.076645282
0.03544058 7.6560038 0.076560038
0.035750097 7.6084203 0.076084203
0.036059614 7.5784116 0.075784116
0.036369131 7.5980181 0.075980181
0.036678648 7.5549373 0.075549373
0.036988164 7.536076 0.07536076
0.03729768 7.5148237 0.075148237
0.037607196 7.5136407 0.075136407
0.037916712 7.5025937 0.075025937
0.038226228 7.5065613 0.075065613
0.038535743 7.4754466 0.074754466
0.038845259 7.4518464 0.074518464
0.039154774 7.4076828 0.074076828
0.039464288 7.3953685 0.073953685
0.039773803 7.3893814 0.073893814
0.040083317 7.3612664 0.073612664
0.040392831 7.3214799 0.073214799
0.040702345 7.3170728 0.073170728
0.041011859 7.2929168 0.072929168
0.041321372 7.2635409 0.072635409
0.041630886 7.2469708 0.072469708
0.041940399 7.2114591 0.072114591
0.042249911 7.2013837 0.072013837
0.042559424 7.1617805 0.071617805
0.042868936 7.1480645 0.071480645
0.043178448 7.1193343 0.071193343
0.04348796 7.1045501 0.071045501
0.043797472 7.0724679 0.070724679
0.044106983 7.0366736 0.070366736
0.044416494 7.0242538 0.070242538
0.044726005 7.0022616 0.070022616
0.045035516 6.9760486 0.069760486
0.045345026 6.9462114 0.069462114
0.045654536 6.9124082 0.069124082
0.045964046 6.8775864 0.068775864
0.046273556 6.8537114 0.068537114
0.046583065 6.8291672 0.068291672
0.046892575 6.8028947 0.068028947
0.047202083 6.7732876 0.067732876
0.047511592 6.7478466 0.067478466
0.0478211 6.7138395 0.067138395
0.048130609 6.7172121 0.067172121
0.048440116 6.6758823 0.066758823
0.048749624 6.6696652 0.066696652
0.049059131 6.6272482 0.066272482
0.049368638 6.5885595 0.065885595
0.049678145 6.6305779 0.066305779
0.049987652 6.5658216 0.065658216
0.050297158 6.5517077 0.065517077
0.050606664 6.5273926 0.065273926
0.05091617 6.5187482 0.065187482
0.051225675 6.4995942 0.064995942
0.05153518 6.4813365 0.064813365
0.051844685 6.4387501 0.064387501
0.05215419 6.4309087 0.064309087
0.052463694 6.4041912 0.064041912
0.052773198 6.3768238 0.063768238
0.053082702 6.3678406 0.063678406
0.053392205 6.3401335 0.063401335
0.053701708 6.3258282 0.063258282
0.054011211 6.2984468 0.062984468
0.054320713 6.2672919 0.062672919
0.054630216 6.2525014 0.062525014
0.054939718 6.2164272 0.062164272
0.055249219 6.2021438 0.062021438
0.055558721 6.165497 0.06165497
0.055868222 6.1557699 0.061557699
0.056177722 6.1477131 0.061477131
0.056487223 6.11414 0.0611414
0.056796723 6.0743684 0.060743684
0.057106223 6.0565098 0.060565098
0.057415722 6.0271299 0.060271299
0.057725221 6.0089366 0.060089366
0.05803472 5.9975114 0.059975114
0.058344219 5.9739686 0.059739686
0.058653717 5.9512799 0.059512799
0.058963215 5.8978641 0.058978641
0.059272713 5.8929044 0.058929044
0.05958221 5.8791312 0.058791312
0.059891707 5.8680352 0.058680352
0.060201203 5.8301031 0.058301031
0.0605107 5.8216823 0.058216823
0.060820196 5.8025746 0.058025746
0.061129691 5.7654686 0.057654686
0.061439187 5.7634891 0.057634891
0.061748681 5.7288343 0.057288343
0.062058176 5.7166007 0.057166007
0.06236767 5.6982031 0.056982031
0.062677164 5.6639748 0.056639748
0.062986658 5.6460534 0.056460534
0.063296151 5.6128991 0.056128991
0.063605644 5.5917769 0.055917769
0.063915137 5.5805691 0.055805691
0.064224629 5.5488629 0.055488629
0.064534121 5.5356152 0.055356152
0.064843612 5.5064386 0.055064386
0.065153103 5.4920386 0.054920386
0.065462594 5.4710617 0.054710617
0.065772085 5.4405638 0.054405638
0.066081575 5.4173871 0.054173871
0.066391064 5.4001599 0.054001599
0.066700554 5.3800716 0.053800716
0.067010043 5.3477071 0.053477071
0.067319531 5.3221165 0.053221165
0.06762902 5.310176 0.05310176
0.067938508 5.2870086 0.052870086
0.068247995 5.2593834 0.052593834
0.068557482 5.2363598 0.052363598
0.068866969 5.2148147 0.052148147
0.069176455 5.1915769 0.051915769
0.069485941 5.175422 0.05175422
0.069795427 5.1638926 0.051638926
0.070104912 5.1276922 0.051276922
0.070414397 5.107438 0.05107438
0.070723882 5.0841863 0.050841863
0.071033366 5.0651729 0.050651729
0.07134285 5.0379084 0.050379084
0.071652333 5.0155119 0.050155119
0.071961816 4.9907557 0.049907557
0.072271298 4.9680953 0.049680953
0.07258078 4.9505301 0.049505301
0.072890262 4.9320245 0.049320245
0.073199744 4.9093501 0.049093501
0.073509225 4.8906984 0.048906984
0.073818705 4.8692458 0.048692458
0.074128185 4.8447563 0.048447563
0.074437665 4.8153246 0.048153246
0.074747144 4.8053606 0.048053606
0.075056623 4.7747236 0.047747236
0.075366102 4.757707 0.04757707
0.07567558 4.7349592 0.047349592
0.075985058 4.7173818 0.047173818
0.076294535 4.6946799 0.046946799
0.076604012 4.6699738 0.046699738
0.076913488 4.6436929 0.046436929
0.077222964 4.6349712 0.046349712
0.07753244 4.5974718 0.045974718
0.077841915 4.5818826 0.045818826
0.07815139 4.5532949 0.045532949
0.078460864 4.5448054 0.045448054
0.078770338 4.517392 0.04517392
0.079079812 4.5030188 0.045030188
0.079389285 4.4801053 0.044801053
0.079698757 4.4587596 0.044587596
0.080008229 4.4452195 0.044452195
0.080317701 4.4232218 0.044232218
0.080627172 4.3973702 0.043973702
0.080936643 4.3778663 0.043778663
0.081246114 4.3488378 0.043488378
0.081555584 4.3322972 0.043322972
0.081865053 4.3147384 0.043147384
0.082174522 4.2926803 0.042926803
0.082483991 4.2780036 0.042780036
0.082793459 4.2480576 0.042480576
0.083102927 4.2369308 0.042369308
0.083412394 4.2069658 0.042069658
0.083721861 4.1906668 0.041906668
0.084031327 4.1643928 0.041643928
0.084340793 4.1501852 0.041501852
0.084650259 4.1260029 0.041260029
0.084959724 4.1066884 0.041066884
0.085269188 4.0875735 0.040875735
0.085578652 4.0715948 0.040715948
0.085888116 4.0468978 0.040468978
0.086197579 4.0318612 0.040318612
0.086507042 4.0057895 0.040057895
0.086816504 3.9948772 0.039948772
0.087125966 3.9684575 0.039684575
0.087435427 3.9488431 0.039488431
0.087744888 3.9278401 0.039278401
0.088054348 3.9093093 0.039093093
0.088363808 3.8844245 0.038844245
0.088673267 3.8762105 0.038762105
0.088982726 3.8512546 0.038512546
0.089292184 3.834805 0.03834805
0.089601642 3.8202063 0.038202063
0.089911099 3.7982318 0.037982318
0.090220556 3.7828706 0.037828706
0.090530013 3.7587677 0.037587677
0.090839469 3.7421313 0.037421313
0.091148924 3.717248 0.03717248
0.091458379 3.7032377 0.037032377
0.091767833 3.6847683 0.036847683
0.092077287 3.6654708 0.036654708
0.092386741 3.6481223 0.036481223
0.092696194 3.6256761 0.036256761
0.093005646 3.6127467 0.036127467
0.093315098 3.5875212 0.035875212
0.093624549 3.5694445 0.035694445
0.093934 3.5515841 0.035515841
0.09424345 3.5366979 0.035366979
0.0945529 3.5124807 0.035124807
0.09486235 3.4939761 0.034939761
0.095171798 3.4788986 0.034788986
0.095481247 3.4543076 0.034543076
0.095790694 3.437049 0.03437049
0.096100142 3.4193918 0.034193918
0.096409588 3.4056122 0.034056122
0.096719035 3.385036 0.03385036
0.09702848 3.3685979 0.033685979
0.097337925 3.3502693 0.033502693
0.09764737 3.3390137 0.033390137
0.097956814 3.3151395 0.033151395
0.098266257 3.2948637 0.032948637
0.0985757 3.2847078 0.032847078
0.098885143 3.2591941 0.032591941
0.099194585 3.2437822 0.032437822
0.099504026 3.2172988 0.032172988
0.099813467 3.2079083 0.032079083
0.10012291 3.1895279 0.031895279
0.10043235 3.1754383 0.031754383
0.10074179 3.1512956 0.031512956
0.10105122 3.136912 0.03136912
0.10136066 3.1161253 0.031161253
0.1016701 3.1034445 0.031034445
0.10197954 3.0902293 0.030902293
0.10228897 3.0661945 0.030661945
0.10259841 3.0525704 0.030525704
0.10290785 3.0333889 0.030333889
0.10321728 3.0262638 0.030262638
0.10352671 3.0054766 0.030054766
0.10383615 2.9879278 0.029879278
0.10414558 2.9666163 0.029666163
0.10445501 2.9532463 0.029532463
0.10476445 2.9305553 0.029305553
0.10507388 2.9226985 0.029226985
0.10538331 2.9042478 0.029042478
0.10569274 2.8853457 0.028853457
0.10600217 2.8721829 0.028721829
0.1063116 2.8543504 0.028543504
0.10662102 2.8381 0.028381
0.10693045 2.818704 0.02818704
0.10723988 2.8007639 0.028007639
0.10754931 2.7848815 0.027848815
0.10785873 2.7708388 0.027708388
0.10816816 2.7518696 0.027518696
0.10847758 2.7392699 0.027392699
0.10878701 2.7246264 0.027246264
0.10909643 2.7091602 0.027091602
0.10940585 2.6920281 0.026920281
0.10971528 2.6796345 0.026796345
0.1100247 2.6602788 0.026602788
0.11033412 2.642367 0.02642367
0.11064354 2.6305847 0.026305847
0.11095296 2.617201 0.02617201
0.11126238 2.5996724 0.025996724
0.1115718 2.5885024 0.025885024
0.11188122 2.566154 0.02566154
0.11219064 2.5493179 0.025493179
0.11250005 2.5335344 0.025335344
0.11280947 2.5180927 0.025180927
0.11311889 2.5051422 0.025051422
0.1134283 2.4915536 0.024915536
0.11373772 2.4791256 0.024791256
0.11404713 2.4559864 0.024559864
0.11435654 2.4523613 0.024523613
0.11466596 2.4345028 0.024345028
0.11497537 2.4220342 0.024220342
0.11528478 2.3986836 0.023986836
0.11559419 2.3945146 0.023945146
0.1159036 2.3737278 0.023737278
0.11621301 2.3633183 0.023633183
0.11652242 2.3470487 0.023470487
0.11683183 2.3347689 0.023347689
0.11714124 2.3137884 0.023137884
0.11745064 2.301436 0.02301436
0.11776005 2.2879245 0.022879245
0.11806945 2.2784612 0.022784612
0.11837886 2.2631187 0.022631187
0.11868826 2.2491004 0.022491004
0.11899767 2.2344879 0.022344879
0.11930707 2.2240326 0.022240326
0.11961647 2.2063699 0.022063699
0.11992588 2.1919815 0.021919815
0.12023528 2.1800645 0.021800645
0.12054468 2.1601102 0.021601102
0.12085408 2.1534693 0.021534693
0.12116348 2.1396068 0.021396068
0.12147288 2.1205128 0.021205128
0.12178227 2.1097378 0.021097378
0.12209167 2.0957685 0.020957685
0.12240107 2.0848914 0.020848914
0.12271046 2.0720539 0.020720539
0.12301986 2.0578724 0.020578724
0.12332925 2.0488436 0.020488436
0.12363865 2.0352264 0.020352264
0.12394804 2.0191999 0.020191999
0.12425743 2.0132458 0.020132458
0.12456683 1.9888273 0.019888273
0.12487622 1.9833504 0.019833504
0.12518561 1.9688256 0.019688256
0.125495 1.9565144 0.019565144
0.12580439 1.9470181 0.019470181
0.12611377 1.9298213 0.019298213
0.12642316 1.9168177 0.019168177
0.12673255 1.9071057 0.019071057
0.12704194 1.8892425 0.018892425
0.12735132 1.8798803 0.018798803
0.12766071 1.8672696 0.018672696
0.12797009 1.8581032 0.018581032
0.12827947 1.843704 0.01843704
0.12858886 1.8335777 0.018335777
0.12889824 1.8216471 0.018216471
0.12920762 1.8097065 0.018097065
0.129517 1.7980003 0.017980003
0.12982638 1.786491 0.01786491
0.13013576 1.7721845 0.017721845
0.13044514 1.762408 0.01762408
0.13075452 1.7512633 0.017512633
0.1310639 1.7416993 0.017416993
0.13137327 1.7277116 0.017277116
0.13168265 1.7148248 0.017148248
0.13199202 1.7061048 0.017061048
0.1323014 1.6925573 0.016925573
0.13261077 1.6857889 0.016857889
0.13292015 1.6693172 0.016693172
0.13322952 1.6590761 0.016590761
0.13353889 1.6477928 0.016477928
0.13384826 1.6362449 0.016362449
0.13415763 1.6202948 0.016202948
0.134467 1.6122622 0.016122622
0.13477637 1.6031028 0.016031028
0.13508574 1.5929386 0.015929386
0.1353951 1.583454 0.01583454
0.13570447 1.5719341 0.015719341
0.13601383 1.5561337 0.015561337
0.1363232 1.5475563 0.015475563
0.13663256 1.5367223 0.015367223
0.13694193 1.5280365 0.015280365
0.13725129 1.5178017 0.015178017
0.13756065 1.5084698 0.015084698
0.13787001 1.4989573 0.014989573
0.13817937 1.488774 0.01488774
0.13848873 1.4767532 0.014767532
0.13879809 1.4669601 0.014669601
0.13910745 1.4554485 0.014554485
0.13941681 1.4472129 0.014472129
0.13972616 1.4362447 0.014362447
0.14003552 1.4270324 0.014270324
0.14034488 1.4134709 0.014134709
0.14065423 1.4055345 0.014055345
0.14096358 1.3974447 0.013974447
0.14127294 1.3855476 0.013855476
0.14158229 1.3755193 0.013755193
0.14189164 1.3658134 0.013658134
0.14220099 1.3524232 0.013524232
0.14251034 1.3472199 0.013472199
0.14281969 1.3357449 0.013357449
0.14312904 1.3315836 0.013315836
0.14343838 1.3177553 0.013177553
0.14374773 1.3069198 0.013069198
0.14405708 1.2970772 0.012970772
0.14436642 1.2913628 0.012913628
0.14467577 1.2815293 0.012815293
0.14498511 1.2704773 0.012704773
0.14529445 1.2612827 0.012612827
0.14560379 1.2536025 0.012536025
0.14591314 1.2406529 0.012406529
0.14622248 1.2352721 0.012352721
0.14653182 1.2247834 0.012247834
0.14684115 1.2142614 0.012142614
0.14715049 1.2054924 0.012054924
0.14745983 1.1992091 0.011992091
0.14776917 1.1895143 0.011895143
0.1480785 1.1801393 0.011801393
0.14838784 1.1756297 0.011756297
0.14869717 1.1656988 0.011656988
0.1490065 1.1563978 0.011563978
0.14931583 1.1474142 0.011474142
0.14962517 1.1380871 0.011380871
0.1499345 1.1286998 0.011286998
0.15024383 1.125868 0.01125868
0.15055316 1.1132875 0.011132875
0.15086248 1.1076155 0.011076155
0.15117181 1.0973695 0.010973695
0.15148114 1.086691 0.01086691
0.15179046 1.0805728 0.010805728
0.15209979 1.0684563 0.010684563
0.15240911 1.0653273 0.010653273
0.15271844 1.0559372 0.010559372
0.15302776 1.0469407 0.010469407
0.15333708 1.0351142 0.010351142
0.1536464 1.0314279 0.010314279
0.15395572 1.0189677 0.010189677
0.15426504 1.0132412 0.010132412
0.15457436 1.0089498 0.010089498
0.15488367 0.99926957 0.0099926957
0.15519299 0.9937786 0.009937786
0.15550231 0.98310942 0.0098310942
0.15581162 0.97847526 0.0097847526
0.15612093 0.96553627 0.0096553627
0.15643025 0.95984879 0.0095984879
0.15673956 0.94846558 0.0094846558
0.15704887 0.94257679 0.0094257679
0.15735818 0.93518527 0.0093518527
0.15766749 0.92580251 0.0092580251
0.1579768 0.92434515 0.0092434515
0.15828611 0.9158256 0.009158256
0.15859542 0.90624374 0.0090624374
0.15890472 0.89981591 0.0089981591
0.15921403 0.89611741 0.0089611741
0.15952333 0.88567172 0.0088567172
0.15983264 0.87790554 0.0087790554
0.16014194 0.86921281 0.0086921281
0.16045124 0.86226235 0.0086226235
0.16076054 0.85714529 0.0085714529
0.16106984 0.85008259 0.0085008259
0.16137914 0.84045711 0.0084045711
0.16168844 0.83908432 0.0083908432
0.16199774 0.83110997 0.0083110997
0.16230703 0.82335912 0.0082335912
0.16261633 0.81622666 0.0081622666
0.16292562 0.80768555 0.0080768555
0.16323492 0.80423773 0.0080423773
0.16354421 0.79723177 0.0079723177
0.1638535 0.7869845 0.007869845
0.16416279 0.78511565 0.0078511565
0.16447208 0.7758936 0.007758936
0.16478137 0.76915447 0.0076915447
0.16509066 0.76128332 0.0076128332
0.16539995 0.75952434 0.0075952434
0.16570924 0.75156156 0.0075156156
0.16601852 0.7446421 0.007446421
0.16632781 0.73830066 0.0073830066
0.16663709 0.7320338 0.007320338
0.16694637 0.72483607 0.0072483607
0.16725566 0.71975972 0.0071975972
0.16756494 0.71516424 0.0071516424
0.16787422 0.71216817 0.0071216817
0.1681835 0.70103419 0.0070103419
0.16849278 0.69471429 0.0069471429
0.16880205 0.69227843 0.0069227843
0.16911133 0.68292607 0.0068292607
0.16942061 0.67941348 0.0067941348
0.16972988 0.67223606 0.0067223606
0.17003916 0.66770244 0.0066770244
0.17034843 0.65754281 0.0065754281
0.1706577 0.6529574 0.006529574
0.17096697 0.64676707 0.0064676707
0.17127624 0.6402174 0.006402174
0.17158551 0.63761201 0.0063761201
0.17189478 0.62952942 0.0062952942
0.17220405 0.62803201 0.0062803201
0.17251331 0.62086177 0.0062086177
0.17282258 0.61367117 0.0061367117
0.17313184 0.60954115 0.0060954115
0.17344111 0.60332661 0.0060332661
0.17375037 0.60025107 0.0060025107
0.17405963 0.59266727 0.0059266727
0.17436889 0.58910053 0.0058910053
0.17467815 0.58222394 0.0058222394
0.17498741 0.58098103 0.0058098103
0.17529667 0.57441043 0.0057441043
0.17560593 0.56556479 0.0056556479
0.17591518 0.56411409 0.0056411409
0.17622444 0.5590936 0.005590936
0.17653369 0.55471463 0.0055471463
0.17684295 0.54692787 0.0054692787
0.1771522 0.54127706 0.0054127706
0.17746145 0.53595498 0.0053595498
0.1777707 0.53256971 0.0053256971
0.17807995 0.52520637 0.0052520637
0.1783892 0.52179384 0.0052179384
0.17869844 0.5195873 0.005195873
0.17900769 0.51078689 0.0051078689
0.17931694 0.50881224 0.0050881224
0.17962618 0.49977047 0.0049977047
0.17993542 0.49747123 0.0049747123
0.18024467 0.4942553 0.004942553
0.18055391 0.48863616 0.0048863616
0.18086315 0.4837513 0.004837513
0.18117239 0.48104122 0.0048104122
0.18148163 0.47629474 0.0047629474
0.18179086 0.46805576 0.0046805576
0.1821001 0.46578468 0.0046578468
0.18240934 0.45970873 0.0045970873
0.18271857 0.45390849 0.0045390849
0.1830278 0.44865459 0.0044865459
0.18333704 0.44546927 0.0044546927
0.18364627 0.44331089 0.0044331089
0.1839555 0.4382075 0.004382075
0.18426473 0.43283919 0.0043283919
0.18457396 0.42983263 0.0042983263
0.18488318 0.42896965 0.0042896965
0.18519241 0.42135447 0.0042135447
0.18550164 0.41534539 0.0041534539
0.18581086 0.41475038 0.0041475038
0.18612009 0.40845789 0.0040845789
0.18642931 0.40273232 0.0040273232
0.18673853 0.39854586 0.0039854586
0.18704775 0.39612754 0.0039612754
0.18735697 0.3946751 0.003946751
0.18766619 0.39069963 0.0039069963
0.1879754 0.38452463 0.0038452463
0.18828462 0.38078761 0.0038078761
0.18859384 0.37886505 0.0037886505
0.18890305 0.37320527 0.0037320527
0.18921226 0.36832818 0.0036832818
0.18952148 0.3661217 0.003661217
0.18983069 0.36157296 0.0036157296
0.1901399 0.35641719 0.0035641719
0.19044911 0.35397794 0.0035397794
0.19075832 0.34808457 0.0034808457
0.19106752 0.34656322 0.0034656322
0.19137673 0.34390502 0.0034390502
0.19168593 0.34100723 0.0034100723
0.19199514 0.33728299 0.0033728299
0.19230434 0.33130072 0.0033130072
0.19261354 0.32681642 0.0032681642
0.19292274 0.32656616 0.0032656616
0.19323194 0.3208977 0.003208977
0.19354114 0.31745638 0.0031745638
0.19385034 0.3146939 0.003146939
0.19415954 0.30895397 0.0030895397
0.19446873 0.31021153 0.0031021153
0.19477793 0.30398832 0.0030398832
0.19508712 0.29971499 0.0029971499
0.19539631 0.29647214 0.0029647214
0.1957055 0.29683058 0.0029683058
0.19601469 0.28677075 0.0028677075
0.19632388 0.29022507 0.0029022507
0.19663307 0.27920166 0.0027920166
0.19694226 0.28480879 0.0028480879
0.19725144 0.27895409 0.0027895409
0.19756063 0.275697 0.00275697
0.19786981 0.27329718 0.0027329718
0.19817899 0.26931037 0.0026931037
0.19848818 0.26845013 0.0026845013
0.19879736 0.25987492 0.0025987492
0.19910654 0.25886049 0.0025886049
0.19941572 0.25550815 0.0025550815
0.19972489 0.25336474 0.0025336474
0.20003407 0.24981677 0.0024981677
0.20034324 0.24658901 0.0024658901
0.20065242 0.24245997 0.0024245997
0.20096159 0.2398804 0.002398804
0.20127076 0.24104974 0.0024104974
0.20157993 0.23725573 0.0023725573
0.2018891 0.2310789 0.002310789
0.20219827 0.22915547 0.0022915547
0.20250744 0.22679332 0.0022679332
0.20281661 0.22621235 0.0022621235
0.20312577 0.22311055 0.0022311055
0.20343493 0.22143876 0.0022143876
0.2037441 0.21671261 0.0021671261
0.20405326 0.2123346 0.002123346
0.20436242 0.21123336 0.0021123336
0.20467158 0.21011592 0.0021011592
0.20498074 0.20548995 0.0020548995
0.2052899 0.20454914 0.0020454914
0.20559905 0.20078668 0.0020078668
0.20590821 0.20144369 0.0020144369
0.20621736 0.20080615 0.0020080615
0.20652651 0.1924764 0.001924764
0.20683567 0.19301556 0.0019301556
0.20714482 0.18828694 0.0018828694
0.20745397 0.1871599 0.001871599
0.20776312 0.1841747 0.001841747
0.20807226 0.1829083 0.001829083
0.20838141 0.17780041 0.0017780041
0.20869055 0.17382786 0.0017382786
0.2089997 0.17441257 0.0017441257
0.20930884 0.1721771 0.001721771
0.20961798 0.1702755 0.001702755
0.20992712 0.17032435 0.0017032435
0.21023626 0.16690382 0.0016690382
0.2105454 0.16430727 0.0016430727
0.21085454 0.16064364 0.0016064364
0.21116367 0.15801906 0.0015801906
0.21147281 0.15840066 0.0015840066
0.21178194 0.1580884 0.001580884
0.21209107 0.15355643 0.0015355643
0.21240021 0.1495603 0.001495603
0.21270934 0.14918473 0.0014918473
0.21301846 0.14897272 0.0014897272
0.21332759 0.14465608 0.0014465608
0.21363672 0.14388433 0.0014388433
0.21394584 0.14322242 0.0014322242
0.21425497 0.14071814 0.0014071814
0.21456409 0.13981098 0.0013981098
0.21487321 0.13631579 0.0013631579
0.21518234 0.135299 0.00135299
0.21549145 0.13497797 0.0013497797
0.21580057 0.12788126 0.0012788126
0.21610969 0.13185842 0.0013185842
0.21641881 0.12401244 0.0012401244
0.21672792 0.12438735 0.0012438735
0.21703704 0.12401751 0.0012401751
0.21734615 0.12370877 0.0012370877
0.21765526 0.11896335 0.0011896335
0.21796437 0.11885287 0.0011885287
0.21827348 0.11657021 0.0011657021
0.21858259 0.11409558 0.0011409558
0.21889169 0.11472167 0.0011472167
0.2192008 0.11230804 0.0011230804
0.2195099 0.1089142 0.001089142
0.21981901 0.10648403 0.0010648403
0.22012811 0.10750777 0.0010750777
0.22043721 0.10462998 0.0010462998
0.22074631 0.10292193 0.0010292193
0.22105541 0.10044851 0.0010044851
0.2213645 0.10134574 0.0010134574
0.2216736 0.099780732 0.00099780732
0.22198269 0.095868219 0.00095868219
0.22229179 0.096518622 0.00096518622
0.22260088 0.097487279 0.00097487279
0.22290997 0.096089108 0.00096089108
0.22321906 0.09300152 0.0009300152
0.22352815 0.090926686 0.00090926686
0.22383724 0.0908152 0.000908152
0.22414632 0.090072135 0.00090072135
0.22445541 0.085985276 0.00085985276
0.22476449 0.085077659 0.00085077659
0.22507357 0.082554212 0.00082554212
0.22538265 0.081723547 0.00081723547
0.22569174 0.081862489 0.00081862489
0.22600081 0.080300116 0.00080300116
0.22630989 0.079911941 0.00079911941
0.22661897 0.077490433 0.00077490433
0.22692804 0.075462931 0.00075462931
0.22723712 0.075583304 0.00075583304
0.22754619 0.074415003 0.00074415003
0.22785526 0.072219197 0.00072219197
0.22816433 0.072999255 0.00072999255
0.2284734 0.07275873 0.0007275873
0.22878247 0.069074421 0.00069074421
0.22909153 0.068694148 0.00068694148
0.2294006 0.066818298 0.00066818298
0.22970966 0.064848696 0.00064848696
0.23001873 0.067758322 0.00067758322
0.23032779 0.063649237 0.00063649237
0.23063685 0.063149096 0.00063149096
0.23094591 0.061697178 0.00061697178
0.23125496 0.060663458 0.00060663458
0.23156402 0.060728916 0.00060728916
0.23187308 0.05956682 0.0005956682
0.23218213 0.057421819 0.00057421819
0.23249118 0.054822165 0.00054822165
0.23280023 0.055692465 0.00055692465
0.23310928 0.055486028 0.00055486028
0.23341833 0.053502982 0.00053502982
0.23372738 0.052077659 0.00052077659
0.23403643 0.051749854 0.00051749854
0.23434547 0.05183253 0.0005183253
0.23465451 0.053713719 0.00053713719
0.23496356 0.04910783 0.0004910783
0.2352726 0.045279907 0.00045279907
0.23558164 0.046361111 0.00046361111
0.23589068 0.048114521 0.00048114521
0.23619971 0.046876295 0.00046876295
0.23650875 0.043487348 0.00043487348
0.23681778 0.043602228 0.00043602228
0.23712682 0.042478921 0.00042478921
0.23743585 0.042736094 0.00042736094
0.23774488 0.041566167 0.00041566167
0.23805391 0.038607728 0.00038607728
0.23836294 0.037842033 0.00037842033
0.23867197 0.038574541 0.00038574541
0.23898099 0.040641119 0.00040641119
0.23929002 0.037118118 0.00037118118
0.23959904 0.034383178 0.00034383178
0.23990806 0.035479564 0.00035479564
0.24021708 0.037684106 0.00037684106
0.2405261 0.036990062 0.00036990062
0.24083512 0.034750529 0.00034750529
0.24114413 0.033205569 0.00033205569
0.24145315 0.03098967 0.0003098967
0.24176216 0.033138264 0.00033138264
0.24207118 0.034562292 0.00034562292
0.24238019 0.029023518 0.00029023518
0.2426892 0.031231033 0.00031231033
0.24299821 0.030545345 0.00030545345
0.24330721 0.031065776 0.00031065776
0.24361622 0.029978204 0.00029978204
0.24392522 0.029136212 0.00029136212
0.24423423 0.027443238 0.00027443238
0.24454323 0.027883136 0.00027883136
0.24485223 0.02924379 0.0002924379
0.24516123 0.026876253 0.00026876253
0.24547023 0.027004967 0.00027004967
0.24577922 0.028577553 0.00028577553
0.24608822 0.028216117 0.00028216117
0.24639721 0.027091344 0.00027091344
0.24670621 0.023339753 0.00023339753
0.2470152 0.024266727 0.00024266727
0.24732419 0.028052907 0.00028052907
0.24763318 0.02660206 0.0002660206
0.24794216 0.022936293 0.00022936293
0.24825115 0.021152533 0.00021152533
0.24856013 0.021185404 0.00021185404
0.24886912 0.019682979 0.00019682979
0.2491781 0.02193101 0.0002193101
0.24948708 0.023406571 0.00023406571
0.24979606 0.022202857 0.00022202857
0.25010504 0.022970703 0.00022970703
0.25041401 0.021019448 0.00021019448
0.25072299 0.020358299 0.00020358299
0.25103196 0.022043648 0.00022043648
0.25134093 0.020059276 0.00020059276
0.2516499 0.022274777 0.00022274777
0.25195887 0.020070502 0.00020070502
0.25226784 0.02248125 0.0002248125
0.25257681 0.019081331 0.00019081331
0.25288577 0.020363572 0.00020363572
0.25319474 0.020311092 0.00020311092
0.2535037 0.016774481 0.00016774481
0.25381266 0.017469864 0.00017469864
0.25412162 0.01700775 0.0001700775
0.25443058 0.011280223 0.00011280223
0.25473954 0.018399791 0.00018399791
0.25504849 0.015487891 0.00015487891
0.25535745 0.016131953 0.00016131953
0.2556664 0.014909143 0.00014909143
0.25597535 0.018747501 0.00018747501
0.2562843 0.016684145 0.00016684145
0.25659325 0.015287809 0.00015287809
0.2569022 0.01573742 0.0001573742
0.25721115 0.015851603 0.00015851603
0.25752009 0.015511638 0.00015511638
0.25782903 0.014813933 0.00014813933
0.25813798 0.014430502 0.00014430502
0.25844692 0.013577696 0.00013577696
0.25875585 0.013171971 0.00013171971
0.25906479 0.017785398 0.00017785398
0.25937373 0.012445163 0.00012445163
0.25968266 0.013509403 0.00013509403
0.2599916 0.015951868 0.00015951868
0.26030053 0.012913402 0.00012913402
0.26060946 0.01798225 0.0001798225
0.26091839 0.014152568 0.00014152568
0.26122732 0.014832226 0.00014832226
0.26153624 0.014710568 0.00014710568
0.26184517 0.014578755 0.00014578755
0.26215409 0.013597399 0.00013597399
0.26246301 0.012338837 0.00012338837
0.26277193 0.012462556 0.00012462556
0.26308085 0.012457802 0.00012457802
0.26338977 0.013751334 0.00013751334
0.26369869 0.011369387 0.00011369387
0.2640076 0.016203217 0.00016203217
0.26431651 0.010239389 0.00010239389
0.26462543 0.014647054 0.00014647054
0.26493434 0.011835952 0.00011835952
0.26524325 0.013765024 0.00013765024
0.26555215 0.010576342 0.00010576342
0.26586106 0.010708023 0.00010708023
0.26616996 0.014419508 0.00014419508
0.26647887 0.012802233 0.00012802233
0.26678777 0.012860924 0.00012860924
0.26709667 0.010070865 0.00010070865
0.26740557 0.012825646 0.00012825646
0.26771447 0.010966182 0.00010966182
0.26802336 0.010623644 0.00010623644
0.26833226 0.015644658 0.00015644658
0.26864115 0.01364578 0.0001364578
0.26895004 0.010762107 0.00010762107
0.26925893 0.012586796 0.00012586796
0.26956782 0.011501571 0.00011501571
0.26987671 0.011721997 0.00011721997
0.27018559 0.010425267 0.00010425267
0.27049448 0.010538846 0.00010538846
0.27080336 0.012207922 0.00012207922
0.27111224 0.014162961 0.00014162961
0.27142112 0.0083719346 8.3719346e-05
0.27173 0.0065982016 6.5982016e-05
0.27203888 0.010106649 0.00010106649
0.27234775 0.013749564 0.00013749564
0.27265663 0.010760646 0.00010760646
0.2729655 0.013757281 0.00013757281
0.27327437 0.011077055 0.00011077055
0.27358324 0.011464773 0.00011464773
0.27389211 0.0094646182 9.4646182e-05
0.27420098 0.012389457 0.00012389457
0.27450984 0.013054497 0.00013054497
0.2748187 0.01281592 0.0001281592
0.27512757 0.0069233205 6.9233205e-05
0.27543643 0.012986194 0.00012986194
0.27574529 0.014338149 0.00014338149
0.27605414 0.011781313 0.00011781313
0.276363 0.016394508 0.00016394508
0.27667185 0.011770339 0.00011770339
0.27698071 0.010883243 0.00010883243
0.27728956 0.011703521 0.00011703521
0.27759841 0.013893883 0.00013893883
0.27790726 0.010431679 0.00010431679
0.2782161 0.012575663 0.00012575663
0.27852495 0.013385153 0.00013385153
0.27883379 0.015489042 0.00015489042
0.27914264 0.01345366 0.0001345366
0.27945148 0.010542714 0.00010542714
0.27976032 0.014143176 0.00014143176
0.28006915 0.015229341 0.00015229341
0.28037799 0.012432195 0.00012432195
0.28068683 0.01253081 0.0001253081
0.28099566 0.013664246 0.00013664246
0.28130449 0.012577742 0.00012577742
0.28161332 0.0095952334 9.5952334e-05
0.28192215 0.012750641 0.00012750641
0.28223098 0.014867808 0.00014867808
0.2825398 0.017516476 0.00017516476
0.28284863 0.012331501 0.00012331501
0.28315745 0.015452584 0.00015452584
0.28346627 0.015837075 0.00015837075
0.28377509 0.018063409 0.00018063409
0.28408391 0.014608111 0.00014608111
0.28439272 0.018239959 0.00018239959
0.28470154 0.014335152 0.00014335152
0.28501035 0.014819106 0.00014819106
0.28531916 0.015569269 0.00015569269
0.28562797 0.014149307 0.00014149307
0.28593678 0.014893153 0.00014893153
0.28624559 0.014670172 0.00014670172
0.2865544 0.014513002 0.00014513002
0.2868632 0.014885829 0.00014885829
0.287172 0.017324663 0.00017324663
0.2874808 0.015110958 0.00015110958
0.2877896 0.011534991 0.00011534991
0.2880984 0.016811759 0.00016811759
0.2884072 0.020174013 0.00020174013
0.28871599 0.011934354 0.00011934354
0.28902478 0.016910721 0.00016910721
0.28933358 0.017791561 0.00017791561
0.28964237 0.013079332 0.00013079332
0.28995115 0.014897348 0.00014897348
0.29025994 0.016608478 0.00016608478
0.29056873 0.01804375 0.0001804375
0.29087751 0.012362073 0.00012362073
0.29118629 0.018852022 0.00018852022
0.29149507 0.01532546 0.0001532546
0.29180385 0.017755672 0.00017755672
0.29211263 0.017429795 0.00017429795
0.2924214 0.014886703 0.00014886703
0.29273018 0.019863477 0.00019863477
0.29303895 0.019645272 0.00019645272
0.29334772 0.020096207 0.00020096207
0.29365649 0.018586997 0.00018586997
0.29396526 0.020572143 0.00020572143
0.29427402 0.018425159 0.00018425159
0.29458279 0.016658411 0.00016658411
0.29489155 0.017977669 0.00017977669
0.29520031 0.01935131 0.0001935131
0.29550907 0.020524099 0.00020524099
0.29581783 0.020279585 0.00020279585
0.29612659 0.016402789 0.00016402789
0.29643534 0.0173996 0.000173996
0.2967441 0.019212758 0.00019212758
0.29705285 0.018135514 0.00018135514
0.2973616 0.017968997 0.00017968997
0.29767035 0.022809057 0.00022809057
0.29797909 0.019750157 0.00019750157
0.29828784 0.019642405 0.00019642405
0.29859658 0.020126091 0.00020126091
0.29890532 0.016518917 0.00016518917
0.29921406 0.019359902 0.00019359902
0.2995228 0.019692786 0.00019692786
0.29983154 0.018084756 0.00018084756
