0.010027023 4.6061839 0.046061839
0.010059664 4.5863272 0.045863272
0.010268595 4.4612821 0.044612821
0.010369191 4.4035756 0.044035756
0.010515988 4.3486531 0.043486531
0.010678719 4.2898921 0.042898921
0.010769341 4.2537077 0.042537077
0.010988246 4.1652786 0.041652786
0.011028797 4.1467464 0.041467464
0.011294505 4.0255168 0.040255168
0.011297773 4.0239925 0.040239925
0.011566613 3.8879965 0.038879965
0.0116073 3.8682191 0.038682191
0.011845278 3.7778381 0.037778381
0.011916828 3.7532506 0.037532506
0.012130656 3.7255568 0.037255568
0.012226355 3.7122073 0.037122073
0.01242291 3.6529659 0.036529659
0.012535882 3.6196627 0.036196627
0.012722205 3.5887949 0.035887949
0.012845409 3.5666809 0.035666809
0.01302871 3.4928027 0.034928027
0.013154936 3.4432177 0.034432177
0.0133426 3.4099198 0.034099198
0.013464463 3.3897416 0.033897416
0.013664051 3.3466121 0.033466121
0.013773989 3.3218558 0.033218558
0.013993248 3.2569825 0.032569825
0.014083516 3.2333164 0.032333164
0.014330375 3.2454389 0.032454389
0.014393043 3.2457821 0.032457821
0.014675625 3.1280242 0.031280242
0.014702569 3.117404 0.03117404
0.015012096 3.0633719 0.030633719
0.015029192 3.0605087 0.030605087
0.015321622 3.013797 0.03013797
0.015391278 3.0060257 0.030060257
0.015631148 2.9797113 0.029797113
0.015762087 2.9479571 0.029479571
0.015940675 2.9027522 0.029027522
0.01614183 2.8614271 0.028614271
0.016250201 2.8413185 0.028413185
0.016530721 2.8214929 0.028214929
0.016559727 2.8192165 0.028192165
0.016869253 2.7680078 0.027680078
0.016928982 2.762091 0.02762091
0.017178779 2.739758 0.02739758
0.017336837 2.7245675 0.027245675
0.017488304 2.7101289 0.027101289
0.017754519 2.6842113 0.026842113
0.01779783 2.6797952 0.026797952
0.018107355 2.6286066 0.026286066
0.018182263 2.6281038 0.026281038
0.018416881 2.6280671 0.026280671
0.018620313 2.5897325 0.025897325
0.018726406 2.5692862 0.025692862
0.019035932 2.5381456 0.025381456
0.019068917 2.5345235 0.025345235
0.019345457 2.5061504 0.025061504
0.019528328 2.4972205 0.024972205
0.019654982 2.4908185 0.024908185
0.019964507 2.4580547 0.024580547
0.019998807 2.4559441 0.024559441
0.020274032 2.4392389 0.024392389
0.020480622 2.4109733 0.024109733
0.020583556 2.3971617 0.023971617
0.020893081 2.3816184 0.023816184
0.020974044 2.373988 0.02373988
0.021202605 2.3518728 0.023518728
0.021479354 2.3255748 0.023255748
0.02151213 2.3227633 0.023227633
0.021821654 2.3155604 0.023155604
0.021996838 2.3024648 0.023024648
0.022131178 2.292344 0.02292344
0.022440702 2.2829789 0.022829789
0.022526789 2.2772699 0.022772699
0.022750226 2.2604501 0.022604501
0.02305975 2.216978 0.02216978
0.023069508 2.2166758 0.022166758
0.023369274 2.2108362 0.022108362
0.023625302 2.2001985 0.022001985
0.023678797 2.1975247 0.021975247
0.023988321 2.164131 0.02164131
0.024194486 2.1467393 0.021467393
0.024297844 2.1384625 0.021384625
0.024607367 2.1165779 0.021165779
0.024777383 2.1083462 0.021083462
0.02491689 2.1021199 0.021021199
0.025226413 2.0910149 0.020910149
0.025374324 2.083393 0.02083393
0.025535936 2.0744651 0.020744651
0.025845458 2.048546 0.02048546
0.025985646 2.0431536 0.020431536
0.026154981 2.0379626 0.020379626
0.026464503 2.047467 0.02047467
0.026611696 2.0341108 0.020341108
0.026774025 2.0184379 0.020184379
0.027083547 1.9957498 0.019957498
0.027252829 1.9967061 0.019967061
0.027393069 1.9977625 0.019977625
0.027702591 1.9750556 0.019750556
0.027909409 1.9667543 0.019667543
0.028012112 1.9627724 0.019627724
0.028321634 1.9450355 0.019450355
0.028581806 1.9453167 0.019453167
0.028631155 1.9451546 0.019451546
0.028940676 1.9364394 0.019364394
0.029250197 1.8992754 0.018992754
0.029270403 1.8992891 0.018992891
0.029559718 1.9012792 0.019012792
0.029869238 1.8807909 0.018807909
0.02997559 1.8803817 0.018803817
0.030178759 1.8796616 0.018796616
0.030488279 1.8591603 0.018591603
0.030697767 1.860602 0.01860602
0.030797799 1.8611221 0.018611221
0.031107319 1.8610766 0.018610766
0.031416839 1.8318137 0.018318137
0.031437342 1.8318096 0.018318096
0.031726359 1.8321607 0.018321607
0.032035878 1.8157194 0.018157194
0.032194735 1.8071521 0.018071521
0.032345397 1.798984 0.01798984
0.032654916 1.813539 0.01813539
0.032964435 1.782622 0.01782622
0.032970376 1.7822866 0.017822866
0.033273954 1.7646853 0.017646853
0.033583473 1.747393 0.01747393
0.033764703 1.7466056 0.017466056
0.033892991 1.7467624 0.017467624
0.034202509 1.7577712 0.017577712
0.034512027 1.7411102 0.017411102
0.034578168 1.738895 0.01738895
0.034821545 1.73031 0.0173031
0.035131063 1.7246901 0.017246901
0.03541123 1.7212675 0.017212675
0.03544058 1.7208407 0.017208407
0.035750097 1.7095104 0.017095104
0.036059614 1.6907998 0.016907998
0.036264363 1.6896556 0.016896556
0.036369131 1.6893318 0.016893318
0.036678648 1.6867932 0.016867932
0.036988164 1.6732411 0.016732411
0.037138049 1.670178 0.01670178
0.03729768 1.6666289 0.016666289
0.037607196 1.6589421 0.016589421
0.037916712 1.6417265 0.016417265
0.038032785 1.6387437 0.016387437
0.038226228 1.6340917 0.016340917
0.038535743 1.6279928 0.016279928
0.038845259 1.6186036 0.016186036
0.038949077 1.617603 0.01617603
0.039154774 1.6156778 0.016156778
0.039464288 1.6032998 0.016032998
0.039773803 1.5964917 0.015964917
0.039887444 1.59634 0.0159634
0.040083317 1.5960992 0.015960992
0.040392831 1.5909391 0.015909391
0.040702345 1.5799228 0.015799228
0.040848418 1.5758537 0.015758537
0.041011859 1.5712551 0.015712551
0.041321372 1.5687338 0.015687338
0.041630886 1.5603381 0.015603381
0.041832544 1.5512711 0.015512711
0.041940399 1.5465355 0.015465355
0.042249911 1.5435144 0.015435144
0.042559424 1.5275072 0.015275072
0.04284038 1.5343409 0.015343409
0.042868936 1.5350074 0.015350074
0.043178448 1.5205593 0.015205593
0.04348796 1.5178326 0.015178326
0.043797472 1.5095727 0.015095727
0.043872497 1.5081423 0.015081423
0.044106983 1.5039157 0.015039157
0.044416494 1.4969512 0.014969512
0.044726005 1.4936423 0.014936423
0.04492948 1.4890619 0.014890619
0.045035516 1.4866161 0.014866161
0.045345026 1.4844985 0.014844985
0.045654536 1.4796212 0.014796212
0.045964046 1.4663239 0.014663239
0.046011928 1.4654925 0.014654925
0.046273556 1.4608416 0.014608416
0.046583065 1.4449013 0.014449013
0.046892575 1.4380802 0.014380802
0.047120454 1.4387655 0.014387655
0.047202083 1.4391581 0.014391581
0.047511592 1.4323944 0.014323944
0.0478211 1.4333797 0.014333797
0.048130609 1.4282984 0.014282984
0.048255688 1.4228983 0.014228983
0.048440116 1.4146285 0.014146285
0.048749624 1.4085207 0.014085207
0.049059131 1.4046684 0.014046684
0.049368638 1.3917774 0.013917774
0.049418271 1.3943591 0.013943591
0.049678145 1.4083231 0.014083231
0.049987652 1.3919962 0.013919962
0.050297158 1.379664 0.01379664
0.050606664 1.3780694 0.013780694
0.050608864 1.3780472 0.013780472
0.05091617 1.3749266 0.013749266
0.051225675 1.3777754 0.013777754
0.05153518 1.3714383 0.013714383
0.05182814 1.3607258 0.013607258
0.051844685 1.3601138 0.013601138
0.05215419 1.3599651 0.013599651
0.052463694 1.3446619 0.013446619
0.052773198 1.3437697 0.013437697
0.053076791 1.3383988 0.013383988
0.053082702 1.3382993 0.013382993
0.053392205 1.3347012 0.013347012
0.053701708 1.3262322 0.013262322
0.054011211 1.3237171 0.013237171
0.054320713 1.3245336 0.013245336
0.054355526 1.3230299 0.013230299
0.054630216 1.3109459 0.013109459
0.054939718 1.3115639 0.013115639
0.055249219 1.3056234 0.013056234
0.055558721 1.302052 0.01302052
0.055665067 1.3006087 0.013006087
0.055868222 1.2978981 0.012978981
0.056177722 1.2924818 0.012924818
0.056487223 1.2862518 0.012862518
0.056796723 1.2741171 0.012741171
0.057006158 1.2791922 0.012791922
0.057106223 1.2816883 0.012816883
0.057415722 1.2681399 0.012681399
0.057725221 1.2628759 0.012628759
0.05803472 1.2598843 0.012598843
0.058344219 1.2637947 0.012637947
0.058379559 1.2630285 0.012630285
0.058653717 1.2567609 0.012567609
0.058963215 1.2443127 0.012443127
0.059272713 1.2429042 0.012429042
0.05958221 1.2383767 0.012383767
0.059786049 1.2356074 0.012356074
0.059891707 1.2342266 0.012342266
0.060201203 1.2266502 0.012266502
0.0605107 1.2245192 0.012245192
0.060820196 1.2149308 0.012149308
0.061129691 1.2144142 0.012144142
0.061226423 1.2129092 0.012129092
0.061439187 1.2096722 0.012096722
0.061748681 1.200299 0.01200299
0.062058176 1.2003985 0.012003985
0.06236767 1.195819 0.01195819
0.062677164 1.1926718 0.011926718
0.0627015 1.1924021 0.011924021
0.062986658 1.1892049 0.011892049
0.063296151 1.1808556 0.011808556
0.063605644 1.1744918 0.011744918
0.063915137 1.1724806 0.011724806
0.064212114 1.1696042 0.011696042
0.064224629 1.1694759 0.011694759
0.064534121 1.1598931 0.011598931
0.064843612 1.1558693 0.011558693
0.065153103 1.1560532 0.011560532
0.065462594 1.1511313 0.011511313
0.065759122 1.1408094 0.011408094
0.065772085 1.140371 0.01140371
0.066081575 1.1395689 0.011395689
0.066391064 1.1396199 0.011396199
0.066700554 1.1381807 0.011381807
0.067010043 1.1206489 0.011206489
0.067319531 1.12178 0.0112178
0.0673434 1.1215446 0.011215446
0.06762902 1.1186273 0.011186273
0.067938508 1.117858 0.01117858
0.068247995 1.1079443 0.011079443
0.068557482 1.1002409 0.011002409
0.068866969 1.1007759 0.011007759
0.068965848 1.0976591 0.010976591
0.069176455 1.0909628 0.010909628
0.069485941 1.0882051 0.010882051
0.069795427 1.0847729 0.010847729
0.070104912 1.0809724 0.010809724
0.070414397 1.0696743 0.010696743
0.070627384 1.0702747 0.010702747
0.070723882 1.0705861 0.010705861
0.071033366 1.0635534 0.010635534
0.07134285 1.0575894 0.010575894
0.071652333 1.0610241 0.010610241
0.071961816 1.0487138 0.010487138
0.072271298 1.0475046 0.010475046
0.072328949 1.0467343 0.010467343
0.07258078 1.0433888 0.010433888
0.072890262 1.0367926 0.010367926
0.073199744 1.0335965 0.010335965
0.073509225 1.0310758 0.010310758
0.073818705 1.0223068 0.010223068
0.074071509 1.0229758 0.010229758
0.074128185 1.0231147 0.010231147
0.074437665 1.0175886 0.010175886
0.074747144 1.0095406 0.010095406
0.075056623 1.0101537 0.010101537
0.075366102 1.0045362 0.010045362
0.07567558 1.0013085 0.010013085
0.075856051 0.99652545 0.0099652545
0.075985058 0.99311576 0.0099311576
0.076294535 0.99150317 0.0099150317
0.076604012 0.98302296 0.0098302296
0.076913488 0.98295365 0.0098295365
0.077222964 0.98014532 0.0098014532
0.07753244 0.9743979 0.009743979
0.077683587 0.96983506 0.0096983506
0.077841915 0.96511583 0.0096511583
0.07815139 0.96775696 0.0096775696
0.078460864 0.9592409 0.009592409
0.078770338 0.95491447 0.0095491447
0.079079812 0.9536043 0.009536043
0.079389285 0.9489787 0.009489787
0.079555152 0.94750594 0.0094750594
0.079698757 0.94619411 0.0094619411
0.080008229 0.93614897 0.0093614897
0.080317701 0.94035173 0.0094035173
0.080627172 0.93135173 0.0093135173
0.080936643 0.93012661 0.0093012661
0.081246114 0.92377054 0.0092377054
0.081471807 0.92115441 0.0092115441
0.081555584 0.92017136 0.0092017136
0.081865053 0.9190114 0.009190114
0.082174522 0.91166189 0.0091166189
0.082483991 0.90889214 0.0090889214
0.082793459 0.89943519 0.0089943519
0.083102927 0.89935311 0.0089935311
0.083412394 0.89257576 0.0089257576
0.083434638 0.89221734 0.0089221734
0.083721861 0.88771634 0.0088771634
0.084031327 0.88940471 0.0088940471
0.084340793 0.88342748 0.0088342748
0.084650259 0.87287121 0.0087287121
0.084959724 0.87523296 0.0087523296
0.085269188 0.87047711 0.0087047711
0.085444758 0.86835485 0.0086835485
0.085578652 0.86671868 0.0086671868
0.085888116 0.86395529 0.0086395529
0.086197579 0.85810811 0.0085810811
0.086507042 0.85356366 0.0085356366
0.086816504 0.85303066 0.0085303066
0.087125966 0.84832075 0.0084832075
0.087435427 0.84209865 0.0084209865
0.087503306 0.84164497 0.0084164497
0.087744888 0.84009655 0.0084009655
0.088054348 0.83463303 0.0083463303
0.088363808 0.83439764 0.0083439764
0.088673267 0.82614923 0.0082614923
0.088982726 0.82514566 0.0082514566
0.089292184 0.81966915 0.0081966915
0.089601642 0.81860507 0.0081860507
0.089611449 0.81843029 0.0081843029
0.089911099 0.81297855 0.0081297855
0.090220556 0.80928288 0.0080928288
0.090530013 0.80539477 0.0080539477
0.090839469 0.80135472 0.0080135472
0.091148924 0.80084191 0.0080084191
0.091458379 0.79659491 0.0079659491
0.091767833 0.78890104 0.0078890104
0.091770381 0.78892469 0.0078892469
0.092077287 0.79192265 0.0079192265
0.092386741 0.78106333 0.0078106333
0.092696194 0.7778945 0.007778945
0.093005646 0.78027067 0.0078027067
0.093315098 0.77611667 0.0077611667
0.093624549 0.76811086 0.0076811086
0.093934 0.7667647 0.007667647
0.093981327 0.76580609 0.0076580609
0.09424345 0.76045217 0.0076045217
0.0945529 0.75758547 0.0075758547
0.09486235 0.75557571 0.0075557571
0.095171798 0.75273688 0.0075273688
0.095481247 0.74528947 0.0074528947
0.095790694 0.74237553 0.0074237553
0.096100142 0.74293473 0.0074293473
0.09624554 0.73966323 0.0073966323
0.096409588 0.73594795 0.0073594795
0.096719035 0.73276447 0.0073276447
0.09702848 0.72816192 0.0072816192
0.097337925 0.72661424 0.0072661424
0.09764737 0.72382205 0.0072382205
0.097956814 0.71402326 0.0071402326
0.098266257 0.71485032 0.0071485032
0.098564302 0.71067132 0.0071067132
0.0985757 0.71051518 0.0071051518
0.098885143 0.70693396 0.0070693396
0.099194585 0.70635575 0.0070635575
0.099504026 0.70237675 0.0070237675
0.099813467 0.69888686 0.0069888686
0.10012291 0.6968708 0.006968708
0.10043235 0.68965934 0.0068965934
0.10074179 0.68697411 0.0068697411
0.10093893 0.68554188 0.0068554188
0.10105122 0.68472198 0.0068472198
0.10136066 0.6824976 0.006824976
0.1016701 0.67923784 0.0067923784
0.10197954 0.67122059 0.0067122059
0.10228897 0.67093355 0.0067093355
0.10259841 0.66980321 0.0066980321
0.10290785 0.664211 0.00664211
0.10321728 0.6622091 0.006622091
0.10337076 0.6590694 0.006590694
0.10352671 0.65586383 0.0065586383
0.10383615 0.65124044 0.0065124044
0.10414558 0.65042997 0.0065042997
0.10445501 0.64581886 0.0064581886
0.10476445 0.64404814 0.0064404814
0.10507388 0.6423136 0.006423136
0.10538331 0.63497102 0.0063497102
0.10569274 0.63082862 0.0063082862
0.10586119 0.63060296 0.0063060296
0.10600217 0.63046898 0.0063046898
0.1063116 0.62414266 0.0062414266
0.10662102 0.62764348 0.0062764348
0.10693045 0.61961954 0.0061961954
0.10723988 0.6200585 0.006200585
0.10754931 0.61519739 0.0061519739
0.10785873 0.61568987 0.0061568987
0.10816816 0.60888721 0.0060888721
0.10841161 0.60762011 0.0060762011
0.10847758 0.60727722 0.0060727722
0.10878701 0.6010765 0.006010765
0.10909643 0.60036577 0.0060036577
0.10940585 0.59854875 0.0059854875
0.10971528 0.59467211 0.0059467211
0.1100247 0.58870648 0.0058870648
0.11033412 0.58443754 0.0058443754
0.11064354 0.58513772 0.0058513772
0.11095296 0.58565705 0.0058565705
0.11102348 0.58419869 0.0058419869
0.11126238 0.57971238 0.0057971238
0.1115718 0.57763515 0.0057763515
0.11188122 0.57695349 0.0057695349
0.11219064 0.58216524 0.0058216524
0.11250005 0.59859537 0.0059859537
0.11280947 0.65798869 0.0065798869
0.11311889 0.70408076 0.0070408076
0.1134283 0.65024352 0.0065024352
0.11369828 0.59189025 0.0059189025
0.11373772 0.58320046 0.0058320046
0.11404713 0.56035817 0.0056035817
0.11435654 0.55407462 0.0055407462
0.11466596 0.55003749 0.0055003749
0.11497537 0.54310881 0.0054310881
0.11528478 0.5418182 0.005418182
0.11559419 0.53797485 0.0053797485
0.1159036 0.53333733 0.0053333733
0.11621301 0.5317846 0.005317846
0.11643751 0.5283854 0.005283854
0.11652242 0.52728598 0.0052728598
0.11683183 0.52331883 0.0052331883
0.11714124 0.51987884 0.0051987884
0.11745064 0.51468887 0.0051468887
0.11776005 0.51436275 0.0051436275
0.11806945 0.5112923 0.005112923
0.11837886 0.50804687 0.0050804687
0.11868826 0.50848394 0.0050848394
0.11899767 0.50453434 0.0050453434
0.11924274 0.50174973 0.0050174973
0.11930707 0.50102234 0.0050102234
0.11961647 0.49703199 0.0049703199
0.11992588 0.49179487 0.0049179487
0.12023528 0.49333544 0.0049333544
0.12054468 0.49040764 0.0049040764
0.12085408 0.48335514 0.0048335514
0.12116348 0.48452568 0.0048452568
0.12147288 0.48209867 0.0048209867
0.12178227 0.47855795 0.0047855795
0.12209167 0.47586118 0.0047586118
0.12211556 0.47569468 0.0047569468
0.12240107 0.473689 0.00473689
0.12271046 0.46968304 0.0046968304
0.12301986 0.46763738 0.0046763738
0.12332925 0.4630399 0.004630399
0.12363865 0.46271314 0.0046271314
0.12394804 0.45902839 0.0045902839
0.12425743 0.45341604 0.0045341604
0.12456683 0.4516411 0.004516411
0.12487622 0.44889292 0.0044889292
0.12505758 0.44748973 0.0044748973
0.12518561 0.4465363 0.004465363
0.125495 0.4450883 0.004450883
0.12580439 0.44364551 0.0044364551
0.12611377 0.44245733 0.0044245733
0.12642316 0.43738416 0.0043738416
0.12673255 0.43661249 0.0043661249
0.12704194 0.4322478 0.004322478
0.12735132 0.42875189 0.0042875189
0.12766071 0.42880231 0.0042880231
0.12797009 0.42410161 0.0042410161
0.12807049 0.42429154 0.0042429154
0.12827947 0.42469364 0.0042469364
0.12858886 0.42167214 0.0042167214
0.12889824 0.41923143 0.0041923143
0.12920762 0.41644846 0.0041644846
0.129517 0.41384679 0.0041384679
0.12982638 0.41346042 0.0041346042
0.13013576 0.40957543 0.0040957543
0.13044514 0.40723388 0.0040723388
0.13075452 0.40490297 0.0040490297
0.1310639 0.4020676 0.004020676
0.13115598 0.40137472 0.0040137472
0.13137327 0.39974503 0.0039974503
0.13168265 0.39784685 0.0039784685
0.13199202 0.39230713 0.0039230713
0.1323014 0.39084491 0.0039084491
0.13261077 0.38937805 0.0038937805
0.13292015 0.38553835 0.0038553835
0.13322952 0.38615133 0.0038615133
0.13353889 0.38038336 0.0038038336
0.13384826 0.37906259 0.0037906259
0.13415763 0.37929344 0.0037929344
0.13431581 0.37823962 0.0037823962
0.134467 0.37721739 0.0037721739
0.13477637 0.37068153 0.0037068153
0.13508574 0.3698345 0.003698345
0.1353951 0.36784574 0.0036784574
0.13570447 0.36572741 0.0036572741
0.13601383 0.36532359 0.0036532359
0.1363232 0.36225198 0.0036225198
0.13663256 0.35933888 0.0035933888
0.13694193 0.35584339 0.0035584339
0.13725129 0.35416877 0.0035416877
0.13755177 0.35249139 0.0035249139
0.13756065 0.35244297 0.0035244297
0.13787001 0.35201098 0.0035201098
0.13817937 0.3475994 0.003475994
0.13848873 0.34998477 0.0034998477
0.13879809 0.34531558 0.0034531558
0.13910745 0.3412064 0.003412064
0.13941681 0.34005574 0.0034005574
0.13972616 0.33635141 0.0033635141
0.14003552 0.3328557 0.003328557
0.14034488 0.33199324 0.0033199324
0.14065423 0.33159963 0.0033159963
0.14086569 0.32846547 0.0032846547
0.14096358 0.3270335 0.003270335
0.14127294 0.32739595 0.0032739595
0.14158229 0.32616166 0.0032616166
0.14189164 0.32060491 0.0032060491
0.14220099 0.32252407 0.0032252407
0.14251034 0.31923026 0.0031923026
0.14281969 0.318541 0.00318541
0.14312904 0.31372512 0.0031372512
0.14343838 0.31288036 0.0031288036
0.14374773 0.31186586 0.0031186586
0.14405708 0.31099202 0.0031099202
0.14425945 0.30868354 0.0030868354
0.14436642 0.30745369 0.0030745369
0.14467577 0.30640457 0.0030640457
0.14498511 0.30147879 0.0030147879
0.14529445 0.30092701 0.0030092701
0.14560379 0.30267698 0.0030267698
0.14591314 0.29593856 0.0029593856
0.14622248 0.29634432 0.0029634432
0.14653182 0.29361107 0.0029361107
0.14684115 0.29073273 0.0029073273
0.14715049 0.28660157 0.0028660157
0.14745983 0.28670582 0.0028670582
0.14773497 0.28601485 0.0028601485
0.14776917 0.28592976 0.0028592976
0.1480785 0.28352718 0.0028352718
0.14838784 0.28081117 0.0028081117
0.14869717 0.28219588 0.0028219588
0.1490065 0.27892702 0.0027892702
0.14931583 0.2789386 0.002789386
0.14962517 0.27552563 0.0027552563
0.1499345 0.27227652 0.0027227652
0.15024383 0.27133753 0.0027133753
0.15055316 0.26976429 0.0026976429
0.15086248 0.26610866 0.0026610866
0.15117181 0.26378985 0.0026378985
0.15129422 0.26363726 0.0026363726
0.15148114 0.2634518 0.002634518
0.15179046 0.26232589 0.0026232589
0.15209979 0.26403589 0.0026403589
0.15240911 0.25978532 0.0025978532
0.15271844 0.26005869 0.0026005869
0.15302776 0.25671013 0.0025671013
0.15333708 0.25430538 0.0025430538
0.1536464 0.25117569 0.0025117569
0.15395572 0.24878557 0.0024878557
0.15426504 0.24656821 0.0024656821
0.15457436 0.24777163 0.0024777163
0.15488367 0.24687578 0.0024687578
0.15493922 0.24653098 0.0024653098
0.15519299 0.2449663 0.002449663
0.15550231 0.24199577 0.0024199577
0.15581162 0.23993819 0.0023993819
0.15612093 0.23801845 0.0023801845
0.15643025 0.23766206 0.0023766206
0.15673956 0.23574721 0.0023574721
0.15704887 0.23267832 0.0023267832
0.15735818 0.2322552 0.002322552
0.15766749 0.23047275 0.0023047275
0.1579768 0.23112999 0.0023112999
0.15828611 0.23084947 0.0023084947
0.15859542 0.23001046 0.0023001046
0.15867204 0.22994085 0.0022994085
0.15890472 0.22967824 0.0022967824
0.15921403 0.23586372 0.0023586372
0.15952333 0.30408458 0.0030408458
0.15983264 0.41011448 0.0041011448
0.16014194 0.38715908 0.0038715908
0.16045124 0.30025318 0.0030025318
0.16076054 0.22851712 0.0022851712
0.16106984 0.21616544 0.0021616544
0.16137914 0.21509004 0.0021509004
0.16168844 0.21221765 0.0021221765
0.16199774 0.21191052 0.0021191052
0.16230703 0.2082292 0.002082292
0.16249479 0.20745771 0.0020745771
0.16261633 0.20699141 0.0020699141
0.16292562 0.20399655 0.0020399655
0.16323492 0.20629923 0.0020629923
0.16354421 0.20330594 0.0020330594
0.1638535 0.20060062 0.0020060062
0.16416279 0.19914269 0.0019914269
0.16447208 0.20086916 0.0020086916
0.16478137 0.1975832 0.001975832
0.16509066 0.19733309 0.0019733309
0.16539995 0.19483908 0.0019483908
0.16570924 0.19416516 0.0019416516
0.16601852 0.19193677 0.0019193677
0.16632781 0.19237849 0.0019237849
0.16640964 0.19147336 0.0019147336
0.16663709 0.18892614 0.0018892614
0.16694637 0.18733365 0.0018733365
0.16725566 0.18649034 0.0018649034
0.16756494 0.18764291 0.0018764291
0.16787422 0.18430151 0.0018430151
0.1681835 0.18152723 0.0018152723
0.16849278 0.1813979 0.001813979
0.16880205 0.1808033 0.001808033
0.16911133 0.17961021 0.0017961021
0.16942061 0.17676789 0.0017676789
0.16972988 0.17804164 0.0017804164
0.17003916 0.17098422 0.0017098422
0.17034843 0.17095406 0.0017095406
0.17041881 0.17111594 0.0017111594
0.1706577 0.17172868 0.0017172868
0.17096697 0.16999725 0.0016999725
0.17127624 0.17000232 0.0017000232
0.17158551 0.16707084 0.0016707084
0.17189478 0.16880374 0.0016880374
0.17220405 0.16679287 0.0016679287
0.17251331 0.16496399 0.0016496399
0.17282258 0.16390458 0.0016390458
0.17313184 0.16391021 0.0016391021
0.17344111 0.16183776 0.0016183776
0.17375037 0.16058538 0.0016058538
0.17405963 0.15901786 0.0015901786
0.17436889 0.15617745 0.0015617745
0.17452457 0.15741432 0.0015741432
0.17467815 0.16068919 0.0016068919
0.17498741 0.16091355 0.0016091355
0.17529667 0.16755159 0.0016755159
0.17560593 0.1702496 0.001702496
0.17591518 0.17250767 0.0017250767
0.17622444 0.17671485 0.0017671485
0.17653369 0.18228582 0.0018228582
0.17684295 0.18116444 0.0018116444
0.1771522 0.18670973 0.0018670973
0.17746145 0.1913093 0.001913093
0.1777707 0.19776882 0.0019776882
0.17807995 0.22602825 0.0022602825
0.1783892 0.3163674 0.003163674
0.17869844 0.48665356 0.0048665356
0.17872924 0.49106893 0.0049106893
0.17900769 0.52405728 0.0052405728
0.17931694 0.33906059 0.0033906059
0.17962618 0.21507819 0.0021507819
0.17993542 0.1919253 0.001919253
0.18024467 0.17862543 0.0017862543
0.18055391 0.17552686 0.0017552686
0.18086315 0.16990063 0.0016990063
0.18117239 0.16372065 0.0016372065
0.18148163 0.15999982 0.0015999982
0.18179086 0.15408523 0.0015408523
0.1821001 0.15121795 0.0015121795
0.18240934 0.14471274 0.0014471274
0.18271857 0.1458539 0.001458539
0.1830278 0.1683242 0.001683242
0.18303521 0.17081746 0.0017081746
0.18333704 0.27543971 0.0027543971
0.18364627 0.37932922 0.0037932922
0.1839555 0.2976828 0.002976828
0.18426473 0.15197316 0.0015197316
0.18457396 0.13387815 0.0013387815
0.18488318 0.12850569 0.0012850569
0.18519241 0.12591927 0.0012591927
0.18550164 0.12529765 0.0012529765
0.18581086 0.12341153 0.0012341153
0.18612009 0.12319653 0.0012319653
0.18642931 0.12354267 0.0012354267
0.18673853 0.12016795 0.0012016795
0.18704775 0.11858742 0.0011858742
0.18735697 0.11790077 0.0011790077
0.18744492 0.11805851 0.0011805851
0.18766619 0.11877645 0.0011877645
0.1879754 0.11652596 0.0011652596
0.18828462 0.1143512 0.001143512
0.18859384 0.11575044 0.0011575044
0.18890305 0.11394376 0.0011394376
0.18921226 0.11209527 0.0011209527
0.18952148 0.11310321 0.0011310321
0.18983069 0.11209641 0.0011209641
0.1901399 0.11105803 0.0011105803
0.19044911 0.10825497 0.0010825497
0.19075832 0.10946834 0.0010946834
0.19106752 0.10739104 0.0010739104
0.19137673 0.10725904 0.0010725904
0.19168593 0.10533306 0.0010533306
0.19196087 0.10502181 0.0010502181
0.19199514 0.10498627 0.0010498627
0.19230434 0.10500134 0.0010500134
0.19261354 0.10502512 0.0010502512
0.19292274 0.10319387 0.0010319387
0.19323194 0.10101979 0.0010101979
0.19354114 0.10131299 0.0010131299
0.19385034 0.098275716 0.00098275716
0.19415954 0.097888435 0.00097888435
0.19446873 0.1010572 0.001010572
0.19477793 0.098342292 0.00098342292
0.19508712 0.097894484 0.00097894484
0.19539631 0.098315015 0.00098315015
0.1957055 0.096298728 0.00096298728
0.19601469 0.09471547 0.0009471547
0.19632388 0.096740642 0.00096740642
0.19658562 0.094698969 0.00094698969
0.19663307 0.094351986 0.00094351986
0.19694226 0.093623209 0.00093623209
0.19725144 0.095122565 0.00095122565
0.19756063 0.092096922 0.00092096922
0.19786981 0.096157338 0.00096157338
0.19817899 0.092791478 0.00092791478
0.19848818 0.095881851 0.00095881851
0.19879736 0.095888168 0.00095888168
0.19910654 0.095362884 0.00095362884
0.19941572 0.11469267 0.0011469267
0.19972489 0.36872147 0.0036872147
0.20003407 0.49993014 0.0049993014
0.20034324 0.40137463 0.0040137463
0.20065242 0.26763785 0.0026763785
0.20096159 0.14249571 0.0014249571
0.20127076 0.10042732 0.0010042732
0.2013218 0.098739726 0.00098739726
0.20157993 0.089987032 0.00089987032
0.2018891 0.087210807 0.00087210807
0.20219827 0.086000199 0.00086000199
0.20250744 0.085043159 0.00085043159
0.20281661 0.085070565 0.00085070565
0.20312577 0.083809317 0.00083809317
0.20343493 0.082076615 0.00082076615
0.2037441 0.081255373 0.00081255373
0.20405326 0.08032412 0.0008032412
0.20436242 0.079901989 0.00079901989
0.20467158 0.077655535 0.00077655535
0.20498074 0.076550333 0.00076550333
0.2052899 0.079149372 0.00079149372
0.20559905 0.077464054 0.00077464054
0.20590821 0.075507776 0.00075507776
0.20617207 0.077315322 0.00077315322
0.20621736 0.07764611 0.0007764611
0.20652651 0.076858357 0.00076858357
0.20683567 0.075891069 0.00075891069
0.20714482 0.073545522 0.00073545522
0.20745397 0.075515945 0.00075515945
0.20776312 0.074746821 0.00074746821
0.20807226 0.073757957 0.00073757957
0.20838141 0.070693432 0.00070693432
0.20869055 0.069241344 0.00069241344
0.2089997 0.06945723 0.0006945723
0.20930884 0.073447166 0.00073447166
0.20961798 0.070564585 0.00070564585
0.20992712 0.068640478 0.00068640478
0.21023626 0.069393775 0.00069393775
0.2105454 0.070582512 0.00070582512
0.21085454 0.069674171 0.00069674171
0.2111392 0.069512905 0.00069512905
0.21116367 0.069499947 0.00069499947
0.21147281 0.067135553 0.00067135553
0.21178194 0.068144194 0.00068144194
0.21209107 0.066855841 0.00066855841
0.21240021 0.063863267 0.00063863267
0.21270934 0.067237806 0.00067237806
0.21301846 0.067254875 0.00067254875
0.21332759 0.063188485 0.00063188485
0.21363672 0.063230977 0.00063230977
0.21394584 0.064792195 0.00064792195
0.21425497 0.063091949 0.00063091949
0.21456409 0.063130063 0.00063130063
0.21487321 0.06439801 0.0006439801
0.21518234 0.061949899 0.00061949899
0.21549145 0.062407916 0.00062407916
0.21580057 0.061677944 0.00061677944
0.21610969 0.064248272 0.00064248272
0.216226 0.062551465 0.00062551465
0.21641881 0.059736678 0.00059736678
0.21672792 0.061858273 0.00061858273
0.21703704 0.059957411 0.00059957411
0.21734615 0.060203538 0.00060203538
0.21765526 0.058713304 0.00058713304
0.21796437 0.062116774 0.00062116774
0.21827348 0.057367161 0.00057367161
0.21858259 0.058482928 0.00058482928
0.21889169 0.055570195 0.00055570195
0.2192008 0.058077953 0.00058077953
0.2195099 0.058321168 0.00058321168
0.21981901 0.058204164 0.00058204164
0.22012811 0.058654151 0.00058654151
0.22043721 0.058165714 0.00058165714
0.22074631 0.055227041 0.00055227041
0.22105541 0.056228077 0.00056228077
0.2213645 0.054672254 0.00054672254
0.22143535 0.054998681 0.00054998681
0.2216736 0.056268864 0.00056268864
0.22198269 0.055055898 0.00055055898
0.22229179 0.055249542 0.00055249542
0.22260088 0.055967563 0.00055967563
0.22290997 0.054923018 0.00054923018
0.22321906 0.056754727 0.00056754727
0.22352815 0.055639777 0.00055639777
0.22383724 0.054901573 0.00054901573
0.22414632 0.054025899 0.00054025899
0.22445541 0.053398642 0.00053398642
0.22476449 0.054327926 0.00054327926
0.22507357 0.054184774 0.00054184774
0.22538265 0.065294983 0.00065294983
0.22569174 0.088625426 0.00088625426
0.22600081 0.10776094 0.0010776094
0.22630989 0.104199 0.00104199
0.22661897 0.081807399 0.00081807399
0.2267702 0.071791714 0.00071791714
0.22692804 0.061149078 0.00061149078
0.22723712 0.053518051 0.00053518051
0.22754619 0.053298874 0.00053298874
0.22785526 0.051561324 0.00051561324
0.22816433 0.053010076 0.00053010076
0.2284734 0.053097752 0.00053097752
0.22878247 0.049993358 0.00049993358
0.22909153 0.051189133 0.00051189133
0.2294006 0.051921009 0.00051921009
0.22970966 0.050731023 0.00050731023
0.23001873 0.052658905 0.00052658905
0.23032779 0.049825342 0.00049825342
0.23063685 0.048280822 0.00048280822
0.23094591 0.048264694 0.00048264694
0.23125496 0.04958892 0.0004958892
0.23156402 0.045320186 0.00045320186
0.23187308 0.047869212 0.00047869212
0.23218213 0.047982026 0.00047982026
0.23223358 0.047762888 0.00047762888
0.23249118 0.046821614 0.00046821614
0.23280023 0.04725926 0.0004725926
0.23310928 0.046278965 0.00046278965
0.23341833 0.0475926 0.000475926
0.23372738 0.045625185 0.00045625185
0.23403643 0.046220507 0.00046220507
0.23434547 0.044002845 0.00044002845
0.23465451 0.046285414 0.00046285414
0.23496356 0.044894551 0.00044894551
0.2352726 0.044848619 0.00044848619
0.23558164 0.044590088 0.00044590088
0.23589068 0.044267178 0.00044267178
0.23619971 0.042617312 0.00042617312
0.23650875 0.042208901 0.00042208901
0.23681778 0.040634247 0.00040634247
0.23712682 0.041196088 0.00041196088
0.23743585 0.040678315 0.00040678315
0.23774488 0.043966507 0.00043966507
0.23782859 0.044125622 0.00044125622
0.23805391 0.045058664 0.00045058664
0.23836294 0.044206224 0.00044206224
0.23867197 0.043294513 0.00043294513
0.23898099 0.042116983 0.00042116983
0.23929002 0.045603523 0.00045603523
0.23959904 0.045562912 0.00045562912
0.23990806 0.046532149 0.00046532149
0.24021708 0.048956896 0.00048956896
0.2405261 0.047567403 0.00047567403
0.24083512 0.047866261 0.00047866261
0.24114413 0.05309956 0.0005309956
0.24145315 0.049337083 0.00049337083
0.24176216 0.050123927 0.00050123927
0.24207118 0.050907879 0.00050907879
0.24238019 0.052171095 0.00052171095
0.2426892 0.061374868 0.00061374868
0.24299821 0.071497683 0.00071497683
0.24330721 0.098726152 0.00098726152
0.24355839 0.12081481 0.0012081481
0.24361622 0.12564406 0.0012564406
0.24392522 0.092086657 0.00092086657
0.24423423 0.059124314 0.00059124314
0.24454323 0.049358332 0.00049358332
0.24485223 0.050205631 0.00050205631
0.24516123 0.049127327 0.00049127327
0.24547023 0.047522452 0.00047522452
0.24577922 0.046797963 0.00046797963
0.24608822 0.045156645 0.00045156645
0.24639721 0.043473111 0.00043473111
0.24670621 0.044677887 0.00044677887
0.2470152 0.043235315 0.00043235315
0.24732419 0.042628766 0.00042628766
0.24763318 0.043890774 0.00043890774
0.24794216 0.040559584 0.00040559584
0.24825115 0.037974561 0.00037974561
0.24856013 0.039925349 0.00039925349
0.24886912 0.038605285 0.00038605285
0.2491781 0.038201827 0.00038201827
0.24942624 0.037322271 0.00037322271
0.24948708 0.037242004 0.00037242004
0.24979606 0.038126158 0.00038126158
0.25010504 0.036378824 0.00036378824
0.25041401 0.033418266 0.00033418266
0.25072299 0.035681296 0.00035681296
0.25103196 0.035284161 0.00035284161
0.25134093 0.036908091 0.00036908091
0.2516499 0.035693844 0.00035693844
0.25195887 0.037048198 0.00037048198
0.25226784 0.046928266 0.00046928266
0.25257681 0.070471625 0.00070471625
0.25288577 0.1026976 0.001026976
0.25319474 0.088916503 0.00088916503
0.2535037 0.05073173 0.0005073173
0.25381266 0.039197599 0.00039197599
0.25412162 0.036738986 0.00036738986
0.25443058 0.034976063 0.00034976063
0.25473954 0.035928127 0.00035928127
0.25504849 0.035875064 0.00035875064
0.25535745 0.035218022 0.00035218022
0.25543545 0.035308529 0.00035308529
0.2556664 0.035575377 0.00035575377
0.25597535 0.033952817 0.00033952817
0.2562843 0.033578479 0.00033578479
0.25659325 0.035773196 0.00035773196
0.2569022 0.034694879 0.00034694879
0.25721115 0.03528871 0.0003528871
0.25752009 0.034505518 0.00034505518
0.25782903 0.036846757 0.00036846757
0.25813798 0.033509036 0.00033509036
0.25844692 0.033806394 0.00033806394
0.25875585 0.032323616 0.00032323616
0.25906479 0.033294958 0.00033294958
0.25937373 0.032790113 0.00032790113
0.25968266 0.031302757 0.00031302757
0.2599916 0.03237157 0.0003237157
0.26030053 0.033234895 0.00033234895
0.26060946 0.035088788 0.00035088788
0.26091839 0.03351156 0.0003351156
0.26122732 0.033585915 0.00033585915
0.26153624 0.031649823 0.00031649823
0.26158944 0.032351088 0.00032351088
0.26184517 0.035738232 0.00035738232
0.26215409 0.033796912 0.00033796912
0.26246301 0.032996568 0.00032996568
0.26277193 0.034999871 0.00034999871
0.26308085 0.033808921 0.00033808921
0.26338977 0.034235184 0.00034235184
0.26369869 0.033688231 0.00033688231
0.2640076 0.035308399 0.00035308399
0.26431651 0.033234846 0.00033234846
0.26462543 0.033757202 0.00033757202
0.26493434 0.032562736 0.00032562736
0.26524325 0.030330023 0.00030330023
0.26555215 0.031148562 0.00031148562
0.26586106 0.030693218 0.00030693218
0.26616996 0.033135191 0.00033135191
0.26647887 0.033209659 0.00033209659
0.26678777 0.032874946 0.00032874946
0.26709667 0.0302572 0.000302572
0.26740557 0.033854943 0.00033854943
0.26771447 0.032452852 0.00032452852
0.2678917 0.032575252 0.00032575252
0.26802336 0.032662532 0.00032662532
0.26833226 0.028935548 0.00028935548
0.26864115 0.030722137 0.00030722137
0.26895004 0.032574236 0.00032574236
0.26925893 0.033106431 0.00033106431
0.26956782 0.031839839 0.00031839839
0.26987671 0.034345208 0.00034345208
0.27018559 0.031772845 0.00031772845
0.27049448 0.032070583 0.00032070583
0.27080336 0.034261802 0.00034261802
0.27111224 0.031636829 0.00031636829
0.27142112 0.030178354 0.00030178354
0.27173 0.030756424 0.00030756424
0.27203888 0.032169081 0.00032169081
0.27234775 0.030204749 0.00030204749
0.27265663 0.029135886 0.00029135886
0.2729655 0.032457259 0.00032457259
0.27327437 0.031240864 0.00031240864
0.27358324 0.031126404 0.00031126404
0.27389211 0.033039811 0.00033039811
0.27420098 0.030937129 0.00030937129
0.27434578 0.031807409 0.00031807409
0.27450984 0.032858334 0.00032858334
0.2748187 0.030210622 0.00030210622
0.27512757 0.031316528 0.00031316528
0.27543643 0.035238026 0.00035238026
0.27574529 0.034718505 0.00034718505
0.27605414 0.032187786 0.00032187786
0.276363 0.033825905 0.00033825905
0.27667185 0.032028381 0.00032028381
0.27698071 0.030508802 0.00030508802
0.27728956 0.031503828 0.00031503828
0.27759841 0.033243586 0.00033243586
0.27790726 0.032662602 0.00032662602
0.2782161 0.032000569 0.00032000569
0.27852495 0.031198107 0.00031198107
0.27883379 0.03761413 0.0003761413
0.27914264 0.036381756 0.00036381756
0.27945148 0.04312171 0.0004312171
0.27976032 0.08041248 0.0008041248
0.28006915 0.15274453 0.0015274453
0.28037799 0.15965121 0.0015965121
0.28068683 0.076259046 0.00076259046
0.28095536 0.046515962 0.00046515962
0.28099566 0.042026375 0.00042026375
0.28130449 0.03701824 0.0003701824
0.28161332 0.037289986 0.00037289986
0.28192215 0.032434815 0.00032434815
0.28223098 0.033625944 0.00033625944
0.2825398 0.033181129 0.00033181129
0.28284863 0.033211997 0.00033211997
0.28315745 0.03238931 0.0003238931
0.28346627 0.032877184 0.00032877184
0.28377509 0.032142447 0.00032142447
0.28408391 0.031382649 0.00031382649
0.28439272 0.03179262 0.0003179262
0.28470154 0.031215256 0.00031215256
0.28501035 0.031656968 0.00031656968
0.28531916 0.033047286 0.00033047286
0.28562797 0.032451221 0.00032451221
0.28593678 0.030717389 0.00030717389
0.28624559 0.032544607 0.00032544607
0.2865544 0.029383934 0.00029383934
0.2868632 0.031025944 0.00031025944
0.287172 0.031088418 0.00031088418
0.2874808 0.031033849 0.00031033849
0.28772418 0.034828549 0.00034828549
0.2877896 0.035857818 0.00035857818
0.2880984 0.049523019 0.00049523019
0.2884072 0.072686477 0.00072686477
0.28871599 0.055527374 0.00055527374
0.28902478 0.03631825 0.0003631825
0.28933358 0.032919963 0.00032919963
0.28964237 0.032922141 0.00032922141
0.28995115 0.030388847 0.00030388847
0.29025994 0.029368208 0.00029368208
0.29056873 0.030795313 0.00030795313
0.29087751 0.029157536 0.00029157536
0.29118629 0.032198303 0.00032198303
0.29149507 0.029732843 0.00029732843
0.29180385 0.031837716 0.00031837716
0.29211263 0.030440975 0.00030440975
0.2924214 0.027660921 0.00027660921
0.29273018 0.027497535 0.00027497535
0.29303895 0.030126031 0.00030126031
0.29334772 0.028359674 0.00028359674
0.29365649 0.027166997 0.00027166997
0.29396526 0.030801103 0.00030801103
0.29427402 0.029992893 0.00029992893
0.29458279 0.028133038 0.00028133038
0.29465608 0.028651472 0.00028651472
0.29489155 0.030641464 0.00030641464
0.29520031 0.031307519 0.00031307519
0.29550907 0.031072785 0.00031072785
0.29581783 0.031123198 0.00031123198
0.29612659 0.031704119 0.00031704119
0.29643534 0.031488513 0.00031488513
0.2967441 0.033363783 0.00033363783
0.29705285 0.033701229 0.00033701229
0.2973616 0.034418053 0.00034418053
0.29767035 0.032607821 0.00032607821
0.29797909 0.035013453 0.00035013453
0.29828784 0.03192646 0.0003192646
0.29859658 0.035098807 0.00035098807
0.29890532 0.034791686 0.00034791686
0.29921406 0.034085875 0.00034085875
0.2995228 0.035400609 0.00035400609
0.29983154 0.036457358 0.00036457358
