0.010027023 0.35677856 0.0035677856
0.010059664 0.36419894 0.0036419894
0.010268595 0.38875525 0.0038875525
0.010369191 0.40050501 0.0040050501
0.010515988 0.41988068 0.0041988068
0.010678719 0.44239975 0.0044239975
0.010769341 0.46289153 0.0046289153
0.010988246 0.51397981 0.0051397981
0.011028797 0.52008818 0.0052008818
0.011294505 0.55708041 0.0055708041
0.011297773 0.55755892 0.0055755892
0.011566613 0.60854524 0.0060854524
0.0116073 0.61527026 0.0061527026
0.011845278 0.61372042 0.0061372042
0.011916828 0.61416806 0.0061416806
0.012130656 0.64449338 0.0064449338
0.012226355 0.65926413 0.0065926413
0.01242291 0.70168479 0.0070168479
0.012535882 0.7250615 0.007250615
0.012722205 0.74148237 0.0074148237
0.012845409 0.75150349 0.0075150349
0.01302871 0.76743825 0.0076743825
0.013154936 0.77777679 0.0077777679
0.0133426 0.78306999 0.0078306999
0.013464463 0.78788449 0.0078788449
0.013664051 0.82412998 0.0082412998
0.013773989 0.84310507 0.0084310507
0.013993248 0.84551177 0.0084551177
0.014083516 0.84682871 0.0084682871
0.014330375 0.87619667 0.0087619667
0.014393043 0.88318571 0.0088318571
0.014675625 0.88912942 0.0088912942
0.014702569 0.89002327 0.0089002327
0.015012096 0.93240796 0.0093240796
0.015029192 0.93227537 0.0093227537
0.015321622 0.92439869 0.0092439869
0.015391278 0.92814497 0.0092814497
0.015631148 0.94331715 0.0094331715
0.015762087 0.94822553 0.0094822553
0.015940675 0.95491148 0.0095491148
0.01614183 0.96854165 0.0096854165
0.016250201 0.97605409 0.0097605409
0.016530721 0.99348594 0.0099348594
0.016559727 0.99532758 0.0099532758
0.016869253 1.0201887 0.010201887
0.016928982 1.0229664 0.010229664
0.017178779 1.0326459 0.010326459
0.017336837 1.0310517 0.010310517
0.017488304 1.0300138 0.010300138
0.017754519 1.0485001 0.010485001
0.01779783 1.0513906 0.010513906
0.018107355 1.0486248 0.010486248
0.018182263 1.0584002 0.010584002
0.018416881 1.0898951 0.010898951
0.018620313 1.0799866 0.010799866
0.018726406 1.0750825 0.010750825
0.019035932 1.1092045 0.011092045
0.019068917 1.1094815 0.011094815
0.019345457 1.110221 0.01110221
0.019528328 1.1214512 0.011214512
0.019654982 1.1291843 0.011291843
0.019964507 1.1301318 0.011301318
0.019998807 1.1326374 0.011326374
0.020274032 1.1522184 0.011522184
0.020480622 1.1374803 0.011374803
0.020583556 1.130828 0.01130828
0.020893081 1.1610095 0.011610095
0.020974044 1.1655592 0.011655592
0.021202605 1.1776279 0.011776279
0.021479354 1.1823982 0.011823982
0.02151213 1.1826734 0.011826734
0.021821654 1.1712064 0.011712064
0.021996838 1.1675074 0.011675074
0.022131178 1.1653391 0.011653391
0.022440702 1.1716326 0.011716326
0.022526789 1.1707008 0.011707008
0.022750226 1.1687185 0.011687185
0.02305975 1.1800866 0.011800866
0.023069508 1.1810983 0.011810983
0.023369274 1.2126488 0.012126488
0.023625302 1.1981856 0.011981856
0.023678797 1.194866 0.01194866
0.023988321 1.1921715 0.011921715
0.024194486 1.1933228 0.011933228
0.024297844 1.1945014 0.011945014
0.024607367 1.2023372 0.012023372
0.024777383 1.2120398 0.012120398
0.02491689 1.219299 0.01219299
0.025226413 1.2069345 0.012069345
0.025374324 1.2102838 0.012102838
0.025535936 1.2140742 0.012140742
0.025845458 1.2101024 0.012101024
0.025985646 1.2118204 0.012118204
0.026154981 1.2147445 0.012147445
0.026464503 1.2364329 0.012364329
0.026611696 1.2352922 0.012352922
0.026774025 1.2327549 0.012327549
0.027083547 1.2259615 0.012259615
0.027252829 1.2240573 0.012240573
0.027393069 1.2229916 0.012229916
0.027702591 1.2316607 0.012316607
0.027909409 1.229367 0.01229367
0.028012112 1.2280536 0.012280536
0.028321634 1.2385993 0.012385993
0.028581806 1.2267622 0.012267622
0.028631155 1.2246451 0.012246451
0.028940676 1.2434144 0.012434144
0.029250197 1.2361313 0.012361313
0.029270403 1.2364965 0.012364965
0.029559718 1.2411386 0.012411386
0.029869238 1.2306925 0.012306925
0.02997559 1.2365162 0.012365162
0.030178759 1.2479372 0.012479372
0.030488279 1.2350848 0.012350848
0.030697767 1.2437651 0.012437651
0.030797799 1.2477407 0.012477407
0.031107319 1.2474537 0.012474537
0.031416839 1.2415084 0.012415084
0.031437342 1.2424072 0.012424072
0.031726359 1.2553608 0.012553608
0.032035878 1.2477 0.012477
0.032194735 1.2461837 0.012461837
0.032345397 1.2446508 0.012446508
0.032654916 1.2497996 0.012497996
0.032964435 1.2468065 0.012468065
0.032970376 1.2466278 0.012466278
0.033273954 1.2369418 0.012369418
0.033583473 1.2353566 0.012353566
0.033764703 1.237013 0.01237013
0.033892991 1.238621 0.01238621
0.034202509 1.244442 0.01244442
0.034512027 1.2481137 0.012481137
0.034578168 1.2463394 0.012463394
0.034821545 1.2391375 0.012391375
0.035131063 1.2490466 0.012490466
0.03541123 1.2398962 0.012398962
0.03544058 1.2389723 0.012389723
0.035750097 1.2435193 0.012435193
0.036059614 1.2299919 0.012299919
0.036264363 1.2401396 0.012401396
0.036369131 1.2452573 0.012452573
0.036678648 1.2364508 0.012364508
0.036988164 1.2404682 0.012404682
0.037138049 1.2361135 0.012361135
0.03729768 1.2315007 0.012315007
0.037607196 1.221595 0.01221595
0.037916712 1.2378726 0.012378726
0.038032785 1.2329612 0.012329612
0.038226228 1.2243972 0.012243972
0.038535743 1.2163056 0.012163056
0.038845259 1.2160482 0.012160482
0.038949077 1.2171704 0.012171704
0.039154774 1.2198262 0.012198262
0.039464288 1.2088992 0.012088992
0.039773803 1.2137522 0.012137522
0.039887444 1.214736 0.01214736
0.040083317 1.2161795 0.012161795
0.040392831 1.2061545 0.012061545
0.040702345 1.2068363 0.012068363
0.040848418 1.2036436 0.012036436
0.041011859 1.2002759 0.012002759
0.041321372 1.2060367 0.012060367
0.041630886 1.2073052 0.012073052
0.041832544 1.2009597 0.012009597
0.041940399 1.1975387 0.011975387
0.042249911 1.2006981 0.012006981
0.042559424 1.2028297 0.012028297
0.04284038 1.1962465 0.011962465
0.042868936 1.1955577 0.011955577
0.043178448 1.1897555 0.011897555
0.04348796 1.1881309 0.011881309
0.043797472 1.1853371 0.011853371
0.043872497 1.1865242 0.011865242
0.044106983 1.1904203 0.011904203
0.044416494 1.1914337 0.011914337
0.044726005 1.1852042 0.011852042
0.04492948 1.1823928 0.011823928
0.045035516 1.1808994 0.011808994
0.045345026 1.183347 0.01183347
0.045654536 1.175464 0.01175464
0.045964046 1.1782313 0.011782313
0.046011928 1.1762532 0.011762532
0.046273556 1.165221 0.01165221
0.046583065 1.1698817 0.011698817
0.046892575 1.166026 0.01166026
0.047120454 1.163144 0.01163144
0.047202083 1.1622081 0.011622081
0.047511592 1.1526178 0.011526178
0.0478211 1.1588136 0.011588136
0.048130609 1.1631379 0.011631379
0.048255688 1.1591761 0.011591761
0.048440116 1.1529792 0.011529792
0.048749624 1.1512967 0.011512967
0.049059131 1.1468091 0.011468091
0.049368638 1.1379751 0.011379751
0.049418271 1.1394935 0.011394935
0.049678145 1.1479493 0.011479493
0.049987652 1.1383646 0.011383646
0.050297158 1.1387977 0.011387977
0.050606664 1.1354885 0.011354885
0.050608864 1.1354573 0.011354573
0.05091617 1.1307798 0.011307798
0.051225675 1.1351724 0.011351724
0.05153518 1.1373133 0.011373133
0.05182814 1.1224642 0.011224642
0.051844685 1.1216276 0.011216276
0.05215419 1.1282834 0.011282834
0.052463694 1.1200307 0.011200307
0.052773198 1.1171795 0.011171795
0.053076791 1.110227 0.01110227
0.053082702 1.1100973 0.011100973
0.053392205 1.1132591 0.011132591
0.053701708 1.1131168 0.011131168
0.054011211 1.1119722 0.011119722
0.054320713 1.1069571 0.011069571
0.054355526 1.1062235 0.011062235
0.054630216 1.1001856 0.011001856
0.054939718 1.0951751 0.010951751
0.055249219 1.0934304 0.010934304
0.055558721 1.0973763 0.010973763
0.055665067 1.0939343 0.010939343
0.055868222 1.0873922 0.010873922
0.056177722 1.089117 0.01089117
0.056487223 1.0870349 0.010870349
0.056796723 1.0793842 0.010793842
0.057006158 1.082776 0.01082776
0.057106223 1.0844639 0.010844639
0.057415722 1.0688423 0.010688423
0.057725221 1.0713821 0.010713821
0.05803472 1.0775467 0.010775467
0.058344219 1.0788197 0.010788197
0.058379559 1.0778098 0.010778098
0.058653717 1.0695959 0.010695959
0.058963215 1.0602478 0.010602478
0.059272713 1.0610034 0.010610034
0.05958221 1.0596978 0.010596978
0.059786049 1.0591688 0.010591688
0.059891707 1.0588968 0.010588968
0.060201203 1.0543128 0.010543128
0.0605107 1.048778 0.01048778
0.060820196 1.0459384 0.010459384
0.061129691 1.0393842 0.010393842
0.061226423 1.0403184 0.010403184
0.061439187 1.0425867 0.010425867
0.061748681 1.0325519 0.010325519
0.062058176 1.0355038 0.010355038
0.06236767 1.0338288 0.010338288
0.062677164 1.0318063 0.010318063
0.0627015 1.0312929 0.010312929
0.062986658 1.02515 0.0102515
0.063296151 1.0193297 0.010193297
0.063605644 1.0183704 0.010183704
0.063915137 1.0166014 0.010166014
0.064212114 1.0173008 0.010173008
0.064224629 1.0173204 0.010173204
0.064534121 1.0113132 0.010113132
0.064843612 1.0064536 0.010064536
0.065153103 1.0059956 0.010059956
0.065462594 1.000504 0.01000504
0.065759122 0.99454885 0.0099454885
0.065772085 0.99430146 0.0099430146
0.066081575 0.9998351 0.009998351
0.066391064 0.99544083 0.0099544083
0.066700554 0.99347188 0.0099347188
0.067010043 0.98467802 0.0098467802
0.067319531 0.98257502 0.0098257502
0.0673434 0.98216045 0.0098216045
0.06762902 0.97709762 0.0097709762
0.067938508 0.97586588 0.0097586588
0.068247995 0.97496745 0.0097496745
0.068557482 0.96710707 0.0096710707
0.068866969 0.96766868 0.0096766868
0.068965848 0.9655055 0.009655055
0.069176455 0.96089563 0.0096089563
0.069485941 0.95700999 0.0095700999
0.069795427 0.95761117 0.0095761117
0.070104912 0.95458593 0.0095458593
0.070414397 0.9493306 0.009493306
0.070627384 0.94830218 0.0094830218
0.070723882 0.94784652 0.0094784652
0.071033366 0.94412769 0.0094412769
0.07134285 0.94354416 0.0094354416
0.071652333 0.9393117 0.009393117
0.071961816 0.93309604 0.0093309604
0.072271298 0.93308253 0.0093308253
0.072328949 0.93198523 0.0093198523
0.07258078 0.92720276 0.0092720276
0.072890262 0.9233937 0.009233937
0.073199744 0.92370368 0.0092370368
0.073509225 0.91801608 0.0091801608
0.073818705 0.91004575 0.0091004575
0.074071509 0.91573846 0.0091573846
0.074128185 0.91699851 0.0091699851
0.074437665 0.91137571 0.0091137571
0.074747144 0.90400627 0.0090400627
0.075056623 0.90238754 0.0090238754
0.075366102 0.89520826 0.0089520826
0.07567558 0.89948148 0.0089948148
0.075856051 0.89554007 0.0089554007
0.075985058 0.89271645 0.0089271645
0.076294535 0.89001246 0.0089001246
0.076604012 0.8843282 0.008843282
0.076913488 0.88283509 0.0088283509
0.077222964 0.88376039 0.0088376039
0.07753244 0.8785332 0.008785332
0.077683587 0.87422221 0.0087422221
0.077841915 0.86973058 0.0086973058
0.07815139 0.86945275 0.0086945275
0.078460864 0.86766368 0.0086766368
0.078770338 0.86428307 0.0086428307
0.079079812 0.85956896 0.0085956896
0.079389285 0.85263576 0.0085263576
0.079555152 0.85440887 0.0085440887
0.079698757 0.85599342 0.0085599342
0.080008229 0.84843745 0.0084843745
0.080317701 0.84889073 0.0084889073
0.080627172 0.84386266 0.0084386266
0.080936643 0.84238716 0.0084238716
0.081246114 0.83882031 0.0083882031
0.081471807 0.83873251 0.0083873251
0.081555584 0.83863367 0.0083863367
0.081865053 0.83270968 0.0083270968
0.082174522 0.8288432 0.008288432
0.082483991 0.82430409 0.0082430409
0.082793459 0.82127862 0.0082127862
0.083102927 0.82066105 0.0082066105
0.083412394 0.81171881 0.0081171881
0.083434638 0.81180176 0.0081180176
0.083721861 0.8130962 0.008130962
0.084031327 0.80645447 0.0080645447
0.084340793 0.80358648 0.0080358648
0.084650259 0.80050456 0.0080050456
0.084959724 0.80170099 0.0080170099
0.085269188 0.79840088 0.0079840088
0.085444758 0.79515518 0.0079515518
0.085578652 0.79261978 0.0079261978
0.085888116 0.79038392 0.0079038392
0.086197579 0.7817243 0.007817243
0.086507042 0.78453091 0.0078453091
0.086816504 0.77877992 0.0077877992
0.087125966 0.77609787 0.0077609787
0.087435427 0.77245951 0.0077245951
0.087503306 0.77165782 0.0077165782
0.087744888 0.76888155 0.0076888155
0.088054348 0.77060253 0.0077060253
0.088363808 0.76553214 0.0076553214
0.088673267 0.76334155 0.0076334155
0.088982726 0.75574714 0.0075574714
0.089292184 0.75307233 0.0075307233
0.089601642 0.75240738 0.0075240738
0.089611449 0.75228519 0.0075228519
0.089911099 0.74850708 0.0074850708
0.090220556 0.74626592 0.0074626592
0.090530013 0.74361077 0.0074361077
0.090839469 0.7405882 0.007405882
0.091148924 0.73853529 0.0073853529
0.091458379 0.73626855 0.0073626855
0.091767833 0.73019633 0.0073019633
0.091770381 0.7301791 0.007301791
0.092077287 0.72807775 0.0072807775
0.092386741 0.72169599 0.0072169599
0.092696194 0.71794611 0.0071794611
0.093005646 0.71563586 0.0071563586
0.093315098 0.71439238 0.0071439238
0.093624549 0.70706875 0.0070706875
0.093934 0.70668297 0.0070668297
0.093981327 0.70626054 0.0070626054
0.09424345 0.70399038 0.0070399038
0.0945529 0.69956364 0.0069956364
0.09486235 0.70210075 0.0070210075
0.095171798 0.6960048 0.006960048
0.095481247 0.69121384 0.0069121384
0.095790694 0.69117985 0.0069117985
0.096100142 0.68653306 0.0068653306
0.09624554 0.68592477 0.0068592477
0.096409588 0.6851951 0.006851951
0.096719035 0.68083093 0.0068083093
0.09702848 0.67742622 0.0067742622
0.097337925 0.67306665 0.0067306665
0.09764737 0.67151725 0.0067151725
0.097956814 0.66489088 0.0066489088
0.098266257 0.66482432 0.0066482432
0.098564302 0.66083525 0.0066083525
0.0985757 0.66068413 0.0066068413
0.098885143 0.6569816 0.006569816
0.099194585 0.6537589 0.006537589
0.099504026 0.65630157 0.0065630157
0.099813467 0.65194493 0.0065194493
0.10012291 0.64736426 0.0064736426
0.10043235 0.64338209 0.0064338209
0.10074179 0.64000987 0.0064000987
0.10093893 0.63721822 0.0063721822
0.10105122 0.63560793 0.0063560793
0.10136066 0.6329716 0.006329716
0.1016701 0.62888301 0.0062888301
0.10197954 0.6234087 0.006234087
0.10228897 0.62402091 0.0062402091
0.10259841 0.61937621 0.0061937621
0.10290785 0.61827158 0.0061827158
0.10321728 0.61288154 0.0061288154
0.10337076 0.60998868 0.0060998868
0.10352671 0.60710682 0.0060710682
0.10383615 0.60553683 0.0060553683
0.10414558 0.60448646 0.0060448646
0.10445501 0.59889283 0.0059889283
0.10476445 0.5982304 0.005982304
0.10507388 0.59949906 0.0059949906
0.10538331 0.58942015 0.0058942015
0.10569274 0.58851943 0.0058851943
0.10586119 0.58852153 0.0058852153
0.10600217 0.58850012 0.0058850012
0.1063116 0.58049957 0.0058049957
0.10662102 0.58088419 0.0058088419
0.10693045 0.57978956 0.0057978956
0.10723988 0.5741778 0.005741778
0.10754931 0.57592384 0.0057592384
0.10785873 0.56971673 0.0056971673
0.10816816 0.56739178 0.0056739178
0.10841161 0.56357092 0.0056357092
0.10847758 0.56253005 0.0056253005
0.10878701 0.5583402 0.005583402
0.10909643 0.56108382 0.0056108382
0.10940585 0.55608648 0.0055608648
0.10971528 0.5525582 0.005525582
0.1100247 0.54561997 0.0054561997
0.11033412 0.54224255 0.0054224255
0.11064354 0.54169757 0.0054169757
0.11095296 0.53753017 0.0053753017
0.11102348 0.53652123 0.0053652123
0.11126238 0.53317019 0.0053317019
0.1115718 0.53437776 0.0053437776
0.11188122 0.52911331 0.0052911331
0.11219064 0.53096875 0.0053096875
0.11250005 0.52493253 0.0052493253
0.11280947 0.52605912 0.0052605912
0.11311889 0.51958811 0.0051958811
0.1134283 0.51836421 0.0051836421
0.11369828 0.51399013 0.0051399013
0.11373772 0.51335325 0.0051335325
0.11404713 0.5129227 0.005129227
0.11435654 0.50959391 0.0050959391
0.11466596 0.51019204 0.0051019204
0.11497537 0.50509306 0.0050509306
0.11528478 0.50377148 0.0050377148
0.11559419 0.49987517 0.0049987517
0.1159036 0.49717131 0.0049717131
0.11621301 0.49264577 0.0049264577
0.11643751 0.49200012 0.0049200012
0.11652242 0.49173969 0.0049173969
0.11683183 0.48764407 0.0048764407
0.11714124 0.48551317 0.0048551317
0.11745064 0.48090836 0.0048090836
0.11776005 0.48057907 0.0048057907
0.11806945 0.4748014 0.004748014
0.11837886 0.47196251 0.0047196251
0.11868826 0.47270179 0.0047270179
0.11899767 0.46768113 0.0046768113
0.11924274 0.46573698 0.0046573698
0.11930707 0.4652363 0.004652363
0.11961647 0.46210378 0.0046210378
0.11992588 0.46107453 0.0046107453
0.12023528 0.4582698 0.004582698
0.12054468 0.45723728 0.0045723728
0.12085408 0.45085331 0.0045085331
0.12116348 0.44703422 0.0044703422
0.12147288 0.44886665 0.0044886665
0.12178227 0.44325757 0.0044325757
0.12209167 0.44213612 0.0044213612
0.12211556 0.4418514 0.004418514
0.12240107 0.43843558 0.0043843558
0.12271046 0.43489169 0.0043489169
0.12301986 0.43354881 0.0043354881
0.12332925 0.43217426 0.0043217426
0.12363865 0.4288198 0.004288198
0.12394804 0.42772918 0.0042772918
0.12425743 0.42430986 0.0042430986
0.12456683 0.41790421 0.0041790421
0.12487622 0.41538113 0.0041538113
0.12505758 0.41644936 0.0041644936
0.12518561 0.41722258 0.0041722258
0.125495 0.41222938 0.0041222938
0.12580439 0.41389547 0.0041389547
0.12611377 0.40866036 0.0040866036
0.12642316 0.407955 0.00407955
0.12673255 0.40527412 0.0040527412
0.12704194 0.40231609 0.0040231609
0.12735132 0.39916463 0.0039916463
0.12766071 0.39416659 0.0039416659
0.12797009 0.39572725 0.0039572725
0.12807049 0.39358202 0.0039358202
0.12827947 0.38912958 0.0038912958
0.12858886 0.39163514 0.0039163514
0.12889824 0.38921373 0.0038921373
0.12920762 0.38379379 0.0038379379
0.129517 0.38299781 0.0038299781
0.12982638 0.3785957 0.003785957
0.13013576 0.37672177 0.0037672177
0.13044514 0.37711481 0.0037711481
0.13075452 0.3736236 0.003736236
0.1310639 0.37199674 0.0037199674
0.13115598 0.37149263 0.0037149263
0.13137327 0.37028984 0.0037028984
0.13168265 0.36478272 0.0036478272
0.13199202 0.36396506 0.0036396506
0.1323014 0.36142024 0.0036142024
0.13261077 0.36010527 0.0036010527
0.13292015 0.35633371 0.0035633371
0.13322952 0.35499956 0.0035499956
0.13353889 0.35276342 0.0035276342
0.13384826 0.34736883 0.0034736883
0.13415763 0.34853674 0.0034853674
0.13431581 0.34751975 0.0034751975
0.134467 0.34654455 0.0034654455
0.13477637 0.34330136 0.0034330136
0.13508574 0.34232909 0.0034232909
0.1353951 0.33880143 0.0033880143
0.13570447 0.33685058 0.0033685058
0.13601383 0.33571414 0.0033571414
0.1363232 0.33527647 0.0033527647
0.13663256 0.33159448 0.0033159448
0.13694193 0.32699422 0.0032699422
0.13725129 0.3265089 0.003265089
0.13755177 0.32250942 0.0032250942
0.13756065 0.32239247 0.0032239247
0.13787001 0.32125261 0.0032125261
0.13817937 0.31926457 0.0031926457
0.13848873 0.31748535 0.0031748535
0.13879809 0.3164758 0.003164758
0.13910745 0.31460385 0.0031460385
0.13941681 0.30953483 0.0030953483
0.13972616 0.30658072 0.0030658072
0.14003552 0.3072211 0.003072211
0.14034488 0.30398986 0.0030398986
0.14065423 0.30192779 0.0030192779
0.14086569 0.30007182 0.0030007182
0.14096358 0.29922768 0.0029922768
0.14127294 0.29888788 0.0029888788
0.14158229 0.29572335 0.0029572335
0.14189164 0.29484079 0.0029484079
0.14220099 0.29067543 0.0029067543
0.14251034 0.28915346 0.0028915346
0.14281969 0.28993707 0.0028993707
0.14312904 0.28652915 0.0028652915
0.14343838 0.28374484 0.0028374484
0.14374773 0.28129187 0.0028129187
0.14405708 0.28382292 0.0028382292
0.14425945 0.28074697 0.0028074697
0.14436642 0.279116 0.00279116
0.14467577 0.27777774 0.0027777774
0.14498511 0.2747412 0.002747412
0.14529445 0.27324488 0.0027324488
0.14560379 0.27323722 0.0027323722
0.14591314 0.26782346 0.0026782346
0.14622248 0.26750019 0.0026750019
0.14653182 0.26754537 0.0026754537
0.14684115 0.26265939 0.0026265939
0.14715049 0.26088564 0.0026088564
0.14745983 0.25849795 0.0025849795
0.14773497 0.25981782 0.0025981782
0.14776917 0.25998124 0.0025998124
0.1480785 0.25720781 0.0025720781
0.14838784 0.25472834 0.0025472834
0.14869717 0.25273962 0.0025273962
0.1490065 0.25073508 0.0025073508
0.14931583 0.24883631 0.0024883631
0.14962517 0.2476119 0.002476119
0.1499345 0.24762672 0.0024762672
0.15024383 0.24395936 0.0024395936
0.15055316 0.24349739 0.0024349739
0.15086248 0.23882051 0.0023882051
0.15117181 0.23848526 0.0023848526
0.15129422 0.23792634 0.0023792634
0.15148114 0.23709987 0.0023709987
0.15179046 0.23531852 0.0023531852
0.15209979 0.23498808 0.0023498808
0.15240911 0.23079952 0.0023079952
0.15271844 0.22827571 0.0022827571
0.15302776 0.22997374 0.0022997374
0.15333708 0.22630431 0.0022630431
0.1536464 0.22448585 0.0022448585
0.15395572 0.22254301 0.0022254301
0.15426504 0.2209638 0.002209638
0.15457436 0.220107 0.00220107
0.15488367 0.21932788 0.0021932788
0.15493922 0.21914479 0.0021914479
0.15519299 0.21832535 0.0021832535
0.15550231 0.21506251 0.0021506251
0.15581162 0.21231943 0.0021231943
0.15612093 0.21148866 0.0021148866
0.15643025 0.20970208 0.0020970208
0.15673956 0.20846868 0.0020846868
0.15704887 0.20622147 0.0020622147
0.15735818 0.20518019 0.0020518019
0.15766749 0.20355995 0.0020355995
0.1579768 0.20308532 0.0020308532
0.15828611 0.2017138 0.002017138
0.15859542 0.20225068 0.0020225068
0.15867204 0.20168284 0.0020168284
0.15890472 0.19993522 0.0019993522
0.15921403 0.19707639 0.0019707639
0.15952333 0.19572083 0.0019572083
0.15983264 0.19303957 0.0019303957
0.16014194 0.19149818 0.0019149818
0.16045124 0.19087688 0.0019087688
0.16076054 0.18821391 0.0018821391
0.16106984 0.1869079 0.001869079
0.16137914 0.18502781 0.0018502781
0.16168844 0.18153423 0.0018153423
0.16199774 0.1851077 0.001851077
0.16230703 0.18134226 0.0018134226
0.16249479 0.18108423 0.0018108423
0.16261633 0.18094966 0.0018094966
0.16292562 0.17738015 0.0017738015
0.16323492 0.17815142 0.0017815142
0.16354421 0.17550744 0.0017550744
0.1638535 0.17637323 0.0017637323
0.16416279 0.17383013 0.0017383013
0.16447208 0.1750052 0.001750052
0.16478137 0.17087739 0.0017087739
0.16509066 0.17325301 0.0017325301
0.16539995 0.17071767 0.0017071767
0.16570924 0.16620621 0.0016620621
0.16601852 0.16677966 0.0016677966
0.16632781 0.16803396 0.0016803396
0.16640964 0.16731786 0.0016731786
0.16663709 0.1652787 0.001652787
0.16694637 0.16386947 0.0016386947
0.16725566 0.16153938 0.0016153938
0.16756494 0.16259638 0.0016259638
0.16787422 0.15943868 0.0015943868
0.1681835 0.15931464 0.0015931464
0.16849278 0.15625137 0.0015625137
0.16880205 0.15575182 0.0015575182
0.16911133 0.15424832 0.0015424832
0.16942061 0.14976623 0.0014976623
0.16972988 0.15059629 0.0015059629
0.17003916 0.14720336 0.0014720336
0.17034843 0.14712357 0.0014712357
0.17041881 0.14720713 0.0014720713
0.1706577 0.14753993 0.0014753993
0.17096697 0.14572369 0.0014572369
0.17127624 0.14495109 0.0014495109
0.17158551 0.14130436 0.0014130436
0.17189478 0.14499093 0.0014499093
0.17220405 0.14278332 0.0014278332
0.17251331 0.14052557 0.0014052557
0.17282258 0.13816254 0.0013816254
0.17313184 0.13933948 0.0013933948
0.17344111 0.13655688 0.0013655688
0.17375037 0.13462083 0.0013462083
0.17405963 0.13565781 0.0013565781
0.17436889 0.13152211 0.0013152211
0.17452457 0.13249529 0.0013249529
0.17467815 0.13346944 0.0013346944
0.17498741 0.12973062 0.0012973062
0.17529667 0.13235283 0.0013235283
0.17560593 0.13240379 0.0013240379
0.17591518 0.12902464 0.0012902464
0.17622444 0.12777122 0.0012777122
0.17653369 0.128175 0.00128175
0.17684295 0.12496928 0.0012496928
0.1771522 0.12553964 0.0012553964
0.17746145 0.12708412 0.0012708412
0.1777707 0.12353355 0.0012353355
0.17807995 0.12139321 0.0012139321
0.1783892 0.12419063 0.0012419063
0.17869844 0.12035327 0.0012035327
0.17872924 0.12008474 0.0012008474
0.17900769 0.11764935 0.0011764935
0.17931694 0.11362858 0.0011362858
0.17962618 0.11739984 0.0011739984
0.17993542 0.11696385 0.0011696385
0.18024467 0.11517806 0.0011517806
0.18055391 0.11600067 0.0011600067
0.18086315 0.11220856 0.0011220856
0.18117239 0.11266451 0.0011266451
0.18148163 0.10876358 0.0010876358
0.18179086 0.10927687 0.0010927687
0.1821001 0.11099376 0.0011099376
0.18240934 0.10891259 0.0010891259
0.18271857 0.10847367 0.0010847367
0.1830278 0.10660817 0.0010660817
0.18303521 0.10660501 0.0010660501
0.18333704 0.10650776 0.0010650776
0.18364627 0.10552796 0.0010552796
0.1839555 0.10626114 0.0010626114
0.18426473 0.10224806 0.0010224806
0.18457396 0.10213976 0.0010213976
0.18488318 0.10349084 0.0010349084
0.18519241 0.099557067 0.00099557067
0.18550164 0.10098276 0.0010098276
0.18581086 0.099668273 0.00099668273
0.18612009 0.097484478 0.00097484478
0.18642931 0.098836679 0.00098836679
0.18673853 0.095951527 0.00095951527
0.18704775 0.095684409 0.00095684409
0.18735697 0.095677327 0.00095677327
0.18744492 0.096009067 0.00096009067
0.18766619 0.096835829 0.00096835829
0.1879754 0.093978062 0.00093978062
0.18828462 0.092421813 0.00092421813
0.18859384 0.093201199 0.00093201199
0.18890305 0.092641969 0.00092641969
0.18921226 0.091529287 0.00091529287
0.18952148 0.091917333 0.00091917333
0.18983069 0.092051573 0.00092051573
0.1901399 0.088341879 0.00088341879
0.19044911 0.087910387 0.00087910387
0.19075832 0.087994993 0.00087994993
0.19106752 0.088775319 0.00088775319
0.19137673 0.08450003 0.0008450003
0.19168593 0.083983349 0.00083983349
0.19196087 0.084038077 0.00084038077
0.19199514 0.084045376 0.00084045376
0.19230434 0.083400175 0.00083400175
0.19261354 0.08356735 0.0008356735
0.19292274 0.082306913 0.00082306913
0.19323194 0.080782706 0.00080782706
0.19354114 0.081634529 0.00081634529
0.19385034 0.078270668 0.00078270668
0.19415954 0.078532332 0.00078532332
0.19446873 0.081156169 0.00081156169
0.19477793 0.076400951 0.00076400951
0.19508712 0.076859517 0.00076859517
0.19539631 0.077719087 0.00077719087
0.1957055 0.075423137 0.00075423137
0.19601469 0.073914218 0.00073914218
0.19632388 0.075497585 0.00075497585
0.19658562 0.072208805 0.00072208805
0.19663307 0.071620454 0.00071620454
0.19694226 0.071922731 0.00071922731
0.19725144 0.07260529 0.0007260529
0.19756063 0.070869536 0.00070869536
0.19786981 0.073129121 0.00073129121
0.19817899 0.072563237 0.00072563237
0.19848818 0.072726235 0.00072726235
0.19879736 0.071406242 0.00071406242
0.19910654 0.068440196 0.00068440196
0.19941572 0.06829935 0.0006829935
0.19972489 0.067588453 0.00067588453
0.20003407 0.067984677 0.00067984677
0.20034324 0.065310092 0.00065310092
0.20065242 0.064940347 0.00064940347
0.20096159 0.067284972 0.00067284972
0.20127076 0.065450255 0.00065450255
0.2013218 0.065552894 0.00065552894
0.20157993 0.066094429 0.00066094429
0.2018891 0.063522961 0.00063522961
0.20219827 0.064709313 0.00064709313
0.20250744 0.06305586 0.0006305586
0.20281661 0.063421189 0.00063421189
0.20312577 0.061618 0.00061618
0.20343493 0.06142058 0.0006142058
0.2037441 0.061547978 0.00061547978
0.20405326 0.060681515 0.00060681515
0.20436242 0.061167675 0.00061167675
0.20467158 0.058737429 0.00058737429
0.20498074 0.058544102 0.00058544102
0.2052899 0.058545171 0.00058545171
0.20559905 0.058735549 0.00058735549
0.20590821 0.05819512 0.0005819512
0.20617207 0.061664795 0.00061664795
0.20621736 0.062254009 0.00062254009
0.20652651 0.057034052 0.00057034052
0.20683567 0.056939676 0.00056939676
0.20714482 0.053507129 0.00053507129
0.20745397 0.056890556 0.00056890556
0.20776312 0.056383864 0.00056383864
0.20807226 0.054875509 0.00054875509
0.20838141 0.056060279 0.00056060279
0.20869055 0.05346429 0.0005346429
0.2089997 0.052017972 0.00052017972
0.20930884 0.054452499 0.00054452499
0.20961798 0.054276269 0.00054276269
0.20992712 0.051863843 0.00051863843
0.21023626 0.051555038 0.00051555038
0.2105454 0.053226856 0.00053226856
0.21085454 0.05108195 0.0005108195
0.2111392 0.052850483 0.00052850483
0.21116367 0.05300344 0.0005300344
0.21147281 0.048824522 0.00048824522
0.21178194 0.050258259 0.00050258259
0.21209107 0.048691138 0.00048691138
0.21240021 0.045784289 0.00045784289
0.21270934 0.049602119 0.00049602119
0.21301846 0.049201102 0.00049201102
0.21332759 0.048347103 0.00048347103
0.21363672 0.045222391 0.00045222391
0.21394584 0.047965056 0.00047965056
0.21425497 0.046951573 0.00046951573
0.21456409 0.044465426 0.00044465426
0.21487321 0.046104087 0.00046104087
0.21518234 0.046214688 0.00046214688
0.21549145 0.047392184 0.00047392184
0.21580057 0.046042076 0.00046042076
0.21610969 0.0450935 0.000450935
0.216226 0.045136003 0.00045136003
0.21641881 0.045224857 0.00045224857
0.21672792 0.046981601 0.00046981601
0.21703704 0.043726597 0.00043726597
0.21734615 0.044468487 0.00044468487
0.21765526 0.041977222 0.00041977222
0.21796437 0.043896915 0.00043896915
0.21827348 0.042054941 0.00042054941
0.21858259 0.043553994 0.00043553994
0.21889169 0.039778847 0.00039778847
0.2192008 0.040554734 0.00040554734
0.2195099 0.04137621 0.0004137621
0.21981901 0.044414766 0.00044414766
0.22012811 0.041052516 0.00041052516
0.22043721 0.041790203 0.00041790203
0.22074631 0.038699817 0.00038699817
0.22105541 0.040124028 0.00040124028
0.2213645 0.041179013 0.00041179013
0.22143535 0.040717625 0.00040717625
0.2216736 0.039159812 0.00039159812
0.22198269 0.041829559 0.00041829559
0.22229179 0.039269114 0.00039269114
0.22260088 0.040450703 0.00040450703
0.22290997 0.039547569 0.00039547569
0.22321906 0.040882539 0.00040882539
0.22352815 0.03893202 0.0003893202
0.22383724 0.037824179 0.00037824179
0.22414632 0.036213967 0.00036213967
0.22445541 0.035448182 0.00035448182
0.22476449 0.03530506 0.0003530506
0.22507357 0.034800599 0.00034800599
0.22538265 0.036614141 0.00036614141
0.22569174 0.036093889 0.00036093889
0.22600081 0.036443654 0.00036443654
0.22630989 0.037623935 0.00037623935
0.22661897 0.033802322 0.00033802322
0.2267702 0.035200874 0.00035200874
0.22692804 0.036679731 0.00036679731
0.22723712 0.035307103 0.00035307103
0.22754619 0.035939554 0.00035939554
0.22785526 0.033651917 0.00033651917
0.22816433 0.035725395 0.00035725395
0.2284734 0.036749767 0.00036749767
0.22878247 0.034279177 0.00034279177
0.22909153 0.033719675 0.00033719675
0.2294006 0.034801984 0.00034801984
0.22970966 0.033700224 0.00033700224
0.23001873 0.036761463 0.00036761463
0.23032779 0.033943308 0.00033943308
0.23063685 0.033201614 0.00033201614
0.23094591 0.033471428 0.00033471428
0.23125496 0.035109586 0.00035109586
0.23156402 0.031969461 0.00031969461
0.23187308 0.034581499 0.00034581499
0.23218213 0.03398843 0.0003398843
0.23223358 0.034207814 0.00034207814
0.23249118 0.035281961 0.00035281961
0.23280023 0.034409113 0.00034409113
0.23310928 0.031076477 0.00031076477
0.23341833 0.035734306 0.00035734306
0.23372738 0.031527607 0.00031527607
0.23403643 0.032456089 0.00032456089
0.23434547 0.031672623 0.00031672623
0.23465451 0.033171611 0.00033171611
0.23496356 0.030318698 0.00030318698
0.2352726 0.030232779 0.00030232779
0.23558164 0.030739972 0.00030739972
0.23589068 0.030572775 0.00030572775
0.23619971 0.031355153 0.00031355153
0.23650875 0.029175222 0.00029175222
0.23681778 0.028784774 0.00028784774
0.23712682 0.031902618 0.00031902618
0.23743585 0.030099842 0.00030099842
0.23774488 0.029783507 0.00029783507
0.23782859 0.029519431 0.00029519431
0.23805391 0.028825442 0.00028825442
0.23836294 0.028908027 0.00028908027
0.23867197 0.027852416 0.00027852416
0.23898099 0.02653618 0.0002653618
0.23929002 0.030186484 0.00030186484
0.23959904 0.028570362 0.00028570362
0.23990806 0.0269094 0.000269094
0.24021708 0.029587026 0.00029587026
0.2405261 0.029122139 0.00029122139
0.24083512 0.031991775 0.00031991775
0.24114413 0.032354317 0.00032354317
0.24145315 0.027349751 0.00027349751
0.24176216 0.025989426 0.00025989426
0.24207118 0.030122197 0.00030122197
0.24238019 0.029732524 0.00029732524
0.2426892 0.028583251 0.00028583251
0.24299821 0.02679359 0.0002679359
0.24330721 0.027203514 0.00027203514
0.24355839 0.02771445 0.0002771445
0.24361622 0.027833658 0.00027833658
0.24392522 0.028640959 0.00028640959
0.24423423 0.027098111 0.00027098111
0.24454323 0.024820396 0.00024820396
0.24485223 0.026684996 0.00026684996
0.24516123 0.029263255 0.00029263255
0.24547023 0.025781783 0.00025781783
0.24577922 0.027659508 0.00027659508
0.24608822 0.027694606 0.00027694606
0.24639721 0.028834896 0.00028834896
0.24670621 0.029952146 0.00029952146
0.2470152 0.02691988 0.0002691988
0.24732419 0.025630903 0.00025630903
0.24763318 0.028949498 0.00028949498
0.24794216 0.02917908 0.0002917908
0.24825115 0.027244335 0.00027244335
0.24856013 0.0267134 0.000267134
0.24886912 0.026005011 0.00026005011
0.2491781 0.028387085 0.00028387085
0.24942624 0.026965957 0.00026965957
0.24948708 0.026614842 0.00026614842
0.24979606 0.027921452 0.00027921452
0.25010504 0.026288488 0.00026288488
0.25041401 0.023663581 0.00023663581
0.25072299 0.026262941 0.00026262941
0.25103196 0.026501673 0.00026501673
0.25134093 0.025998091 0.00025998091
0.2516499 0.023513123 0.00023513123
0.25195887 0.025361172 0.00025361172
0.25226784 0.026435357 0.00026435357
0.25257681 0.02751302 0.0002751302
0.25288577 0.02798978 0.0002798978
0.25319474 0.027513821 0.00027513821
0.2535037 0.026214875 0.00026214875
0.25381266 0.028245108 0.00028245108
0.25412162 0.027261922 0.00027261922
0.25443058 0.028215822 0.00028215822
0.25473954 0.028857313 0.00028857313
0.25504849 0.025477368 0.00025477368
0.25535745 0.023669378 0.00023669378
0.25543545 0.024370527 0.00024370527
0.2556664 0.02646883 0.0002646883
0.25597535 0.025488924 0.00025488924
0.2562843 0.027058737 0.00027058737
0.25659325 0.027664264 0.00027664264
0.2569022 0.028240512 0.00028240512
0.25721115 0.027086227 0.00027086227
0.25752009 0.024538653 0.00024538653
0.25782903 0.029354366 0.00029354366
0.25813798 0.027590867 0.00027590867
0.25844692 0.027165189 0.00027165189
0.25875585 0.024541307 0.00024541307
0.25906479 0.029081588 0.00029081588
0.25937373 0.026746792 0.00026746792
0.25968266 0.024242329 0.00024242329
0.2599916 0.02753717 0.0002753717
0.26030053 0.027458527 0.00027458527
0.26060946 0.028481873 0.00028481873
0.26091839 0.027999123 0.00027999123
0.26122732 0.028386197 0.00028386197
0.26153624 0.025346476 0.00025346476
0.26158944 0.025846189 0.00025846189
0.26184517 0.028241766 0.00028241766
0.26215409 0.025346245 0.00025346245
0.26246301 0.026315238 0.00026315238
0.26277193 0.026857773 0.00026857773
0.26308085 0.027709546 0.00027709546
0.26338977 0.029535456 0.00029535456
0.26369869 0.025074669 0.00025074669
0.2640076 0.0296919 0.000296919
0.26431651 0.028016786 0.00028016786
0.26462543 0.027382235 0.00027382235
0.26493434 0.025104495 0.00025104495
0.26524325 0.026927636 0.00026927636
0.26555215 0.023682632 0.00023682632
0.26586106 0.024632765 0.00024632765
0.26616996 0.027897215 0.00027897215
0.26647887 0.026916713 0.00026916713
0.26678777 0.028629004 0.00028629004
0.26709667 0.025167909 0.00025167909
0.26740557 0.026928378 0.00026928378
0.26771447 0.026801628 0.00026801628
0.2678917 0.026278031 0.00026278031
0.26802336 0.025892215 0.00025892215
0.26833226 0.024442476 0.00024442476
0.26864115 0.029163711 0.00029163711
0.26895004 0.027365536 0.00027365536
0.26925893 0.027373543 0.00027373543
0.26956782 0.025866598 0.00025866598
0.26987671 0.027978836 0.00027978836
0.27018559 0.028016275 0.00028016275
0.27049448 0.027756308 0.00027756308
0.27080336 0.028241024 0.00028241024
0.27111224 0.027409288 0.00027409288
0.27142112 0.025463941 0.00025463941
0.27173 0.027472055 0.00027472055
0.27203888 0.02784497 0.0002784497
0.27234775 0.027501069 0.00027501069
0.27265663 0.02206147 0.0002206147
0.2729655 0.027021894 0.00027021894
0.27327437 0.028895633 0.00028895633
0.27358324 0.026680114 0.00026680114
0.27389211 0.028419138 0.00028419138
0.27420098 0.027563886 0.00027563886
0.27434578 0.027812437 0.00027812437
0.27450984 0.028091702 0.00028091702
0.2748187 0.026933417 0.00026933417
0.27512757 0.024897599 0.00024897599
0.27543643 0.028421252 0.00028421252
0.27574529 0.02886639 0.0002886639
0.27605414 0.027277657 0.00027277657
0.276363 0.027816662 0.00027816662
0.27667185 0.024917137 0.00024917137
0.27698071 0.025981385 0.00025981385
0.27728956 0.026468386 0.00026468386
0.27759841 0.027922503 0.00027922503
0.27790726 0.025979562 0.00025979562
0.2782161 0.026245027 0.00026245027
0.27852495 0.026238411 0.00026238411
0.27883379 0.028294451 0.00028294451
0.27914264 0.027331599 0.00027331599
0.27945148 0.026660193 0.00026660193
0.27976032 0.029176927 0.00029176927
0.28006915 0.026475787 0.00026475787
0.28037799 0.027828677 0.00027828677
0.28068683 0.027778204 0.00027778204
0.28095536 0.028736476 0.00028736476
0.28099566 0.02887933 0.0002887933
0.28130449 0.027514304 0.00027514304
0.28161332 0.028744429 0.00028744429
0.28192215 0.027752281 0.00027752281
0.28223098 0.027246691 0.00027246691
0.2825398 0.030515768 0.00030515768
0.28284863 0.02822588 0.0002822588
0.28315745 0.027722862 0.00027722862
0.28346627 0.029603243 0.00029603243
0.28377509 0.028379428 0.00028379428
0.28408391 0.030863187 0.00030863187
0.28439272 0.027580179 0.00027580179
0.28470154 0.027541424 0.00027541424
0.28501035 0.02789901 0.0002789901
0.28531916 0.028067188 0.00028067188
0.28562797 0.029725187 0.00029725187
0.28593678 0.028240487 0.00028240487
0.28624559 0.029649242 0.00029649242
0.2865544 0.030641925 0.00030641925
0.2868632 0.0268068 0.000268068
0.287172 0.027089625 0.00027089625
0.2874808 0.026417213 0.00026417213
0.28772418 0.028559377 0.00028559377
0.2877896 0.029134868 0.00029134868
0.2880984 0.027655765 0.00027655765
0.2884072 0.027761089 0.00027761089
0.28871599 0.026900901 0.00026900901
0.28902478 0.027017219 0.00027017219
0.28933358 0.027080815 0.00027080815
0.28964237 0.030487538 0.00030487538
0.28995115 0.028922286 0.00028922286
0.29025994 0.028916457 0.00028916457
0.29056873 0.030050606 0.00030050606
0.29087751 0.026243812 0.00026243812
0.29118629 0.029159435 0.00029159435
0.29149507 0.027467619 0.00027467619
0.29180385 0.029789412 0.00029789412
0.29211263 0.032086237 0.00032086237
0.2924214 0.026702082 0.00026702082
0.29273018 0.03066996 0.0003066996
0.29303895 0.02945963 0.0002945963
0.29334772 0.026686012 0.00026686012
0.29365649 0.027493182 0.00027493182
0.29396526 0.026469737 0.00026469737
0.29427402 0.027136731 0.00027136731
0.29458279 0.028419945 0.00028419945
0.29465608 0.028157804 0.00028157804
0.29489155 0.027322913 0.00027322913
0.29520031 0.029231034 0.00029231034
0.29550907 0.029007268 0.00029007268
0.29581783 0.028256964 0.00028256964
0.29612659 0.030490052 0.00030490052
0.29643534 0.028254319 0.00028254319
0.2967441 0.02661803 0.0002661803
0.29705285 0.030139629 0.00030139629
0.2973616 0.029660801 0.00029660801
0.29767035 0.028898691 0.00028898691
0.29797909 0.028974843 0.00028974843
0.29828784 0.029433165 0.00029433165
0.29859658 0.031830015 0.00031830015
0.29890532 0.030823639 0.00030823639
0.29921406 0.027918552 0.00027918552
0.2995228 0.033907811 0.00033907811
0.29983154 0.028112746 0.00028112746
