0.010059664 33.493061 0.33493061
0.010369191 31.113172 0.31113172
0.010678719 29.099563 0.29099563
0.010988246 27.088358 0.27088358
0.011297773 25.508298 0.25508298
0.0116073 23.957522 0.23957522
0.011916828 22.631387 0.22631387
0.012226355 21.413518 0.21413518
0.012535882 20.427766 0.20427766
0.012845409 19.383466 0.19383466
0.013154936 18.501265 0.18501265
0.013464463 17.752552 0.17752552
0.013773989 17.001385 0.17001385
0.014083516 16.402206 0.16402206
0.014393043 15.84473 0.1584473
0.014702569 15.221919 0.15221919
0.015012096 14.701566 0.14701566
0.015321622 14.247476 0.14247476
0.015631148 13.826473 0.13826473
0.015940675 13.486613 0.13486613
0.016250201 13.111625 0.13111625
0.016559727 12.779012 0.12779012
0.016869253 12.467255 0.12467255
0.017178779 12.157564 0.12157564
0.017488304 11.89923 0.1189923
0.01779783 11.651944 0.11651944
0.018107355 11.464378 0.11464378
0.018416881 11.229397 0.11229397
0.018726406 10.970927 0.10970927
0.019035932 10.791499 0.10791499
0.019345457 10.614387 0.10614387
0.019654982 10.382351 0.10382351
0.019964507 10.25129 0.1025129
0.020274032 10.109499 0.10109499
0.020583556 9.9568269 0.099568269
0.020893081 9.8030334 0.098030334
0.021202605 9.6644823 0.096644823
0.02151213 9.5235868 0.095235868
0.021821654 9.4273828 0.094273828
0.022131178 9.3182022 0.093182022
0.022440702 9.2221132 0.092221132
0.022750226 9.1169159 0.091169159
0.02305975 8.9923715 0.089923715
0.023369274 8.9090017 0.089090017
0.023678797 8.8114814 0.088114814
0.023988321 8.7344533 0.087344533
0.024297844 8.6413539 0.086413539
0.024607367 8.5473476 0.085473476
0.02491689 8.4451745 0.084451745
0.025226413 8.399663 0.08399663
0.025535936 8.3189469 0.083189469
0.025845458 8.2637536 0.082637536
0.026154981 8.1593303 0.081593303
0.026464503 8.1224779 0.081224779
0.026774025 8.0844105 0.080844105
0.027083547 7.9760145 0.079760145
0.027393069 7.9458872 0.079458872
0.027702591 7.8702192 0.078702192
0.028012112 7.8053718 0.078053718
0.028321634 7.7437703 0.077437703
0.028631155 7.6412006 0.076412006
0.028940676 7.6283949 0.076283949
0.029250197 7.5740856 0.075740856
0.029559718 7.4842767 0.074842767
0.029869238 7.4472151 0.074472151
0.030178759 7.4102779 0.074102779
0.030488279 7.351047 0.07351047
0.030797799 7.3187957 0.073187957
0.031107319 7.2355299 0.072355299
0.031416839 7.2175452 0.072175452
0.031726359 7.1554684 0.071554684
0.032035878 7.1081966 0.071081966
0.032345397 7.0837498 0.070837498
0.032654916 7.0378248 0.070378248
0.032964435 6.9896429 0.069896429
0.033273954 6.942697 0.06942697
0.033583473 6.9367224 0.069367224
0.033892991 6.8511241 0.068511241
0.034202509 6.8183251 0.068183251
0.034512027 6.7994417 0.067994417
0.034821545 6.768046 0.06768046
0.035131063 6.7138059 0.067138059
0.03544058 6.6836233 0.066836233
0.035750097 6.6390243 0.066390243
0.036059614 6.5964378 0.065964378
0.036369131 6.5736794 0.065736794
0.036678648 6.5286541 0.065286541
0.036988164 6.4980682 0.064980682
0.03729768 6.4737508 0.064737508
0.037607196 6.4418304 0.064418304
0.037916712 6.4007836 0.064007836
0.038226228 6.3649421 0.063649421
0.038535743 6.3457667 0.063457667
0.038845259 6.3073648 0.063073648
0.039154774 6.2721717 0.062721717
0.039464288 6.2299733 0.062299733
0.039773803 6.1894247 0.061894247
0.040083317 6.1765547 0.061765547
0.040392831 6.1588588 0.061588588
0.040702345 6.116802 0.06116802
0.041011859 6.0734342 0.060734342
0.041321372 6.052657 0.06052657
0.041630886 6.0265013 0.060265013
0.041940399 6.0049106 0.060049106
0.042249911 5.9696081 0.059696081
0.042559424 5.9281941 0.059281941
0.042868936 5.9003085 0.059003085
0.043178448 5.8688299 0.058688299
0.04348796 5.848268 0.05848268
0.043797472 5.8184437 0.058184437
0.044106983 5.777479 0.05777479
0.044416494 5.7705277 0.057705277
0.044726005 5.7317194 0.057317194
0.045035516 5.7007025 0.057007025
0.045345026 5.6714873 0.056714873
0.045654536 5.6626083 0.056626083
0.045964046 5.6088778 0.056088778
0.046273556 5.5683664 0.055683664
0.046583065 5.5507401 0.055507401
0.046892575 5.5021539 0.055021539
0.047202083 5.4942776 0.054942776
0.047511592 5.4637739 0.054637739
0.0478211 5.4413107 0.054413107
0.048130609 5.415799 0.05415799
0.048440116 5.3792154 0.053792154
0.048749624 5.3753182 0.053753182
0.049059131 5.3495199 0.053495199
0.049368638 5.2877074 0.052877074
0.049678145 5.3056575 0.053056575
0.049987652 5.2623966 0.052623966
0.050297158 5.2395738 0.052395738
0.050606664 5.2165137 0.052165137
0.05091617 5.1914945 0.051914945
0.051225675 5.1796295 0.051796295
0.05153518 5.147505 0.05147505
0.051844685 5.1252853 0.051252853
0.05215419 5.11598 0.0511598
0.052463694 5.0646158 0.050646158
0.052773198 5.0492657 0.050492657
0.053082702 5.0268938 0.050268938
0.053392205 5.0114092 0.050114092
0.053701708 4.9960722 0.049960722
0.054011211 4.9781575 0.049781575
0.054320713 4.9455994 0.049455994
0.054630216 4.9182721 0.049182721
0.054939718 4.8769103 0.048769103
0.055249219 4.8601577 0.048601577
0.055558721 4.8229247 0.048229247
0.055868222 4.8212051 0.048212051
0.056177722 4.7941866 0.047941866
0.056487223 4.7669441 0.047669441
0.056796723 4.7423378 0.047423378
0.057106223 4.7294493 0.047294493
0.057415722 4.7052649 0.047052649
0.057725221 4.6859737 0.046859737
0.05803472 4.6701105 0.046701105
0.058344219 4.6524678 0.046524678
0.058653717 4.6149539 0.046149539
0.058963215 4.5672801 0.045672801
0.059272713 4.5645763 0.045645763
0.05958221 4.5614392 0.045614392
0.059891707 4.5307911 0.045307911
0.060201203 4.5071742 0.045071742
0.0605107 4.4933825 0.044933825
0.060820196 4.467517 0.04467517
0.061129691 4.4420033 0.044420033
0.061439187 4.4429364 0.044429364
0.061748681 4.4056058 0.044056058
0.062058176 4.3965789 0.043965789
0.06236767 4.370736 0.04370736
0.062677164 4.3515233 0.043515233
0.062986658 4.3358264 0.043358264
0.063296151 4.3019156 0.043019156
0.063605644 4.2905606 0.042905606
0.063915137 4.2654032 0.042654032
0.064224629 4.2560635 0.042560635
0.064534121 4.2348071 0.042348071
0.064843612 4.2056929 0.042056929
0.065153103 4.2002658 0.042002658
0.065462594 4.1696252 0.041696252
0.065772085 4.1384257 0.041384257
0.066081575 4.1290688 0.041290688
0.066391064 4.093717 0.04093717
0.066700554 4.0819451 0.040819451
0.067010043 4.060144 0.04060144
0.067319531 4.0481081 0.040481081
0.06762902 4.0289609 0.040289609
0.067938508 4.0090887 0.040090887
0.068247995 3.9958369 0.039958369
0.068557482 3.9602027 0.039602027
0.068866969 3.9483206 0.039483206
0.069176455 3.9251518 0.039251518
0.069485941 3.9126087 0.039126087
0.069795427 3.894568 0.03894568
0.070104912 3.8722473 0.038722473
0.070414397 3.8476267 0.038476267
0.070723882 3.8359578 0.038359578
0.071033366 3.8213272 0.038213272
0.07134285 3.7881647 0.037881647
0.071652333 3.7766581 0.037766581
0.071961816 3.7543314 0.037543314
0.072271298 3.7345606 0.037345606
0.07258078 3.7252407 0.037252407
0.072890262 3.6986285 0.036986285
0.073199744 3.6880787 0.036880787
0.073509225 3.66095 0.0366095
0.073818705 3.6395377 0.036395377
0.074128185 3.6225041 0.036225041
0.074437665 3.6087977 0.036087977
0.074747144 3.5911898 0.035911898
0.075056623 3.5699214 0.035699214
0.075366102 3.5535063 0.035535063
0.07567558 3.53451 0.0353451
0.075985058 3.5243842 0.035243842
0.076294535 3.4936525 0.034936525
0.076604012 3.4815818 0.034815818
0.076913488 3.4725389 0.034725389
0.077222964 3.4533879 0.034533879
0.07753244 3.4284031 0.034284031
0.077841915 3.4163635 0.034163635
0.07815139 3.4044816 0.034044816
0.078460864 3.391604 0.03391604
0.078770338 3.3653353 0.033653353
0.079079812 3.3403831 0.033403831
0.079389285 3.3346822 0.033346822
0.079698757 3.3144585 0.033144585
0.080008229 3.298711 0.03298711
0.080317701 3.2823403 0.032823403
0.080627172 3.2629189 0.032629189
0.080936643 3.253595 0.03253595
0.081246114 3.2238865 0.032238865
0.081555584 3.2126281 0.032126281
0.081865053 3.1977709 0.031977709
0.082174522 3.1820203 0.031820203
0.082483991 3.1633468 0.031633468
0.082793459 3.1417582 0.031417582
0.083102927 3.1316211 0.031316211
0.083412394 3.1207745 0.031207745
0.083721861 3.093634 0.03093634
0.084031327 3.0835405 0.030835405
0.084340793 3.0690819 0.030690819
0.084650259 3.0412256 0.030412256
0.084959724 3.0366587 0.030366587
0.085269188 3.0139812 0.030139812
0.085578652 3.0044196 0.030044196
0.085888116 2.9864201 0.029864201
0.086197579 2.9700572 0.029700572
0.086507042 2.9557918 0.029557918
0.086816504 2.9473834 0.029473834
0.087125966 2.9255016 0.029255016
0.087435427 2.9028875 0.029028875
0.087744888 2.892813 0.02892813
0.088054348 2.8818585 0.028818585
0.088363808 2.864248 0.02864248
0.088673267 2.8482034 0.028482034
0.088982726 2.8325331 0.028325331
0.089292184 2.8173505 0.028173505
0.089601642 2.8085285 0.028085285
0.089911099 2.7851107 0.027851107
0.090220556 2.7770031 0.027770031
0.090530013 2.7598627 0.027598627
0.090839469 2.7535362 0.027535362
0.091148924 2.7295966 0.027295966
0.091458379 2.7206712 0.027206712
0.091767833 2.7117943 0.027117943
0.092077287 2.6854914 0.026854914
0.092386741 2.6749713 0.026749713
0.092696194 2.6651078 0.026651078
0.093005646 2.6459061 0.026459061
0.093315098 2.6301712 0.026301712
0.093624549 2.6209278 0.026209278
0.093934 2.6033935 0.026033935
0.09424345 2.5884074 0.025884074
0.0945529 2.5695003 0.025695003
0.09486235 2.5658204 0.025658204
0.095171798 2.5433321 0.025433321
0.095481247 2.5328129 0.025328129
0.095790694 2.5207494 0.025207494
0.096100142 2.5074808 0.025074808
0.096409588 2.4901462 0.024901462
0.096719035 2.4785979 0.024785979
0.09702848 2.4601673 0.024601673
0.097337925 2.4501013 0.024501013
0.09764737 2.4455725 0.024455725
0.097956814 2.426366 0.02426366
0.098266257 2.4211418 0.024211418
0.0985757 2.4024294 0.024024294
0.098885143 2.3899142 0.023899142
0.099194585 2.3737288 0.023737288
0.099504026 2.3643244 0.023643244
0.099813467 2.3488533 0.023488533
0.10012291 2.3358757 0.023358757
0.10043235 2.3198421 0.023198421
0.10074179 2.3089558 0.023089558
0.10105122 2.2948072 0.022948072
0.10136066 2.2850914 0.022850914
0.1016701 2.2711294 0.022711294
0.10197954 2.2548331 0.022548331
0.10228897 2.2490239 0.022490239
0.10259841 2.2352343 0.022352343
0.10290785 2.2262147 0.022262147
0.10321728 2.2144703 0.022144703
0.10352671 2.1936434 0.021936434
0.10383615 2.1780716 0.021780716
0.10414558 2.17552 0.0217552
0.10445501 2.1644826 0.021644826
0.10476445 2.1455835 0.021455835
0.10507388 2.1316021 0.021316021
0.10538331 2.1226057 0.021226057
0.10569274 2.1149904 0.021149904
0.10600217 2.1090027 0.021090027
0.1063116 2.089762 0.02089762
0.10662102 2.084158 0.02084158
0.10693045 2.0673987 0.020673987
0.10723988 2.0565831 0.020565831
0.10754931 2.0440398 0.020440398
0.10785873 2.0373163 0.020373163
0.10816816 2.0158383 0.020158383
0.10847758 2.0022143 0.020022143
0.10878701 1.9974675 0.019974675
0.10909643 1.9870625 0.019870625
0.10940585 1.9768447 0.019768447
0.10971528 1.9690473 0.019690473
0.1100247 1.9557158 0.019557158
0.11033412 1.9478438 0.019478438
0.11064354 1.9391137 0.019391137
0.11095296 1.9368469 0.019368469
0.11126238 1.9331226 0.019331226
0.1115718 1.92925 0.0192925
0.11188122 1.9500284 0.019500284
0.11219064 1.987837 0.01987837
0.11250005 2.1710891 0.021710891
0.11280947 2.5954312 0.025954312
0.11311889 2.6957283 0.026957283
0.1134283 2.2769518 0.022769518
0.11373772 2.0018729 0.020018729
0.11404713 1.8629348 0.018629348
0.11435654 1.817456 0.01817456
0.11466596 1.7932349 0.017932349
0.11497537 1.7854107 0.017854107
0.11528478 1.7668251 0.017668251
0.11559419 1.7559632 0.017559632
0.1159036 1.7457714 0.017457714
0.11621301 1.7328954 0.017328954
0.11652242 1.7237846 0.017237846
0.11683183 1.7130879 0.017130879
0.11714124 1.7036502 0.017036502
0.11745064 1.6914416 0.016914416
0.11776005 1.6778727 0.016778727
0.11806945 1.6729617 0.016729617
0.11837886 1.6597984 0.016597984
0.11868826 1.6496827 0.016496827
0.11899767 1.6428179 0.016428179
0.11930707 1.632609 0.01632609
0.11961647 1.6162542 0.016162542
0.11992588 1.6125013 0.016125013
0.12023528 1.6001892 0.016001892
0.12054468 1.5920276 0.015920276
0.12085408 1.5809433 0.015809433
0.12116348 1.569056 0.01569056
0.12147288 1.5623312 0.015623312
0.12178227 1.5566076 0.015566076
0.12209167 1.5425796 0.015425796
0.12240107 1.5340573 0.015340573
0.12271046 1.5273972 0.015273972
0.12301986 1.5154044 0.015154044
0.12332925 1.5065631 0.015065631
0.12363865 1.4937562 0.014937562
0.12394804 1.4890646 0.014890646
0.12425743 1.4794027 0.014794027
0.12456683 1.4643982 0.014643982
0.12487622 1.4616591 0.014616591
0.12518561 1.4516271 0.014516271
0.125495 1.442368 0.01442368
0.12580439 1.4332437 0.014332437
0.12611377 1.4235925 0.014235925
0.12642316 1.4151163 0.014151163
0.12673255 1.4078114 0.014078114
0.12704194 1.3990915 0.013990915
0.12735132 1.3899163 0.013899163
0.12766071 1.3837683 0.013837683
0.12797009 1.3699276 0.013699276
0.12827947 1.3616066 0.013616066
0.12858886 1.3519635 0.013519635
0.12889824 1.3477327 0.013477327
0.12920762 1.3403763 0.013403763
0.129517 1.3297781 0.013297781
0.12982638 1.3186833 0.013186833
0.13013576 1.3105308 0.013105308
0.13044514 1.3034623 0.013034623
0.13075452 1.2958998 0.012958998
0.1310639 1.2843087 0.012843087
0.13137327 1.2797416 0.012797416
0.13168265 1.2696635 0.012696635
0.13199202 1.2595784 0.012595784
0.1323014 1.2549471 0.012549471
0.13261077 1.2460996 0.012460996
0.13292015 1.2400302 0.012400302
0.13322952 1.232266 0.01232266
0.13353889 1.2219687 0.012219687
0.13384826 1.2104086 0.012104086
0.13415763 1.2060964 0.012060964
0.134467 1.2013479 0.012013479
0.13477637 1.1915543 0.011915543
0.13508574 1.1851947 0.011851947
0.1353951 1.1773766 0.011773766
0.13570447 1.1719703 0.011719703
0.13601383 1.1584704 0.011584704
0.1363232 1.1587092 0.011587092
0.13663256 1.1474055 0.011474055
0.13694193 1.1414844 0.011414844
0.13725129 1.1308314 0.011308314
0.13756065 1.1224538 0.011224538
0.13787001 1.1147101 0.011147101
0.13817937 1.1110307 0.011110307
0.13848873 1.1025883 0.011025883
0.13879809 1.0938473 0.010938473
0.13910745 1.0898964 0.010898964
0.13941681 1.0793958 0.010793958
0.13972616 1.0755964 0.010755964
0.14003552 1.0673281 0.010673281
0.14034488 1.0603448 0.010603448
0.14065423 1.0495795 0.010495795
0.14096358 1.0429005 0.010429005
0.14127294 1.037804 0.01037804
0.14158229 1.0310066 0.010310066
0.14189164 1.0210681 0.010210681
0.14220099 1.0152876 0.010152876
0.14251034 1.0141316 0.010141316
0.14281969 0.99978969 0.0099978969
0.14312904 0.99830299 0.0099830299
0.14343838 0.99000528 0.0099000528
0.14374773 0.98100801 0.0098100801
0.14405708 0.97596399 0.0097596399
0.14436642 0.96732418 0.0096732418
0.14467577 0.95889145 0.0095889145
0.14498511 0.95556556 0.0095556556
0.14529445 0.94969425 0.0094969425
0.14560379 0.94298984 0.0094298984
0.14591314 0.93874473 0.0093874473
0.14622248 0.93210975 0.0093210975
0.14653182 0.92150335 0.0092150335
0.14684115 0.91934449 0.0091934449
0.14715049 0.90674192 0.0090674192
0.14745983 0.90503476 0.0090503476
0.14776917 0.89906914 0.0089906914
0.1480785 0.88917604 0.0088917604
0.14838784 0.88729079 0.0088729079
0.14869717 0.8808397 0.008808397
0.1490065 0.87420445 0.0087420445
0.14931583 0.87038511 0.0087038511
0.14962517 0.86025957 0.0086025957
0.1499345 0.85927332 0.0085927332
0.15024383 0.85007947 0.0085007947
0.15055316 0.84660846 0.0084660846
0.15086248 0.83491964 0.0083491964
0.15117181 0.83070262 0.0083070262
0.15148114 0.82438819 0.0082438819
0.15179046 0.82290161 0.0082290161
0.15209979 0.81622087 0.0081622087
0.15240911 0.8097031 0.008097031
0.15271844 0.80441905 0.0080441905
0.15302776 0.79539964 0.0079539964
0.15333708 0.79578509 0.0079578509
0.1536464 0.78764345 0.0078764345
0.15395572 0.78547229 0.0078547229
0.15426504 0.77565852 0.0077565852
0.15457436 0.76967657 0.0076967657
0.15488367 0.76763837 0.0076763837
0.15519299 0.75860647 0.0075860647
0.15550231 0.75347075 0.0075347075
0.15581162 0.74963994 0.0074963994
0.15612093 0.74434126 0.0074434126
0.15643025 0.74001383 0.0074001383
0.15673956 0.73881723 0.0073881723
0.15704887 0.7338025 0.007338025
0.15735818 0.73260637 0.0073260637
0.15766749 0.72811839 0.0072811839
0.1579768 0.72942227 0.0072942227
0.15828611 0.73024776 0.0073024776
0.15859542 0.74840069 0.0074840069
0.15890472 0.7875857 0.007875857
0.15921403 0.93384437 0.0093384437
0.15952333 1.33808 0.0133808
0.15983264 1.7929273 0.017929273
0.16014194 1.5666766 0.015666766
0.16045124 1.0855859 0.010855859
0.16076054 0.8083807 0.008083807
0.16106984 0.71882173 0.0071882173
0.16137914 0.69375148 0.0069375148
0.16168844 0.674285 0.00674285
0.16199774 0.66168791 0.0066168791
0.16230703 0.65272962 0.0065272962
0.16261633 0.6448533 0.006448533
0.16292562 0.63807694 0.0063807694
0.16323492 0.63032219 0.0063032219
0.16354421 0.62841113 0.0062841113
0.1638535 0.61959948 0.0061959948
0.16416279 0.6113648 0.006113648
0.16447208 0.60991745 0.0060991745
0.16478137 0.60264167 0.0060264167
0.16509066 0.59754719 0.0059754719
0.16539995 0.59716905 0.0059716905
0.16570924 0.58757757 0.0058757757
0.16601852 0.58793061 0.0058793061
0.16632781 0.57890403 0.0057890403
0.16663709 0.57513889 0.0057513889
0.16694637 0.57092022 0.0057092022
0.16725566 0.56687224 0.0056687224
0.16756494 0.56122235 0.0056122235
0.16787422 0.55696049 0.0055696049
0.1681835 0.55310521 0.0055310521
0.16849278 0.54792751 0.0054792751
0.16880205 0.54247735 0.0054247735
0.16911133 0.53867298 0.0053867298
0.16942061 0.53672361 0.0053672361
0.16972988 0.53243442 0.0053243442
0.17003916 0.5293753 0.005293753
0.17034843 0.52086165 0.0052086165
0.1706577 0.51967661 0.0051967661
0.17096697 0.51679532 0.0051679532
0.17127624 0.51154653 0.0051154653
0.17158551 0.5079558 0.005079558
0.17189478 0.50387493 0.0050387493
0.17220405 0.50209125 0.0050209125
0.17251331 0.49758778 0.0049758778
0.17282258 0.48963356 0.0048963356
0.17313184 0.48630583 0.0048630583
0.17344111 0.48569341 0.0048569341
0.17375037 0.48373032 0.0048373032
0.17405963 0.48033173 0.0048033173
0.17436889 0.47490506 0.0047490506
0.17467815 0.46955271 0.0046955271
0.17498741 0.47334226 0.0047334226
0.17529667 0.46910339 0.0046910339
0.17560593 0.47390185 0.0047390185
0.17591518 0.47099073 0.0047099073
0.17622444 0.47176015 0.0047176015
0.17653369 0.47682531 0.0047682531
0.17684295 0.4825756 0.004825756
0.1771522 0.49536908 0.0049536908
0.17746145 0.53034494 0.0053034494
0.1777707 0.61305199 0.0061305199
0.17807995 0.84810363 0.0084810363
0.1783892 1.5216409 0.015216409
0.17869844 2.2762132 0.022762132
0.17900769 2.0396255 0.020396255
0.17931694 1.17184 0.0117184
0.17962618 0.69256964 0.0069256964
0.17993542 0.53548428 0.0053548428
0.18024467 0.47934568 0.0047934568
0.18055391 0.45157549 0.0045157549
0.18086315 0.43547438 0.0043547438
0.18117239 0.4291944 0.004291944
0.18148163 0.42320772 0.0042320772
0.18179086 0.42608765 0.0042608765
0.1821001 0.43741966 0.0043741966
0.18240934 0.47711838 0.0047711838
0.18271857 0.60493475 0.0060493475
0.1830278 0.80800942 0.0080800942
0.18333704 0.82702571 0.0082702571
0.18364627 0.62100897 0.0062100897
0.1839555 0.46326013 0.0046326013
0.18426473 0.4062784 0.004062784
0.18457396 0.38440841 0.0038440841
0.18488318 0.37139282 0.0037139282
0.18519241 0.36126765 0.0036126765
0.18550164 0.35424941 0.0035424941
0.18581086 0.35135955 0.0035135955
0.18612009 0.3470835 0.003470835
0.18642931 0.34600765 0.0034600765
0.18673853 0.34048028 0.0034048028
0.18704775 0.33539357 0.0033539357
0.18735697 0.33137465 0.0033137465
0.18766619 0.33003926 0.0033003926
0.1879754 0.32767794 0.0032767794
0.18828462 0.32187422 0.0032187422
0.18859384 0.31882832 0.0031882832
0.18890305 0.31894455 0.0031894455
0.18921226 0.31387709 0.0031387709
0.18952148 0.30750104 0.0030750104
0.18983069 0.30752 0.0030752
0.1901399 0.30200579 0.0030200579
0.19044911 0.3011546 0.003011546
0.19075832 0.2996646 0.002996646
0.19106752 0.29998375 0.0029998375
0.19137673 0.29334358 0.0029334358
0.19168593 0.29296636 0.0029296636
0.19199514 0.28547355 0.0028547355
0.19230434 0.28921895 0.0028921895
0.19261354 0.28322851 0.0028322851
0.19292274 0.27758956 0.0027758956
0.19323194 0.27775667 0.0027775667
0.19354114 0.27548112 0.0027548112
0.19385034 0.27231911 0.0027231911
0.19415954 0.27436315 0.0027436315
0.19446873 0.27133215 0.0027133215
0.19477793 0.2699584 0.002699584
0.19508712 0.26822862 0.0026822862
0.19539631 0.26715991 0.0026715991
0.1957055 0.26464395 0.0026464395
0.19601469 0.26750002 0.0026750002
0.19632388 0.26686903 0.0026686903
0.19663307 0.26422857 0.0026422857
0.19694226 0.26223805 0.0026223805
0.19725144 0.2674231 0.002674231
0.19756063 0.2712074 0.002712074
0.19786981 0.27809928 0.0027809928
0.19817899 0.28982038 0.0028982038
0.19848818 0.31288874 0.0031288874
0.19879736 0.35963502 0.0035963502
0.19910654 0.52166356 0.0052166356
0.19941572 0.94429771 0.0094429771
0.19972489 1.6289439 0.016289439
0.20003407 1.7071192 0.017071192
0.20034324 0.92261027 0.0092261027
0.20065242 0.47815892 0.0047815892
0.20096159 0.3403458 0.003403458
0.20127076 0.28390878 0.0028390878
0.20157993 0.26074249 0.0026074249
0.2018891 0.24347447 0.0024347447
0.20219827 0.23470604 0.0023470604
0.20250744 0.22549933 0.0022549933
0.20281661 0.21694245 0.0021694245
0.20312577 0.21286513 0.0021286513
0.20343493 0.2094445 0.002094445
0.2037441 0.20965001 0.0020965001
0.20405326 0.20157944 0.0020157944
0.20436242 0.19836097 0.0019836097
0.20467158 0.19333995 0.0019333995
0.20498074 0.19337252 0.0019337252
0.2052899 0.19100295 0.0019100295
0.20559905 0.18598274 0.0018598274
0.20590821 0.1845947 0.001845947
0.20621736 0.18349368 0.0018349368
0.20652651 0.18036423 0.0018036423
0.20683567 0.18166655 0.0018166655
0.20714482 0.17937215 0.0017937215
0.20745397 0.17252986 0.0017252986
0.20776312 0.17186523 0.0017186523
0.20807226 0.17333438 0.0017333438
0.20838141 0.1695934 0.001695934
0.20869055 0.16794908 0.0016794908
0.2089997 0.16843422 0.0016843422
0.20930884 0.16643011 0.0016643011
0.20961798 0.16570159 0.0016570159
0.20992712 0.16561773 0.0016561773
0.21023626 0.15540101 0.0015540101
0.2105454 0.16232768 0.0016232768
0.21085454 0.15566433 0.0015566433
0.21116367 0.15358867 0.0015358867
0.21147281 0.15267276 0.0015267276
0.21178194 0.14987032 0.0014987032
0.21209107 0.14877759 0.0014877759
0.21240021 0.14839074 0.0014839074
0.21270934 0.14425534 0.0014425534
0.21301846 0.14511641 0.0014511641
0.21332759 0.14387434 0.0014387434
0.21363672 0.14304592 0.0014304592
0.21394584 0.1417398 0.001417398
0.21425497 0.13844288 0.0013844288
0.21456409 0.13482529 0.0013482529
0.21487321 0.13521892 0.0013521892
0.21518234 0.13375694 0.0013375694
0.21549145 0.13355661 0.0013355661
0.21580057 0.13009634 0.0013009634
0.21610969 0.12864064 0.0012864064
0.21641881 0.13155737 0.0013155737
0.21672792 0.12930718 0.0012930718
0.21703704 0.12631949 0.0012631949
0.21734615 0.12601086 0.0012601086
0.21765526 0.12320782 0.0012320782
0.21796437 0.12108776 0.0012108776
0.21827348 0.1169472 0.001169472
0.21858259 0.11790876 0.0011790876
0.21889169 0.1180848 0.001180848
0.2192008 0.11992382 0.0011992382
0.2195099 0.11345242 0.0011345242
0.21981901 0.11801721 0.0011801721
0.22012811 0.11582452 0.0011582452
0.22043721 0.11364244 0.0011364244
0.22074631 0.11176797 0.0011176797
0.22105541 0.11101864 0.0011101864
0.2213645 0.1082625 0.001082625
0.2216736 0.10998583 0.0010998583
0.22198269 0.10399506 0.0010399506
0.22229179 0.10666246 0.0010666246
0.22260088 0.10243981 0.0010243981
0.22290997 0.10363848 0.0010363848
0.22321906 0.10716783 0.0010716783
0.22352815 0.10339774 0.0010339774
0.22383724 0.10420857 0.0010420857
0.22414632 0.10568425 0.0010568425
0.22445541 0.10846907 0.0010846907
0.22476449 0.11626169 0.0011626169
0.22507357 0.12836263 0.0012836263
0.22538265 0.16797329 0.0016797329
0.22569174 0.27430323 0.0027430323
0.22600081 0.44465902 0.0044465902
0.22630989 0.44584928 0.0044584928
0.22661897 0.27006543 0.0027006543
0.22692804 0.15684471 0.0015684471
0.22723712 0.11160585 0.0011160585
0.22754619 0.10056133 0.0010056133
0.22785526 0.093589502 0.00093589502
0.22816433 0.090018414 0.00090018414
0.2284734 0.090301381 0.00090301381
0.22878247 0.087271105 0.00087271105
0.22909153 0.088338314 0.00088338314
0.2294006 0.09213143 0.0009213143
0.22970966 0.097654091 0.00097654091
0.23001873 0.087453396 0.00087453396
0.23032779 0.082260199 0.00082260199
0.23063685 0.077233779 0.00077233779
0.23094591 0.080206463 0.00080206463
0.23125496 0.074440351 0.00074440351
0.23156402 0.073765684 0.00073765684
0.23187308 0.074063453 0.00074063453
0.23218213 0.071863429 0.00071863429
0.23249118 0.074498492 0.00074498492
0.23280023 0.072100845 0.00072100845
0.23310928 0.070984217 0.00070984217
0.23341833 0.073520403 0.00073520403
0.23372738 0.069009565 0.00069009565
0.23403643 0.067734825 0.00067734825
0.23434547 0.070645106 0.00070645106
0.23465451 0.066405807 0.00066405807
0.23496356 0.065845422 0.00065845422
0.2352726 0.066211514 0.00066211514
0.23558164 0.065596392 0.00065596392
0.23589068 0.063429457 0.00063429457
0.23619971 0.064805374 0.00064805374
0.23650875 0.065042745 0.00065042745
0.23681778 0.061008563 0.00061008563
0.23712682 0.063638402 0.00063638402
0.23743585 0.057365852 0.00057365852
0.23774488 0.061754332 0.00061754332
0.23805391 0.054200548 0.00054200548
0.23836294 0.061981859 0.00061981859
0.23867197 0.059050517 0.00059050517
0.23898099 0.061166293 0.00061166293
0.23929002 0.058208895 0.00058208895
0.23959904 0.058885481 0.00058885481
0.23990806 0.060122597 0.00060122597
0.24021708 0.06139134 0.0006139134
0.2405261 0.060426452 0.00060426452
0.24083512 0.064565171 0.00064565171
0.24114413 0.067757875 0.00067757875
0.24145315 0.072867562 0.00072867562
0.24176216 0.077812116 0.00077812116
0.24207118 0.097841512 0.00097841512
0.24238019 0.14748554 0.0014748554
0.2426892 0.29098865 0.0029098865
0.24299821 0.51893662 0.0051893662
0.24330721 0.47221116 0.0047221116
0.24361622 0.25160354 0.0025160354
0.24392522 0.13138294 0.0013138294
0.24423423 0.085189479 0.00085189479
0.24454323 0.068077015 0.00068077015
0.24485223 0.063265424 0.00063265424
0.24516123 0.053518655 0.00053518655
0.24547023 0.050963131 0.00050963131
0.24577922 0.048052767 0.00048052767
0.24608822 0.048529755 0.00048529755
0.24639721 0.046163178 0.00046163178
0.24670621 0.044540098 0.00044540098
0.2470152 0.047887716 0.00047887716
0.24732419 0.046152003 0.00046152003
0.24763318 0.043971067 0.00043971067
0.24794216 0.044232456 0.00044232456
0.24825115 0.042401201 0.00042401201
0.24856013 0.044239703 0.00044239703
0.24886912 0.041064798 0.00041064798
0.2491781 0.04125462 0.0004125462
0.24948708 0.044606439 0.00044606439
0.24979606 0.039990008 0.00039990008
0.25010504 0.044782075 0.00044782075
0.25041401 0.042632553 0.00042632553
0.25072299 0.040497069 0.00040497069
0.25103196 0.04686488 0.0004686488
0.25134093 0.047323267 0.00047323267
0.2516499 0.053729423 0.00053729423
0.25195887 0.076191782 0.00076191782
0.25226784 0.12907508 0.0012907508
0.25257681 0.26864463 0.0026864463
0.25288577 0.39263467 0.0039263467
0.25319474 0.22816284 0.0022816284
0.2535037 0.10581675 0.0010581675
0.25381266 0.063341149 0.00063341149
0.25412162 0.05336171 0.0005336171
0.25443058 0.043814751 0.00043814751
0.25473954 0.038948392 0.00038948392
0.25504849 0.040088087 0.00040088087
0.25535745 0.037398873 0.00037398873
0.2556664 0.0345388 0.000345388
0.25597535 0.036713468 0.00036713468
0.2562843 0.03424109 0.0003424109
0.25659325 0.034247567 0.00034247567
0.2569022 0.031835216 0.00031835216
0.25721115 0.032001592 0.00032001592
0.25752009 0.029052254 0.00029052254
0.25782903 0.0292975 0.000292975
0.25813798 0.028633267 0.00028633267
0.25844692 0.02826937 0.0002826937
0.25875585 0.031628235 0.00031628235
0.25906479 0.027695487 0.00027695487
0.25937373 0.031538511 0.00031538511
0.25968266 0.03145564 0.0003145564
0.2599916 0.029387032 0.00029387032
0.26030053 0.030982654 0.00030982654
0.26060946 0.029600755 0.00029600755
0.26091839 0.029495153 0.00029495153
0.26122732 0.026588273 0.00026588273
0.26153624 0.026256523 0.00026256523
0.26184517 0.028396479 0.00028396479
0.26215409 0.025543442 0.00025543442
0.26246301 0.024081293 0.00024081293
0.26277193 0.024796835 0.00024796835
0.26308085 0.02480359 0.0002480359
0.26338977 0.023854763 0.00023854763
0.26369869 0.024951322 0.00024951322
0.2640076 0.028091474 0.00028091474
0.26431651 0.023721331 0.00023721331
0.26462543 0.023869587 0.00023869587
0.26493434 0.024645759 0.00024645759
0.26524325 0.025517077 0.00025517077
0.26555215 0.021774615 0.00021774615
0.26586106 0.024299964 0.00024299964
0.26616996 0.024266188 0.00024266188
0.26647887 0.019546221 0.00019546221
0.26678777 0.027420525 0.00027420525
0.26709667 0.024790319 0.00024790319
0.26740557 0.02788709 0.0002788709
0.26771447 0.024777619 0.00024777619
0.26802336 0.024809992 0.00024809992
0.26833226 0.025267961 0.00025267961
0.26864115 0.023738961 0.00023738961
0.26895004 0.021626173 0.00021626173
0.26925893 0.026001827 0.00026001827
0.26956782 0.020817418 0.00020817418
0.26987671 0.021573004 0.00021573004
0.27018559 0.023365212 0.00023365212
0.27049448 0.024863313 0.00024863313
0.27080336 0.024569697 0.00024569697
0.27111224 0.017970633 0.00017970633
0.27142112 0.01639683 0.0001639683
0.27173 0.021011965 0.00021011965
0.27203888 0.027635237 0.00027635237
0.27234775 0.021479277 0.00021479277
0.27265663 0.019747893 0.00019747893
0.2729655 0.023186023 0.00023186023
0.27327437 0.019228743 0.00019228743
0.27358324 0.023051588 0.00023051588
0.27389211 0.023292347 0.00023292347
0.27420098 0.020976028 0.00020976028
0.27450984 0.022913053 0.00022913053
0.2748187 0.02333254 0.0002333254
0.27512757 0.026684885 0.00026684885
0.27543643 0.023775288 0.00023775288
0.27574529 0.026890531 0.00026890531
0.27605414 0.02770648 0.0002770648
0.276363 0.025462647 0.00025462647
0.27667185 0.029847964 0.00029847964
0.27698071 0.025486016 0.00025486016
0.27728956 0.032739716 0.00032739716
0.27759841 0.034751061 0.00034751061
0.27790726 0.045758293 0.00045758293
0.2782161 0.056559021 0.00056559021
0.27852495 0.072057916 0.00072057916
0.27883379 0.10745568 0.0010745568
0.27914264 0.20384804 0.0020384804
0.27945148 0.46342149 0.0046342149
0.27976032 1.0697555 0.010697555
0.28006915 1.0970141 0.010970141
0.28037799 0.35425756 0.0035425756
0.28068683 0.15101661 0.0015101661
0.28099566 0.085390119 0.00085390119
0.28130449 0.061574795 0.00061574795
0.28161332 0.048018873 0.00048018873
0.28192215 0.036034191 0.00036034191
0.28223098 0.032822562 0.00032822562
0.2825398 0.030007022 0.00030007022
0.28284863 0.026541839 0.00026541839
0.28315745 0.026893733 0.00026893733
0.28346627 0.024286817 0.00024286817
0.28377509 0.023582048 0.00023582048
0.28408391 0.020279829 0.00020279829
0.28439272 0.021568458 0.00021568458
0.28470154 0.021180593 0.00021180593
0.28501035 0.023061576 0.00023061576
0.28531916 0.019907019 0.00019907019
0.28562797 0.019066159 0.00019066159
0.28593678 0.0197876 0.000197876
0.28624559 0.024650585 0.00024650585
0.2865544 0.025938226 0.00025938226
0.2868632 0.028118294 0.00028118294
0.287172 0.030299294 0.00030299294
0.2874808 0.03712984 0.0003712984
0.2877896 0.083361234 0.00083361234
0.2880984 0.1764617 0.001764617
0.2884072 0.21131284 0.0021131284
0.28871599 0.11291995 0.0011291995
0.28902478 0.048904776 0.00048904776
0.28933358 0.034477581 0.00034477581
0.28964237 0.022907177 0.00022907177
0.28995115 0.02 0.0002
0.29025994 0.018482516 0.00018482516
0.29056873 0.02250936 0.0002250936
0.29087751 0.022537092 0.00022537092
0.29118629 0.027405493 0.00027405493
0.29149507 0.018768316 0.00018768316
0.29180385 0.01595073 0.0001595073
0.29211263 0.016703211 0.00016703211
0.2924214 0.020581562 0.00020581562
0.29273018 0.015536824 0.00015536824
0.29303895 0.018110723 0.00018110723
0.29334772 0.019380894 0.00019380894
0.29365649 0.013569376 0.00013569376
0.29396526 0.015850734 0.00015850734
0.29427402 0.017860319 0.00017860319
0.29458279 0.017952431 0.00017952431
0.29489155 0.019451819 0.00019451819
0.29520031 0.016823119 0.00016823119
0.29550907 0.018664598 0.00018664598
0.29581783 0.011964495 0.00011964495
0.29612659 0.015366776 0.00015366776
0.29643534 0.016059987 0.00016059987
0.2967441 0.017206215 0.00017206215
0.29705285 0.018192723 0.00018192723
0.2973616 0.020153657 0.00020153657
0.29767035 0.015594227 0.00015594227
0.29797909 0.01903764 0.0001903764
0.29828784 0.018437601 0.00018437601
0.29859658 0.014958601 0.00014958601
0.29890532 0.01682758 0.0001682758
0.29921406 0.021892043 0.00021892043
0.2995228 0.025098866 0.00025098866
0.29983154 0.025817858 0.00025817858
