0.010027023 0 1e-06
0.010059664 0 1e-06
0.010268595 0 1e-06
0.010369191 0 1e-06
0.010515988 0 1e-06
0.010678719 0.00069254614 6.9254614e-06
0.010769341 0.014142956 0.00014142956
0.010988246 0.045135739 0.00045135739
0.011028797 0.046756722 0.00046756722
0.011294505 0.053352315 0.00053352315
0.011297773 0.053473589 0.00053473589
0.011566613 0.083508909 0.00083508909
0.0116073 0.088138525 0.00088138525
0.011845278 0.11830906 0.0011830906
0.011916828 0.12577391 0.0012577391
0.012130656 0.10938181 0.0010938181
0.012226355 0.1037685 0.001037685
0.01242291 0.13756633 0.0013756633
0.012535882 0.15686641 0.0015686641
0.012722205 0.16415141 0.0016415141
0.012845409 0.16914673 0.0016914673
0.01302871 0.19462868 0.0019462868
0.013154936 0.21208269 0.0021208269
0.0133426 0.22464293 0.0022464293
0.013464463 0.23175202 0.0023175202
0.013664051 0.23626594 0.0023626594
0.013773989 0.23787429 0.0023787429
0.013993248 0.23009001 0.0023009001
0.014083516 0.22768339 0.0022768339
0.014330375 0.24443495 0.0024443495
0.014393043 0.24902148 0.0024902148
0.014675625 0.27171521 0.0027171521
0.014702569 0.27392702 0.0027392702
0.015012096 0.30414144 0.0030414144
0.015029192 0.30491914 0.0030491914
0.015321622 0.3152719 0.003152719
0.015391278 0.31327565 0.0031327565
0.015631148 0.3052753 0.003052753
0.015762087 0.31008251 0.0031008251
0.015940675 0.31844995 0.0031844995
0.01614183 0.33412494 0.0033412494
0.016250201 0.34166665 0.0034166665
0.016530721 0.33589963 0.0033589963
0.016559727 0.33575805 0.0033575805
0.016869253 0.38309579 0.0038309579
0.016928982 0.38130973 0.0038130973
0.017178779 0.3687366 0.003687366
0.017336837 0.36980262 0.0036980262
0.017488304 0.37160131 0.0037160131
0.017754519 0.3734419 0.003734419
0.01779783 0.37396154 0.0037396154
0.018107355 0.38571408 0.0038571408
0.018182263 0.39218286 0.0039218286
0.018416881 0.41307311 0.0041307311
0.018620313 0.41960184 0.0041960184
0.018726406 0.4221878 0.004221878
0.019035932 0.42289893 0.0042289893
0.019068917 0.4238411 0.004238411
0.019345457 0.43256564 0.0043256564
0.019528328 0.437971 0.00437971
0.019654982 0.4414334 0.004414334
0.019964507 0.44420446 0.0044420446
0.019998807 0.44495993 0.0044495993
0.020274032 0.45181086 0.0045181086
0.020480622 0.46206983 0.0046206983
0.020583556 0.46676495 0.0046676495
0.020893081 0.46438691 0.0046438691
0.020974044 0.46561064 0.0046561064
0.021202605 0.46875078 0.0046875078
0.021479354 0.464574 0.00464574
0.02151213 0.46430322 0.0046430322
0.021821654 0.48149286 0.0048149286
0.021996838 0.48824607 0.0048824607
0.022131178 0.49211378 0.0049211378
0.022440702 0.47211578 0.0047211578
0.022526789 0.47665073 0.0047665073
0.022750226 0.48979071 0.0048979071
0.02305975 0.48794478 0.0048794478
0.023069508 0.48816139 0.0048816139
0.023369274 0.49364607 0.0049364607
0.023625302 0.48481037 0.0048481037
0.023678797 0.4833754 0.004833754
0.023988321 0.50394425 0.0050394425
0.024194486 0.51185785 0.0051185785
0.024297844 0.51490322 0.0051490322
0.024607367 0.50599098 0.0050599098
0.024777383 0.50342163 0.0050342163
0.02491689 0.50157669 0.0050157669
0.025226413 0.49674041 0.0049674041
0.025374324 0.50261658 0.0050261658
0.025535936 0.5093917 0.005093917
0.025845458 0.50836227 0.0050836227
0.025985646 0.51121004 0.0051121004
0.026154981 0.51462309 0.0051462309
0.026464503 0.51735953 0.0051735953
0.026611696 0.51938646 0.0051938646
0.026774025 0.52156324 0.0052156324
0.027083547 0.52171771 0.0052171771
0.027252829 0.52618747 0.0052618747
0.027393069 0.52981639 0.0052981639
0.027702591 0.52293065 0.0052293065
0.027909409 0.53072182 0.0053072182
0.028012112 0.53479305 0.0053479305
0.028321634 0.5368411 0.005368411
0.028581806 0.5446231 0.005446231
0.028631155 0.5458447 0.005458447
0.028940676 0.54477175 0.0054477175
0.029250197 0.53372463 0.0053372463
0.029270403 0.53418643 0.0053418643
0.029559718 0.5414274 0.005414274
0.029869238 0.53318152 0.0053318152
0.02997559 0.53436876 0.0053436876
0.030178759 0.53702231 0.0053702231
0.030488279 0.54595155 0.0054595155
0.030697767 0.54402955 0.0054402955
0.030797799 0.54291685 0.0054291685
0.031107319 0.53971063 0.0053971063
0.031416839 0.54356436 0.0054356436
0.031437342 0.54390866 0.0054390866
0.031726359 0.54881032 0.0054881032
0.032035878 0.53836654 0.0053836654
0.032194735 0.54499109 0.0054499109
0.032345397 0.55119958 0.0055119958
0.032654916 0.54423449 0.0054423449
0.032964435 0.54319344 0.0054319344
0.032970376 0.5433037 0.005433037
0.033273954 0.54928411 0.0054928411
0.033583473 0.53909921 0.0053909921
0.033764703 0.54793645 0.0054793645
0.033892991 0.55402542 0.0055402542
0.034202509 0.54471581 0.0054471581
0.034512027 0.54573323 0.0054573323
0.034578168 0.5453737 0.005453737
0.034821545 0.54424987 0.0054424987
0.035131063 0.54345994 0.0054345994
0.03541123 0.54762035 0.0054762035
0.03544058 0.54808147 0.0054808147
0.035750097 0.53929376 0.0053929376
0.036059614 0.55037807 0.0055037807
0.036264363 0.55499642 0.0055499642
0.036369131 0.55707614 0.0055707614
0.036678648 0.55161278 0.0055161278
0.036988164 0.54598301 0.0054598301
0.037138049 0.54615348 0.0054615348
0.03729768 0.54655276 0.0054655276
0.037607196 0.55124864 0.0055124864
0.037916712 0.54625102 0.0054625102
0.038032785 0.54569215 0.0054569215
0.038226228 0.54473972 0.0054473972
0.038535743 0.5486205 0.005486205
0.038845259 0.54373643 0.0054373643
0.038949077 0.54450848 0.0054450848
0.039154774 0.5461017 0.005461017
0.039464288 0.55010392 0.0055010392
0.039773803 0.54389905 0.0054389905
0.039887444 0.54530373 0.0054530373
0.040083317 0.54769106 0.0054769106
0.040392831 0.54188369 0.0054188369
0.040702345 0.54644056 0.0054644056
0.040848418 0.54493278 0.0054493278
0.041011859 0.54316634 0.0054316634
0.041321372 0.54911847 0.0054911847
0.041630886 0.53756678 0.0053756678
0.041832544 0.54139785 0.0054139785
0.041940399 0.54346375 0.0054346375
0.042249911 0.54242837 0.0054242837
0.042559424 0.53674422 0.0053674422
0.04284038 0.5387789 0.005387789
0.042868936 0.53898275 0.0053898275
0.043178448 0.53740611 0.0053740611
0.04348796 0.5342184 0.005342184
0.043797472 0.53453084 0.0053453084
0.043872497 0.53542728 0.0053542728
0.044106983 0.53827928 0.0053827928
0.044416494 0.53217793 0.0053217793
0.044726005 0.53558677 0.0053558677
0.04492948 0.53362332 0.0053362332
0.045035516 0.53258943 0.0053258943
0.045345026 0.53623928 0.0053623928
0.045654536 0.53206404 0.0053206404
0.045964046 0.5300129 0.005300129
0.046011928 0.53098675 0.0053098675
0.046273556 0.53635197 0.0053635197
0.046583065 0.52668443 0.0052668443
0.046892575 0.53364671 0.0053364671
0.047120454 0.52960625 0.0052960625
0.047202083 0.52811229 0.0052811229
0.047511592 0.52703796 0.0052703796
0.0478211 0.52873372 0.0052873372
0.048130609 0.52438068 0.0052438068
0.048255688 0.52368272 0.0052368272
0.048440116 0.52271296 0.0052271296
0.048749624 0.52108497 0.0052108497
0.049059131 0.51892655 0.0051892655
0.049368638 0.51983704 0.0051983704
0.049418271 0.52024783 0.0052024783
0.049678145 0.52228974 0.0052228974
0.049987652 0.51837089 0.0051837089
0.050297158 0.50761961 0.0050761961
0.050606664 0.51336109 0.0051336109
0.050608864 0.5133424 0.005133424
0.05091617 0.51088865 0.0051088865
0.051225675 0.51161667 0.0051161667
0.05153518 0.5167204 0.005167204
0.05182814 0.51063018 0.0051063018
0.051844685 0.51029363 0.0051029363
0.05215419 0.51753331 0.0051753331
0.052463694 0.51429123 0.0051429123
0.052773198 0.51207985 0.0051207985
0.053076791 0.51167831 0.0051167831
0.053082702 0.51166847 0.0051166847
0.053392205 0.50982689 0.0050982689
0.053701708 0.50889897 0.0050889897
0.054011211 0.50637867 0.0050637867
0.054320713 0.51072054 0.0051072054
0.054355526 0.5097936 0.005097936
0.054630216 0.50230281 0.0050230281
0.054939718 0.50472554 0.0050472554
0.055249219 0.50571367 0.0050571367
0.055558721 0.50182665 0.0050182665
0.055665067 0.50192535 0.0050192535
0.055868222 0.50216876 0.0050216876
0.056177722 0.50749271 0.0050749271
0.056487223 0.50403549 0.0050403549
0.056796723 0.50068461 0.0050068461
0.057006158 0.49647926 0.0049647926
0.057106223 0.49449629 0.0049449629
0.057415722 0.48965567 0.0048965567
0.057725221 0.49456093 0.0049456093
0.05803472 0.4941873 0.004941873
0.058344219 0.49327298 0.0049327298
0.058379559 0.49342631 0.0049342631
0.058653717 0.49455184 0.0049455184
0.058963215 0.48965015 0.0048965015
0.059272713 0.48948544 0.0048948544
0.05958221 0.48742395 0.0048742395
0.059786049 0.48797899 0.0048797899
0.059891707 0.48824627 0.0048824627
0.060201203 0.48465592 0.0048465592
0.0605107 0.48366948 0.0048366948
0.060820196 0.48641931 0.0048641931
0.061129691 0.47852021 0.0047852021
0.061226423 0.48048185 0.0048048185
0.061439187 0.48484597 0.0048484597
0.061748681 0.47601446 0.0047601446
0.062058176 0.47539535 0.0047539535
0.06236767 0.47890435 0.0047890435
0.062677164 0.47481493 0.0047481493
0.0627015 0.47516331 0.0047516331
0.062986658 0.47936494 0.0047936494
0.063296151 0.47440468 0.0047440468
0.063605644 0.4744365 0.004744365
0.063915137 0.46743167 0.0046743167
0.064212114 0.47421885 0.0047421885
0.064224629 0.47449312 0.0047449312
0.064534121 0.46686264 0.0046686264
0.064843612 0.46814788 0.0046814788
0.065153103 0.46437343 0.0046437343
0.065462594 0.46401052 0.0046401052
0.065759122 0.46303558 0.0046303558
0.065772085 0.46299503 0.0046299503
0.066081575 0.46327048 0.0046327048
0.066391064 0.46411832 0.0046411832
0.066700554 0.45592821 0.0045592821
0.067010043 0.45668168 0.0045668168
0.067319531 0.45313472 0.0045313472
0.0673434 0.45344599 0.0045344599
0.06762902 0.45727643 0.0045727643
0.067938508 0.45119225 0.0045119225
0.068247995 0.45308354 0.0045308354
0.068557482 0.44993975 0.0044993975
0.068866969 0.44817274 0.0044817274
0.068965848 0.44779728 0.0044779728
0.069176455 0.44700234 0.0044700234
0.069485941 0.44765135 0.0044765135
0.069795427 0.44587375 0.0044587375
0.070104912 0.44380621 0.0044380621
0.070414397 0.44365049 0.0044365049
0.070627384 0.44222651 0.0044222651
0.070723882 0.4415673 0.004415673
0.071033366 0.44197708 0.0044197708
0.07134285 0.44053344 0.0044053344
0.071652333 0.43440072 0.0043440072
0.071961816 0.43478795 0.0043478795
0.072271298 0.43556821 0.0043556821
0.072328949 0.43485494 0.0043485494
0.07258078 0.43176331 0.0043176331
0.072890262 0.43255848 0.0043255848
0.073199744 0.43047833 0.0043047833
0.073509225 0.43216452 0.0043216452
0.073818705 0.42547065 0.0042547065
0.074071509 0.42848056 0.0042848056
0.074128185 0.42914587 0.0042914587
0.074437665 0.4241789 0.004241789
0.074747144 0.42427679 0.0042427679
0.075056623 0.42304565 0.0042304565
0.075366102 0.41889401 0.0041889401
0.07567558 0.41632851 0.0041632851
0.075856051 0.41982034 0.0041982034
0.075985058 0.42230883 0.0042230883
0.076294535 0.41728279 0.0041728279
0.076604012 0.41617192 0.0041617192
0.076913488 0.41460449 0.0041460449
0.077222964 0.4127527 0.004127527
0.07753244 0.41497722 0.0041497722
0.077683587 0.4102933 0.004102933
0.077841915 0.40542762 0.0040542762
0.07815139 0.41023334 0.0041023334
0.078460864 0.41020756 0.0041020756
0.078770338 0.40679124 0.0040679124
0.079079812 0.40577333 0.0040577333
0.079389285 0.40136291 0.0040136291
0.079555152 0.40384387 0.0040384387
0.079698757 0.40596114 0.0040596114
0.080008229 0.39842619 0.0039842619
0.080317701 0.39878464 0.0039878464
0.080627172 0.39843862 0.0039843862
0.080936643 0.3951612 0.003951612
0.081246114 0.39353491 0.0039353491
0.081471807 0.39443751 0.0039443751
0.081555584 0.39476428 0.0039476428
0.081865053 0.39196172 0.0039196172
0.082174522 0.38972938 0.0038972938
0.082483991 0.38945606 0.0038945606
0.082793459 0.38929553 0.0038929553
0.083102927 0.38472863 0.0038472863
0.083412394 0.38333073 0.0038333073
0.083434638 0.38342252 0.0038342252
0.083721861 0.38463541 0.0038463541
0.084031327 0.37784272 0.0037784272
0.084340793 0.38021664 0.0038021664
0.084650259 0.37723287 0.0037723287
0.084959724 0.37723942 0.0037723942
0.085269188 0.3756255 0.003756255
0.085444758 0.3735263 0.003735263
0.085578652 0.37195277 0.0037195277
0.085888116 0.37133245 0.0037133245
0.086197579 0.36977004 0.0036977004
0.086507042 0.36895002 0.0036895002
0.086816504 0.36676266 0.0036676266
0.087125966 0.36425864 0.0036425864
0.087435427 0.36741496 0.0036741496
0.087503306 0.36629931 0.0036629931
0.087744888 0.36234994 0.0036234994
0.088054348 0.36433321 0.0036433321
0.088363808 0.36035607 0.0036035607
0.088673267 0.36143893 0.0036143893
0.088982726 0.35457068 0.0035457068
0.089292184 0.35918205 0.0035918205
0.089601642 0.36034031 0.0036034031
0.089611449 0.36021418 0.0036021418
0.089911099 0.35626383 0.0035626383
0.090220556 0.35189782 0.0035189782
0.090530013 0.35360016 0.0035360016
0.090839469 0.3507098 0.003507098
0.091148924 0.35219066 0.0035219066
0.091458379 0.350288 0.00350288
0.091767833 0.34918926 0.0034918926
0.091770381 0.34917852 0.0034917852
0.092077287 0.34779223 0.0034779223
0.092386741 0.34368334 0.0034368334
0.092696194 0.34232121 0.0034232121
0.093005646 0.33869657 0.0033869657
0.093315098 0.33848461 0.0033848461
0.093624549 0.33750555 0.0033750555
0.093934 0.33302706 0.0033302706
0.093981327 0.33316288 0.0033316288
0.09424345 0.33407495 0.0033407495
0.0945529 0.33193768 0.0033193768
0.09486235 0.33208851 0.0033208851
0.095171798 0.33193999 0.0033193999
0.095481247 0.32722945 0.0032722945
0.095790694 0.32551963 0.0032551963
0.096100142 0.32558552 0.0032558552
0.09624554 0.32643658 0.0032643658
0.096409588 0.32735372 0.0032735372
0.096719035 0.32387896 0.0032387896
0.09702848 0.31709872 0.0031709872
0.097337925 0.31696422 0.0031696422
0.09764737 0.31685624 0.0031685624
0.097956814 0.31751347 0.0031751347
0.098266257 0.31264498 0.0031264498
0.098564302 0.31527831 0.0031527831
0.0985757 0.31537852 0.0031537852
0.098885143 0.31305278 0.0031305278
0.099194585 0.31401935 0.0031401935
0.099504026 0.30911609 0.0030911609
0.099813467 0.30814613 0.0030814613
0.10012291 0.30703776 0.0030703776
0.10043235 0.30494649 0.0030494649
0.10074179 0.30422729 0.0030422729
0.10093893 0.30313905 0.0030313905
0.10105122 0.30250365 0.0030250365
0.10136066 0.29793517 0.0029793517
0.1016701 0.29912073 0.0029912073
0.10197954 0.29367321 0.0029367321
0.10228897 0.2969067 0.002969067
0.10259841 0.29617695 0.0029617695
0.10290785 0.29063905 0.0029063905
0.10321728 0.28842726 0.0028842726
0.10337076 0.28838941 0.0028838941
0.10352671 0.28841294 0.0028841294
0.10383615 0.28747689 0.0028747689
0.10414558 0.28282802 0.0028282802
0.10445501 0.28662787 0.0028662787
0.10476445 0.28496637 0.0028496637
0.10507388 0.28264676 0.0028264676
0.10538331 0.28203976 0.0028203976
0.10569274 0.28127548 0.0028127548
0.10586119 0.28017493 0.0028017493
0.10600217 0.27921416 0.0027921416
0.1063116 0.27862168 0.0027862168
0.10662102 0.273357 0.00273357
0.10693045 0.27367696 0.0027367696
0.10723988 0.27391176 0.0027391176
0.10754931 0.27079774 0.0027079774
0.10785873 0.27247453 0.0027247453
0.10816816 0.27131175 0.0027131175
0.10841161 0.26675289 0.0026675289
0.10847758 0.26552227 0.0026552227
0.10878701 0.26448843 0.0026448843
0.10909643 0.26381851 0.0026381851
0.10940585 0.26420505 0.0026420505
0.10971528 0.26127122 0.0026127122
0.1100247 0.26126998 0.0026126998
0.11033412 0.2594843 0.002594843
0.11064354 0.26024347 0.0026024347
0.11095296 0.2537925 0.002537925
0.11102348 0.25431739 0.0025431739
0.11126238 0.25610642 0.0025610642
0.1115718 0.2562327 0.002562327
0.11188122 0.25221032 0.0025221032
0.11219064 0.251472 0.00251472
0.11250005 0.24981505 0.0024981505
0.11280947 0.24891694 0.0024891694
0.11311889 0.2477233 0.002477233
0.1134283 0.24305549 0.0024305549
0.11369828 0.24244563 0.0024244563
0.11373772 0.2423626 0.002423626
0.11404713 0.24223278 0.0024223278
0.11435654 0.24343618 0.0024343618
0.11466596 0.23921193 0.0023921193
0.11497537 0.23763603 0.0023763603
0.11528478 0.23687295 0.0023687295
0.11559419 0.23378023 0.0023378023
0.1159036 0.2383433 0.002383433
0.11621301 0.23277991 0.0023277991
0.11643751 0.23321494 0.0023321494
0.11652242 0.23337415 0.0023337415
0.11683183 0.23210354 0.0023210354
0.11714124 0.22884895 0.0022884895
0.11745064 0.22955946 0.0022955946
0.11776005 0.22829586 0.0022829586
0.11806945 0.22758369 0.0022758369
0.11837886 0.22456583 0.0022456583
0.11868826 0.22496076 0.0022496076
0.11899767 0.22156191 0.0022156191
0.11924274 0.22254342 0.0022254342
0.11930707 0.22279264 0.0022279264
0.11961647 0.22133421 0.0022133421
0.11992588 0.21998143 0.0021998143
0.12023528 0.21750071 0.0021750071
0.12054468 0.21806397 0.0021806397
0.12085408 0.21556481 0.0021556481
0.12116348 0.21444969 0.0021444969
0.12147288 0.21587063 0.0021587063
0.12178227 0.2126462 0.002126462
0.12209167 0.20923311 0.0020923311
0.12211556 0.20898681 0.0020898681
0.12240107 0.20611376 0.0020611376
0.12271046 0.20870352 0.0020870352
0.12301986 0.20836979 0.0020836979
0.12332925 0.20540914 0.0020540914
0.12363865 0.20598455 0.0020598455
0.12394804 0.20240261 0.0020240261
0.12425743 0.20155736 0.0020155736
0.12456683 0.20031248 0.0020031248
0.12487622 0.20033496 0.0020033496
0.12505758 0.20024399 0.0020024399
0.12518561 0.20015702 0.0020015702
0.125495 0.19815196 0.0019815196
0.12580439 0.19623721 0.0019623721
0.12611377 0.19592743 0.0019592743
0.12642316 0.19425735 0.0019425735
0.12673255 0.194422 0.00194422
0.12704194 0.19217551 0.0019217551
0.12735132 0.19319975 0.0019319975
0.12766071 0.18807405 0.0018807405
0.12797009 0.18800046 0.0018800046
0.12807049 0.18753259 0.0018753259
0.12827947 0.18658788 0.0018658788
0.12858886 0.18735136 0.0018735136
0.12889824 0.18510711 0.0018510711
0.12920762 0.18642414 0.0018642414
0.129517 0.18312148 0.0018312148
0.12982638 0.18264898 0.0018264898
0.13013576 0.18212945 0.0018212945
0.13044514 0.17933222 0.0017933222
0.13075452 0.17920862 0.0017920862
0.1310639 0.17771535 0.0017771535
0.13115598 0.17751253 0.0017751253
0.13137327 0.17702408 0.0017702408
0.13168265 0.17527967 0.0017527967
0.13199202 0.17403898 0.0017403898
0.1323014 0.17342544 0.0017342544
0.13261077 0.17251305 0.0017251305
0.13292015 0.16704616 0.0016704616
0.13322952 0.17107026 0.0017107026
0.13353889 0.16746867 0.0016746867
0.13384826 0.16727265 0.0016727265
0.13415763 0.16809363 0.0016809363
0.13431581 0.16626156 0.0016626156
0.134467 0.16452929 0.0016452929
0.13477637 0.16685673 0.0016685673
0.13508574 0.16516758 0.0016516758
0.1353951 0.16196634 0.0016196634
0.13570447 0.16390325 0.0016390325
0.13601383 0.1621965 0.001621965
0.1363232 0.15729424 0.0015729424
0.13663256 0.15810912 0.0015810912
0.13694193 0.15914041 0.0015914041
0.13725129 0.15842875 0.0015842875
0.13755177 0.15753236 0.0015753236
0.13756065 0.15750498 0.0015750498
0.13787001 0.15687663 0.0015687663
0.13817937 0.15408748 0.0015408748
0.13848873 0.15052977 0.0015052977
0.13879809 0.15089577 0.0015089577
0.13910745 0.15272513 0.0015272513
0.13941681 0.1489783 0.001489783
0.13972616 0.1487659 0.001487659
0.14003552 0.14887351 0.0014887351
0.14034488 0.14704246 0.0014704246
0.14065423 0.14729573 0.0014729573
0.14086569 0.14628888 0.0014628888
0.14096358 0.14583041 0.0014583041
0.14127294 0.14470142 0.0014470142
0.14158229 0.14319354 0.0014319354
0.14189164 0.14306705 0.0014306705
0.14220099 0.141175 0.00141175
0.14251034 0.14131267 0.0014131267
0.14281969 0.14007145 0.0014007145
0.14312904 0.13736015 0.0013736015
0.14343838 0.13805186 0.0013805186
0.14374773 0.13597178 0.0013597178
0.14405708 0.13676325 0.0013676325
0.14425945 0.13663842 0.0013663842
0.14436642 0.13655457 0.0013655457
0.14467577 0.13286991 0.0013286991
0.14498511 0.13329993 0.0013329993
0.14529445 0.13404022 0.0013404022
0.14560379 0.13104212 0.0013104212
0.14591314 0.13192514 0.0013192514
0.14622248 0.12809213 0.0012809213
0.14653182 0.12765521 0.0012765521
0.14684115 0.12753 0.0012753
0.14715049 0.12632239 0.0012632239
0.14745983 0.12603421 0.0012603421
0.14773497 0.12267845 0.0012267845
0.14776917 0.12227313 0.0012227313
0.1480785 0.12362933 0.0012362933
0.14838784 0.12213921 0.0012213921
0.14869717 0.12313408 0.0012313408
0.1490065 0.12130286 0.0012130286
0.14931583 0.11997135 0.0011997135
0.14962517 0.11966657 0.0011966657
0.1499345 0.12045876 0.0012045876
0.15024383 0.11733589 0.0011733589
0.15055316 0.11484858 0.0011484858
0.15086248 0.11466911 0.0011466911
0.15117181 0.11741543 0.0011741543
0.15129422 0.11700779 0.0011700779
0.15148114 0.11634844 0.0011634844
0.15179046 0.11450764 0.0011450764
0.15209979 0.11488361 0.0011488361
0.15240911 0.11483532 0.0011483532
0.15271844 0.10953306 0.0010953306
0.15302776 0.11046394 0.0011046394
0.15333708 0.11179017 0.0011179017
0.1536464 0.108341 0.00108341
0.15395572 0.11179302 0.0011179302
0.15426504 0.10886508 0.0010886508
0.15457436 0.10817319 0.0010817319
0.15488367 0.1061789 0.001061789
0.15493922 0.10615534 0.0010615534
0.15519299 0.10608466 0.0010608466
0.15550231 0.10356431 0.0010356431
0.15581162 0.10518809 0.0010518809
0.15612093 0.10253119 0.0010253119
0.15643025 0.10422519 0.0010422519
0.15673956 0.099303548 0.00099303548
0.15704887 0.10194851 0.0010194851
0.15735818 0.097874899 0.00097874899
0.15766749 0.10033034 0.0010033034
0.1579768 0.10025241 0.0010025241
0.15828611 0.098864722 0.00098864722
0.15859542 0.099722515 0.00099722515
0.15867204 0.098846099 0.00098846099
0.15890472 0.096176788 0.00096176788
0.15921403 0.096040203 0.00096040203
0.15952333 0.09815472 0.0009815472
0.15983264 0.094763055 0.00094763055
0.16014194 0.096295666 0.00096295666
0.16045124 0.093347854 0.00093347854
0.16076054 0.092069362 0.00092069362
0.16106984 0.092180341 0.00092180341
0.16137914 0.090372531 0.00090372531
0.16168844 0.092625992 0.00092625992
0.16199774 0.09270267 0.0009270267
0.16230703 0.088737217 0.00088737217
0.16249479 0.090470259 0.00090470259
0.16261633 0.091590231 0.00091590231
0.16292562 0.089291649 0.00089291649
0.16323492 0.087058065 0.00087058065
0.16354421 0.086428118 0.00086428118
0.1638535 0.08520831 0.0008520831
0.16416279 0.08742302 0.0008742302
0.16447208 0.086995082 0.00086995082
0.16478137 0.084462348 0.00084462348
0.16509066 0.083579696 0.00083579696
0.16539995 0.08306487 0.0008306487
0.16570924 0.082966711 0.00082966711
0.16601852 0.08308593 0.0008308593
0.16632781 0.081391881 0.00081391881
0.16640964 0.081487359 0.00081487359
0.16663709 0.081764899 0.00081764899
0.16694637 0.078811972 0.00078811972
0.16725566 0.079445661 0.00079445661
0.16756494 0.079382281 0.00079382281
0.16787422 0.080874737 0.00080874737
0.1681835 0.078997826 0.00078997826
0.16849278 0.079947534 0.00079947534
0.16880205 0.078932398 0.00078932398
0.16911133 0.074986911 0.00074986911
0.16942061 0.077495406 0.00077495406
0.16972988 0.077055227 0.00077055227
0.17003916 0.076713415 0.00076713415
0.17034843 0.073347451 0.00073347451
0.17041881 0.073774101 0.00073774101
0.1706577 0.075233735 0.00075233735
0.17096697 0.072035112 0.00072035112
0.17127624 0.072775473 0.00072775473
0.17158551 0.071622231 0.00071622231
0.17189478 0.071662769 0.00071662769
0.17220405 0.071289743 0.00071289743
0.17251331 0.069954926 0.00069954926
0.17282258 0.069055233 0.00069055233
0.17313184 0.068386722 0.00068386722
0.17344111 0.068081159 0.00068081159
0.17375037 0.065596222 0.00065596222
0.17405963 0.067007725 0.00067007725
0.17436889 0.066937994 0.00066937994
0.17452457 0.067274056 0.00067274056
0.17467815 0.067609542 0.00067609542
0.17498741 0.067475326 0.00067475326
0.17529667 0.068895583 0.00068895583
0.17560593 0.064556968 0.00064556968
0.17591518 0.064804779 0.00064804779
0.17622444 0.06517604 0.0006517604
0.17653369 0.061268596 0.00061268596
0.17684295 0.065428563 0.00065428563
0.1771522 0.063136582 0.00063136582
0.17746145 0.064907295 0.00064907295
0.1777707 0.060958948 0.00060958948
0.17807995 0.059973368 0.00059973368
0.1783892 0.061803623 0.00061803623
0.17869844 0.061424778 0.00061424778
0.17872924 0.061347963 0.00061347963
0.17900769 0.060633324 0.00060633324
0.17931694 0.060744016 0.00060744016
0.17962618 0.05915586 0.0005915586
0.17993542 0.059723186 0.00059723186
0.18024467 0.057992745 0.00057992745
0.18055391 0.058725177 0.00058725177
0.18086315 0.058724665 0.00058724665
0.18117239 0.055395496 0.00055395496
0.18148163 0.058052822 0.00058052822
0.18179086 0.056870275 0.00056870275
0.1821001 0.055936822 0.00055936822
0.18240934 0.056097808 0.00056097808
0.18271857 0.05482538 0.0005482538
0.1830278 0.053061621 0.00053061621
0.18303521 0.053130098 0.00053130098
0.18333704 0.055979628 0.00055979628
0.18364627 0.054129805 0.00054129805
0.1839555 0.053887364 0.00053887364
0.18426473 0.051725691 0.00051725691
0.18457396 0.052887756 0.00052887756
0.18488318 0.052774144 0.00052774144
0.18519241 0.051896857 0.00051896857
0.18550164 0.052344421 0.00052344421
0.18581086 0.049921397 0.00049921397
0.18612009 0.051430008 0.00051430008
0.18642931 0.051025323 0.00051025323
0.18673853 0.051994619 0.00051994619
0.18704775 0.05014567 0.0005014567
0.18735697 0.050873001 0.00050873001
0.18744492 0.050851494 0.00050851494
0.18766619 0.050771718 0.00050771718
0.1879754 0.048189537 0.00048189537
0.18828462 0.048421666 0.00048421666
0.18859384 0.048835444 0.00048835444
0.18890305 0.047988387 0.00047988387
0.18921226 0.047104238 0.00047104238
0.18952148 0.048625216 0.00048625216
0.18983069 0.046104627 0.00046104627
0.1901399 0.046501555 0.00046501555
0.19044911 0.048722291 0.00048722291
0.19075832 0.045330715 0.00045330715
0.19106752 0.045656746 0.00045656746
0.19137673 0.046121913 0.00046121913
0.19168593 0.046572164 0.00046572164
0.19196087 0.044881151 0.00044881151
0.19199514 0.044671044 0.00044671044
0.19230434 0.043126458 0.00043126458
0.19261354 0.045588849 0.00045588849
0.19292274 0.043351777 0.00043351777
0.19323194 0.043634214 0.00043634214
0.19354114 0.041779556 0.00041779556
0.19385034 0.042475088 0.00042475088
0.19415954 0.044377014 0.00044377014
0.19446873 0.043138721 0.00043138721
0.19477793 0.041571774 0.00041571774
0.19508712 0.040295078 0.00040295078
0.19539631 0.039790857 0.00039790857
0.1957055 0.042486587 0.00042486587
0.19601469 0.041213962 0.00041213962
0.19632388 0.038436646 0.00038436646
0.19658562 0.03937267 0.0003937267
0.19663307 0.039547039 0.00039547039
0.19694226 0.040781807 0.00040781807
0.19725144 0.039062158 0.00039062158
0.19756063 0.039338505 0.00039338505
0.19786981 0.038393052 0.00038393052
0.19817899 0.037537925 0.00037537925
0.19848818 0.036411933 0.00036411933
0.19879736 0.036618581 0.00036618581
0.19910654 0.036071827 0.00036071827
0.19941572 0.040746892 0.00040746892
0.19972489 0.037392146 0.00037392146
0.20003407 0.033063584 0.00033063584
0.20034324 0.037105204 0.00037105204
0.20065242 0.036960649 0.00036960649
0.20096159 0.037674767 0.00037674767
0.20127076 0.037396311 0.00037396311
0.2013218 0.036995618 0.00036995618
0.20157993 0.034956743 0.00034956743
0.2018891 0.038284489 0.00038284489
0.20219827 0.036859853 0.00036859853
0.20250744 0.034293848 0.00034293848
0.20281661 0.034959798 0.00034959798
0.20312577 0.037032491 0.00037032491
0.20343493 0.035703719 0.00035703719
0.2037441 0.032769574 0.00032769574
0.20405326 0.032146562 0.00032146562
0.20436242 0.033315067 0.00033315067
0.20467158 0.033298115 0.00033298115
0.20498074 0.034272826 0.00034272826
0.2052899 0.033841744 0.00033841744
0.20559905 0.034174947 0.00034174947
0.20590821 0.032624097 0.00032624097
0.20617207 0.032962407 0.00032962407
0.20621736 0.03302659 0.0003302659
0.20652651 0.032882422 0.00032882422
0.20683567 0.03301847 0.0003301847
0.20714482 0.032716266 0.00032716266
0.20745397 0.031337629 0.00031337629
0.20776312 0.03381773 0.0003381773
0.20807226 0.031631311 0.00031631311
0.20838141 0.030635439 0.00030635439
0.20869055 0.030039537 0.00030039537
0.2089997 0.030192855 0.00030192855
0.20930884 0.030222692 0.00030222692
0.20961798 0.03129846 0.0003129846
0.20992712 0.029289353 0.00029289353
0.21023626 0.029637118 0.00029637118
0.2105454 0.028954073 0.00028954073
0.21085454 0.032341477 0.00032341477
0.2111392 0.033503146 0.00033503146
0.21116367 0.033597641 0.00033597641
0.21147281 0.029410734 0.00029410734
0.21178194 0.029616445 0.00029616445
0.21209107 0.029401904 0.00029401904
0.21240021 0.029562315 0.00029562315
0.21270934 0.030720486 0.00030720486
0.21301846 0.031516437 0.00031516437
0.21332759 0.028743572 0.00028743572
0.21363672 0.031170934 0.00031170934
0.21394584 0.028936943 0.00028936943
0.21425497 0.028885524 0.00028885524
0.21456409 0.026890471 0.00026890471
0.21487321 0.027839225 0.00027839225
0.21518234 0.028113234 0.00028113234
0.21549145 0.027469463 0.00027469463
0.21580057 0.0282645 0.000282645
0.21610969 0.026262701 0.00026262701
0.216226 0.02627652 0.0002627652
0.21641881 0.026337427 0.00026337427
0.21672792 0.02639992 0.0002639992
0.21703704 0.025995968 0.00025995968
0.21734615 0.027320658 0.00027320658
0.21765526 0.026960944 0.00026960944
0.21796437 0.02674639 0.0002674639
0.21827348 0.026731797 0.00026731797
0.21858259 0.024085186 0.00024085186
0.21889169 0.027311783 0.00027311783
0.2192008 0.0238965 0.000238965
0.2195099 0.026702185 0.00026702185
0.21981901 0.02583984 0.0002583984
0.22012811 0.026333601 0.00026333601
0.22043721 0.0241023 0.000241023
0.22074631 0.025590303 0.00025590303
0.22105541 0.026086302 0.00026086302
0.2213645 0.026041121 0.00026041121
0.22143535 0.026064135 0.00026064135
0.2216736 0.026124749 0.00026124749
0.22198269 0.024357865 0.00024357865
0.22229179 0.023912959 0.00023912959
0.22260088 0.025050096 0.00025050096
0.22290997 0.023858982 0.00023858982
0.22321906 0.024843072 0.00024843072
0.22352815 0.024769087 0.00024769087
0.22383724 0.023254314 0.00023254314
0.22414632 0.023151656 0.00023151656
0.22445541 0.027079514 0.00027079514
0.22476449 0.024935615 0.00024935615
0.22507357 0.022164628 0.00022164628
0.22538265 0.025335003 0.00025335003
0.22569174 0.025002574 0.00025002574
0.22600081 0.023782708 0.00023782708
0.22630989 0.024682257 0.00024682257
0.22661897 0.022632594 0.00022632594
0.2267702 0.02322461 0.0002322461
0.22692804 0.023857929 0.00023857929
0.22723712 0.023360884 0.00023360884
0.22754619 0.023635941 0.00023635941
0.22785526 0.021810659 0.00021810659
0.22816433 0.02421051 0.0002421051
0.2284734 0.023958902 0.00023958902
0.22878247 0.022218131 0.00022218131
0.22909153 0.021508983 0.00021508983
0.2294006 0.023154392 0.00023154392
0.22970966 0.024073644 0.00024073644
0.23001873 0.023490195 0.00023490195
0.23032779 0.022175746 0.00022175746
0.23063685 0.024142745 0.00024142745
0.23094591 0.021332435 0.00021332435
0.23125496 0.024843421 0.00024843421
0.23156402 0.023269578 0.00023269578
0.23187308 0.022948263 0.00022948263
0.23218213 0.02464163 0.0002464163
0.23223358 0.024045174 0.00024045174
0.23249118 0.021030657 0.00021030657
0.23280023 0.024367558 0.00024367558
0.23310928 0.021758283 0.00021758283
0.23341833 0.022467868 0.00022467868
0.23372738 0.023326507 0.00023326507
0.23403643 0.023407831 0.00023407831
0.23434547 0.024292309 0.00024292309
0.23465451 0.022020947 0.00022020947
0.23496356 0.021242937 0.00021242937
0.2352726 0.02126301 0.0002126301
0.23558164 0.020861776 0.00020861776
0.23589068 0.019944768 0.00019944768
0.23619971 0.021293427 0.00021293427
0.23650875 0.020592351 0.00020592351
0.23681778 0.018685326 0.00018685326
0.23712682 0.018450476 0.00018450476
0.23743585 0.020950332 0.00020950332
0.23774488 0.020326123 0.00020326123
0.23782859 0.020580519 0.00020580519
0.23805391 0.021301261 0.00021301261
0.23836294 0.021161654 0.00021161654
0.23867197 0.022348899 0.00022348899
0.23898099 0.017432891 0.00017432891
0.23929002 0.020721943 0.00020721943
0.23959904 0.020179982 0.00020179982
0.23990806 0.017688121 0.00017688121
0.24021708 0.022588857 0.00022588857
0.2405261 0.01985692 0.0001985692
0.24083512 0.021687912 0.00021687912
0.24114413 0.022778761 0.00022778761
0.24145315 0.021376193 0.00021376193
0.24176216 0.019477674 0.00019477674
0.24207118 0.021427763 0.00021427763
0.24238019 0.021106328 0.00021106328
0.2426892 0.020725561 0.00020725561
0.24299821 0.021683354 0.00021683354
0.24330721 0.022518835 0.00022518835
0.24355839 0.023413901 0.00023413901
0.24361622 0.023612899 0.00023612899
0.24392522 0.019598409 0.00019598409
0.24423423 0.019721307 0.00019721307
0.24454323 0.020843715 0.00020843715
0.24485223 0.021569349 0.00021569349
0.24516123 0.019062104 0.00019062104
0.24547023 0.019409298 0.00019409298
0.24577922 0.020386512 0.00020386512
0.24608822 0.022619818 0.00022619818
0.24639721 0.020358414 0.00020358414
0.24670621 0.021796955 0.00021796955
0.2470152 0.021307199 0.00021307199
0.24732419 0.021093017 0.00021093017
0.24763318 0.019385048 0.00019385048
0.24794216 0.020603425 0.00020603425
0.24825115 0.021682452 0.00021682452
0.24856013 0.020049784 0.00020049784
0.24886912 0.018504175 0.00018504175
0.2491781 0.02130707 0.0002130707
0.24942624 0.021312512 0.00021312512
0.24948708 0.021316703 0.00021316703
0.24979606 0.02024575 0.0002024575
0.25010504 0.019041016 0.00019041016
0.25041401 0.021122356 0.00021122356
0.25072299 0.022124419 0.00022124419
0.25103196 0.022191367 0.00022191367
0.25134093 0.020317147 0.00020317147
0.2516499 0.021403223 0.00021403223
0.25195887 0.018452487 0.00018452487
0.25226784 0.020791171 0.00020791171
0.25257681 0.020482264 0.00020482264
0.25288577 0.020975596 0.00020975596
0.25319474 0.021829185 0.00021829185
0.2535037 0.020541876 0.00020541876
0.25381266 0.021730162 0.00021730162
0.25412162 0.021311863 0.00021311863
0.25443058 0.01894723 0.0001894723
0.25473954 0.019876073 0.00019876073
0.25504849 0.02272853 0.0002272853
0.25535745 0.020895196 0.00020895196
0.25543545 0.021125268 0.00021125268
0.2556664 0.021807448 0.00021807448
0.25597535 0.020545289 0.00020545289
0.2562843 0.020222835 0.00020222835
0.25659325 0.021394239 0.00021394239
0.2569022 0.024070298 0.00024070298
0.25721115 0.025777805 0.00025777805
0.25752009 0.020597994 0.00020597994
0.25782903 0.02007806 0.0002007806
0.25813798 0.021812172 0.00021812172
0.25844692 0.022598703 0.00022598703
0.25875585 0.019589962 0.00019589962
0.25906479 0.022352036 0.00022352036
0.25937373 0.02273178 0.0002273178
0.25968266 0.020215371 0.00020215371
0.2599916 0.01864344 0.0001864344
0.26030053 0.024292695 0.00024292695
0.26060946 0.019586778 0.00019586778
0.26091839 0.020109613 0.00020109613
0.26122732 0.021954547 0.00021954547
0.26153624 0.021335725 0.00021335725
0.26158944 0.02116486 0.0002116486
0.26184517 0.020351208 0.00020351208
0.26215409 0.021631587 0.00021631587
0.26246301 0.020498182 0.00020498182
0.26277193 0.021554494 0.00021554494
0.26308085 0.022333234 0.00022333234
0.26338977 0.021855076 0.00021855076
0.26369869 0.021499075 0.00021499075
0.2640076 0.021680836 0.00021680836
0.26431651 0.023029327 0.00023029327
0.26462543 0.021617747 0.00021617747
0.26493434 0.024024206 0.00024024206
0.26524325 0.020367047 0.00020367047
0.26555215 0.020182392 0.00020182392
0.26586106 0.020854884 0.00020854884
0.26616996 0.023676075 0.00023676075
0.26647887 0.021739845 0.00021739845
0.26678777 0.019103058 0.00019103058
0.26709667 0.022152754 0.00022152754
0.26740557 0.020243448 0.00020243448
0.26771447 0.024254831 0.00024254831
0.2678917 0.022471558 0.00022471558
0.26802336 0.021140769 0.00021140769
0.26833226 0.022332519 0.00022332519
0.26864115 0.020679125 0.00020679125
0.26895004 0.017836654 0.00017836654
0.26925893 0.022370674 0.00022370674
0.26956782 0.020554132 0.00020554132
0.26987671 0.018622504 0.00018622504
0.27018559 0.02172949 0.0002172949
0.27049448 0.020804874 0.00020804874
0.27080336 0.019968286 0.00019968286
0.27111224 0.023734989 0.00023734989
0.27142112 0.023992638 0.00023992638
0.27173 0.020670564 0.00020670564
0.27203888 0.017171479 0.00017171479
0.27234775 0.021218182 0.00021218182
0.27265663 0.020159257 0.00020159257
0.2729655 0.022067721 0.00022067721
0.27327437 0.021401551 0.00021401551
0.27358324 0.023471521 0.00023471521
0.27389211 0.022684013 0.00022684013
0.27420098 0.021932055 0.00021932055
0.27434578 0.021796732 0.00021796732
0.27450984 0.021646729 0.00021646729
0.2748187 0.022828186 0.00022828186
0.27512757 0.021573748 0.00021573748
0.27543643 0.02226494 0.0002226494
0.27574529 0.020368865 0.00020368865
0.27605414 0.023204247 0.00023204247
0.276363 0.02351299 0.0002351299
0.27667185 0.023531028 0.00023531028
0.27698071 0.022242377 0.00022242377
0.27728956 0.022328193 0.00022328193
0.27759841 0.021651003 0.00021651003
0.27790726 0.021712142 0.00021712142
0.2782161 0.022106126 0.00022106126
0.27852495 0.021104365 0.00021104365
0.27883379 0.023556028 0.00023556028
0.27914264 0.0216632 0.000216632
0.27945148 0.025543297 0.00025543297
0.27976032 0.020986668 0.00020986668
0.28006915 0.02437281 0.0002437281
0.28037799 0.0257074 0.000257074
0.28068683 0.021322095 0.00021322095
0.28095536 0.022045894 0.00022045894
0.28099566 0.022154849 0.00022154849
0.28130449 0.021799773 0.00021799773
0.28161332 0.023328024 0.00023328024
0.28192215 0.02445506 0.0002445506
0.28223098 0.022614547 0.00022614547
0.2825398 0.022165107 0.00022165107
0.28284863 0.024858948 0.00024858948
0.28315745 0.024595884 0.00024595884
0.28346627 0.023758738 0.00023758738
0.28377509 0.024645135 0.00024645135
0.28408391 0.024447099 0.00024447099
0.28439272 0.025109603 0.00025109603
0.28470154 0.023748954 0.00023748954
0.28501035 0.022061295 0.00022061295
0.28531916 0.020950473 0.00020950473
0.28562797 0.024165036 0.00024165036
0.28593678 0.025133943 0.00025133943
0.28624559 0.023327183 0.00023327183
0.2865544 0.022547503 0.00022547503
0.2868632 0.026059118 0.00026059118
0.287172 0.022463854 0.00022463854
0.2874808 0.023188239 0.00023188239
0.28772418 0.022688079 0.00022688079
0.2877896 0.022555622 0.00022555622
0.2880984 0.023000664 0.00023000664
0.2884072 0.022007246 0.00022007246
0.28871599 0.024207941 0.00024207941
0.28902478 0.023249753 0.00023249753
0.28933358 0.023599533 0.00023599533
0.28964237 0.02478568 0.0002478568
0.28995115 0.021797549 0.00021797549
0.29025994 0.021709326 0.00021709326
0.29056873 0.024695283 0.00024695283
0.29087751 0.026933407 0.00026933407
0.29118629 0.026584907 0.00026584907
0.29149507 0.023925251 0.00023925251
0.29180385 0.024255703 0.00024255703
0.29211263 0.024135945 0.00024135945
0.2924214 0.022949086 0.00022949086
0.29273018 0.022282048 0.00022282048
0.29303895 0.023102855 0.00023102855
0.29334772 0.025523288 0.00025523288
0.29365649 0.022427506 0.00022427506
0.29396526 0.027383036 0.00027383036
0.29427402 0.0215174 0.000215174
0.29458279 0.024899923 0.00024899923
0.29465608 0.024802104 0.00024802104
0.29489155 0.02448748 0.0002448748
0.29520031 0.024596938 0.00024596938
0.29550907 0.023906226 0.00023906226
0.29581783 0.024126247 0.00024126247
0.29612659 0.023464458 0.00023464458
0.29643534 0.022453043 0.00022453043
0.2967441 0.023861343 0.00023861343
0.29705285 0.023024342 0.00023024342
0.2973616 0.023973913 0.00023973913
0.29767035 0.025735718 0.00025735718
0.29797909 0.025725659 0.00025725659
0.29828784 0.024603138 0.00024603138
0.29859658 0.025129051 0.00025129051
0.29890532 0.024788259 0.00024788259
0.29921406 0.021311786 0.00021311786
0.2995228 0.027641554 0.00027641554
0.29983154 0.025741169 0.00025741169
