0.010027023 2.3853085 0.023853085
0.010059664 2.3633746 0.023633746
0.010268595 2.2478376 0.022478376
0.010369191 2.193116 0.02193116
0.010515988 2.1236349 0.021236349
0.010678719 2.0484668 0.020484668
0.010769341 2.0168552 0.020168552
0.010988246 1.9430427 0.019430427
0.011028797 1.9280844 0.019280844
0.011294505 1.8286276 0.018286276
0.011297773 1.8274989 0.018274989
0.011566613 1.7815961 0.017815961
0.0116073 1.7739409 0.017739409
0.011845278 1.6999459 0.016999459
0.011916828 1.6772204 0.016772204
0.012130656 1.6033335 0.016033335
0.012226355 1.57279 0.0157279
0.01242291 1.5586077 0.015586077
0.012535882 1.5512367 0.015512367
0.012722205 1.5275247 0.015275247
0.012845409 1.5113702 0.015113702
0.01302871 1.4876245 0.014876245
0.013154936 1.4706938 0.014706938
0.0133426 1.4371439 0.014371439
0.013464463 1.4147454 0.014147454
0.013664051 1.3744515 0.013744515
0.013773989 1.3530418 0.013530418
0.013993248 1.3270368 0.013270368
0.014083516 1.3174559 0.013174559
0.014330375 1.3078194 0.013078194
0.014393043 1.3057373 0.013057373
0.014675625 1.3019728 0.013019728
0.014702569 1.3013967 0.013013967
0.015012096 1.2784463 0.012784463
0.015029192 1.2768731 0.012768731
0.015321622 1.2497595 0.012497595
0.015391278 1.2491778 0.012491778
0.015631148 1.2488312 0.012488312
0.015762087 1.2393637 0.012393637
0.015940675 1.2261962 0.012261962
0.01614183 1.2258147 0.012258147
0.016250201 1.2256294 0.012256294
0.016530721 1.2124565 0.012124565
0.016559727 1.210974 0.01210974
0.016869253 1.1904199 0.011904199
0.016928982 1.1869771 0.011869771
0.017178779 1.1730546 0.011730546
0.017336837 1.1667411 0.011667411
0.017488304 1.1611774 0.011611774
0.017754519 1.1558352 0.011558352
0.01779783 1.1551703 0.011551703
0.018107355 1.155153 0.01155153
0.018182263 1.1585811 0.011585811
0.018416881 1.1684639 0.011684639
0.018620313 1.1502503 0.011502503
0.018726406 1.1412959 0.011412959
0.019035932 1.1593394 0.011593394
0.019068917 1.1582488 0.011582488
0.019345457 1.1466105 0.011466105
0.019528328 1.1376176 0.011376176
0.019654982 1.1315056 0.011315056
0.019964507 1.1203889 0.011203889
0.019998807 1.1194277 0.011194277
0.020274032 1.1135533 0.011135533
0.020480622 1.1234427 0.011234427
0.020583556 1.1278935 0.011278935
0.020893081 1.1093359 0.011093359
0.020974044 1.111632 0.01111632
0.021202605 1.1189087 0.011189087
0.021479354 1.112153 0.01112153
0.02151213 1.1112333 0.011112333
0.021821654 1.0958944 0.010958944
0.021996838 1.0995069 0.010995069
0.022131178 1.1022962 0.011022962
0.022440702 1.0838867 0.010838867
0.022526789 1.0872947 0.010872947
0.022750226 1.0964622 0.010964622
0.02305975 1.0804939 0.010804939
0.023069508 1.0804992 0.010804992
0.023369274 1.080884 0.01080884
0.023625302 1.0763264 0.010763264
0.023678797 1.0755133 0.010755133
0.023988321 1.0793367 0.010793367
0.024194486 1.0824417 0.010824417
0.024297844 1.0834977 0.010834977
0.024607367 1.0718876 0.010718876
0.024777383 1.0691271 0.010691271
0.02491689 1.0669637 0.010669637
0.025226413 1.0665637 0.010665637
0.025374324 1.0585239 0.010585239
0.025535936 1.0504536 0.010504536
0.025845458 1.0674825 0.010674825
0.025985646 1.0665473 0.010665473
0.026154981 1.0647827 0.010647827
0.026464503 1.0630863 0.010630863
0.026611696 1.0584438 0.010584438
0.026774025 1.053263 0.01053263
0.027083547 1.0437063 0.010437063
0.027252829 1.0485793 0.010485793
0.027393069 1.0532811 0.010532811
0.027702591 1.0589916 0.010589916
0.027909409 1.0601703 0.010601703
0.028012112 1.0603332 0.010603332
0.028321634 1.0541711 0.010541711
0.028581806 1.0526459 0.010526459
0.028631155 1.052349 0.01052349
0.028940676 1.0595729 0.010595729
0.029250197 1.0443168 0.010443168
0.029270403 1.044467 0.01044467
0.029559718 1.04697 0.0104697
0.029869238 1.041909 0.01041909
0.02997559 1.0421602 0.010421602
0.030178759 1.0425641 0.010425641
0.030488279 1.0389188 0.010389188
0.030697767 1.0378024 0.010378024
0.030797799 1.0374935 0.010374935
0.031107319 1.0314373 0.010314373
0.031416839 1.0455116 0.010455116
0.031437342 1.0451653 0.010451653
0.031726359 1.0388746 0.010388746
0.032035878 1.0250333 0.010250333
0.032194735 1.0270607 0.010270607
0.032345397 1.0294957 0.010294957
0.032654916 1.0353983 0.010353983
0.032964435 1.0269189 0.010269189
0.032970376 1.0268367 0.010268367
0.033273954 1.0225446 0.010225446
0.033583473 1.0187799 0.010187799
0.033764703 1.0250385 0.010250385
0.033892991 1.029312 0.01029312
0.034202509 1.0248489 0.010248489
0.034512027 1.0149992 0.010149992
0.034578168 1.0163072 0.010163072
0.034821545 1.0213751 0.010213751
0.035131063 0.99813822 0.0099813822
0.03541123 1.0135013 0.010135013
0.03544058 1.015111 0.01015111
0.035750097 1.0002188 0.010002188
0.036059614 1.0073704 0.010073704
0.036264363 1.0106562 0.010106562
0.036369131 1.0121952 0.010121952
0.036678648 1.0114444 0.010114444
0.036988164 1.0039366 0.010039366
0.037138049 0.99957463 0.0099957463
0.03729768 0.99509852 0.0099509852
0.037607196 0.99486782 0.0099486782
0.037916712 0.99406851 0.0099406851
0.038032785 0.99494837 0.0099494837
0.038226228 0.99617145 0.0099617145
0.038535743 0.99839456 0.0099839456
0.038845259 0.98364257 0.0098364257
0.038949077 0.98211473 0.0098211473
0.039154774 0.97944991 0.0097944991
0.039464288 0.99477249 0.0099477249
0.039773803 0.98075608 0.0098075608
0.039887444 0.98055097 0.0098055097
0.040083317 0.98026514 0.0098026514
0.040392831 0.98329381 0.0098329381
0.040702345 0.98171626 0.0098171626
0.040848418 0.98123727 0.0098123727
0.041011859 0.98040981 0.0098040981
0.041321372 0.98362564 0.0098362564
0.041630886 0.97967264 0.0097967264
0.041832544 0.96982945 0.0096982945
0.041940399 0.96458368 0.0096458368
0.042249911 0.9646393 0.009646393
0.042559424 0.96207325 0.0096207325
0.04284038 0.95929878 0.0095929878
0.042868936 0.95902576 0.0095902576
0.043178448 0.95794362 0.0095794362
0.04348796 0.95812293 0.0095812293
0.043797472 0.94948773 0.0094948773
0.043872497 0.95083383 0.0095083383
0.044106983 0.95522832 0.0095522832
0.044416494 0.95285555 0.0095285555
0.044726005 0.94779626 0.0094779626
0.04492948 0.94808795 0.0094808795
0.045035516 0.94813367 0.0094813367
0.045345026 0.94131627 0.0094131627
0.045654536 0.93699654 0.0093699654
0.045964046 0.93865746 0.0093865746
0.046011928 0.93768349 0.0093768349
0.046273556 0.93250634 0.0093250634
0.046583065 0.9319257 0.009319257
0.046892575 0.93200409 0.0093200409
0.047120454 0.9313648 0.009313648
0.047202083 0.93107825 0.0093107825
0.047511592 0.92601917 0.0092601917
0.0478211 0.92357913 0.0092357913
0.048130609 0.92113306 0.0092113306
0.048255688 0.91931314 0.0091931314
0.048440116 0.91668688 0.0091668688
0.048749624 0.91490036 0.0091490036
0.049059131 0.90633127 0.0090633127
0.049368638 0.90810825 0.0090810825
0.049418271 0.9094859 0.009094859
0.049678145 0.91690609 0.0091690609
0.049987652 0.9091878 0.009091878
0.050297158 0.90302376 0.0090302376
0.050606664 0.90619648 0.0090619648
0.050608864 0.90614878 0.0090614878
0.05091617 0.89916829 0.0089916829
0.051225675 0.89603339 0.0089603339
0.05153518 0.90066196 0.0090066196
0.05182814 0.89399901 0.0089399901
0.051844685 0.89363604 0.0089363604
0.05215419 0.89791656 0.0089791656
0.052463694 0.89834338 0.0089834338
0.052773198 0.89037018 0.0089037018
0.053076791 0.88845759 0.0088845759
0.053082702 0.88842024 0.0088842024
0.053392205 0.88203652 0.0088203652
0.053701708 0.87859815 0.0087859815
0.054011211 0.88398161 0.0088398161
0.054320713 0.88380625 0.0088380625
0.054355526 0.88276138 0.0088276138
0.054630216 0.87414583 0.0087414583
0.054939718 0.8727165 0.008727165
0.055249219 0.87685588 0.0087685588
0.055558721 0.86345164 0.0086345164
0.055665067 0.86452365 0.0086452365
0.055868222 0.86676688 0.0086676688
0.056177722 0.87028392 0.0087028392
0.056487223 0.86017456 0.0086017456
0.056796723 0.85916359 0.0085916359
0.057006158 0.85491113 0.0085491113
0.057106223 0.85290939 0.0085290939
0.057415722 0.85052485 0.0085052485
0.057725221 0.85094698 0.0085094698
0.05803472 0.84835453 0.0084835453
0.058344219 0.84750076 0.0084750076
0.058379559 0.84795861 0.0084795861
0.058653717 0.85147727 0.0085147727
0.058963215 0.84404574 0.0084404574
0.059272713 0.84218401 0.0084218401
0.05958221 0.83791963 0.0083791963
0.059786049 0.83967192 0.0083967192
0.059891707 0.84048907 0.0084048907
0.060201203 0.83268622 0.0083268622
0.0605107 0.8305922 0.008305922
0.060820196 0.83407751 0.0083407751
0.061129691 0.82129301 0.0082129301
0.061226423 0.82248132 0.0082248132
0.061439187 0.82534956 0.0082534956
0.061748681 0.82112769 0.0082112769
0.062058176 0.82335909 0.0082335909
0.06236767 0.8122423 0.008122423
0.062677164 0.81731767 0.0081731767
0.0627015 0.81718792 0.0081718792
0.062986658 0.81537685 0.0081537685
0.063296151 0.8093138 0.008093138
0.063605644 0.80517421 0.0080517421
0.063915137 0.80424363 0.0080424363
0.064212114 0.80105709 0.0080105709
0.064224629 0.80092634 0.0080092634
0.064534121 0.80199815 0.0080199815
0.064843612 0.80068338 0.0080068338
0.065153103 0.7909854 0.007909854
0.065462594 0.78971178 0.0078971178
0.065759122 0.78755092 0.0078755092
0.065772085 0.78746029 0.0078746029
0.066081575 0.78637855 0.0078637855
0.066391064 0.78896913 0.0078896913
0.066700554 0.78215903 0.0078215903
0.067010043 0.77977812 0.0077977812
0.067319531 0.77726374 0.0077726374
0.0673434 0.77714744 0.0077714744
0.06762902 0.77565339 0.0077565339
0.067938508 0.7704009 0.007704009
0.068247995 0.76886881 0.0076886881
0.068557482 0.76515259 0.0076515259
0.068866969 0.76288298 0.0076288298
0.068965848 0.76234117 0.0076234117
0.069176455 0.76128138 0.0076128138
0.069485941 0.75765187 0.0075765187
0.069795427 0.75760319 0.0075760319
0.070104912 0.75534573 0.0075534573
0.070414397 0.75610488 0.0075610488
0.070627384 0.75235258 0.0075235258
0.070723882 0.75060395 0.0075060395
0.071033366 0.74880648 0.0074880648
0.07134285 0.74470031 0.0074470031
0.071652333 0.739592 0.00739592
0.071961816 0.73971941 0.0073971941
0.072271298 0.73729072 0.0073729072
0.072328949 0.7362023 0.007362023
0.07258078 0.73152384 0.0073152384
0.072890262 0.73366448 0.0073366448
0.073199744 0.73294677 0.0073294677
0.073509225 0.7266259 0.007266259
0.073818705 0.72052666 0.0072052666
0.074071509 0.72331726 0.0072331726
0.074128185 0.72393122 0.0072393122
0.074437665 0.71921629 0.0071921629
0.074747144 0.71400629 0.0071400629
0.075056623 0.7155157 0.007155157
0.075366102 0.71237999 0.0071237999
0.07567558 0.70489101 0.0070489101
0.075856051 0.70754808 0.0070754808
0.075985058 0.70944022 0.0070944022
0.076294535 0.70251128 0.0070251128
0.076604012 0.70296677 0.0070296677
0.076913488 0.70026763 0.0070026763
0.077222964 0.69607352 0.0069607352
0.07753244 0.69525086 0.0069525086
0.077683587 0.69075172 0.0069075172
0.077841915 0.68611951 0.0068611951
0.07815139 0.68724764 0.0068724764
0.078460864 0.68675463 0.0068675463
0.078770338 0.68402339 0.0068402339
0.079079812 0.68358007 0.0068358007
0.079389285 0.68092904 0.0068092904
0.079555152 0.68018248 0.0068018248
0.079698757 0.67946823 0.0067946823
0.080008229 0.67487447 0.0067487447
0.080317701 0.67351693 0.0067351693
0.080627172 0.67119313 0.0067119313
0.080936643 0.66496966 0.0066496966
0.081246114 0.66339917 0.0066339917
0.081471807 0.66305639 0.0066305639
0.081555584 0.66294681 0.0066294681
0.081865053 0.66034464 0.0066034464
0.082174522 0.65613962 0.0065613962
0.082483991 0.65771316 0.0065771316
0.082793459 0.64726618 0.0064726618
0.083102927 0.64712483 0.0064712483
0.083412394 0.64873485 0.0064873485
0.083434638 0.64839309 0.0064839309
0.083721861 0.64383546 0.0064383546
0.084031327 0.63467201 0.0063467201
0.084340793 0.63895208 0.0063895208
0.084650259 0.63260244 0.0063260244
0.084959724 0.63357613 0.0063357613
0.085269188 0.62889597 0.0062889597
0.085444758 0.62633442 0.0062633442
0.085578652 0.62445165 0.0062445165
0.085888116 0.62347248 0.0062347248
0.086197579 0.62286201 0.0062286201
0.086507042 0.62225355 0.0062225355
0.086816504 0.61632214 0.0061632214
0.087125966 0.61240307 0.0061240307
0.087435427 0.61169493 0.0061169493
0.087503306 0.6113359 0.006113359
0.087744888 0.61008568 0.0061008568
0.088054348 0.60518021 0.0060518021
0.088363808 0.60332192 0.0060332192
0.088673267 0.59885302 0.0059885302
0.088982726 0.60002806 0.0060002806
0.089292184 0.59786702 0.0059786702
0.089601642 0.59779446 0.0059779446
0.089611449 0.59767985 0.0059767985
0.089911099 0.59403215 0.0059403215
0.090220556 0.59077964 0.0059077964
0.090530013 0.58899261 0.0058899261
0.090839469 0.58763105 0.0058763105
0.091148924 0.58311893 0.0058311893
0.091458379 0.58067533 0.0058067533
0.091767833 0.57632842 0.0057632842
0.091770381 0.57634934 0.0057634934
0.092077287 0.57896375 0.0057896375
0.092386741 0.57212332 0.0057212332
0.092696194 0.56909151 0.0056909151
0.093005646 0.56863046 0.0056863046
0.093315098 0.56795891 0.0056795891
0.093624549 0.56468207 0.0056468207
0.093934 0.55953755 0.0055953755
0.093981327 0.55926303 0.0055926303
0.09424345 0.5577906 0.005577906
0.0945529 0.55844741 0.0055844741
0.09486235 0.556892 0.00556892
0.095171798 0.54889684 0.0054889684
0.095481247 0.54629682 0.0054629682
0.095790694 0.54319911 0.0054319911
0.096100142 0.54565991 0.0054565991
0.09624554 0.54469711 0.0054469711
0.096409588 0.54357707 0.0054357707
0.096719035 0.53794597 0.0053794597
0.09702848 0.53506185 0.0053506185
0.097337925 0.53254296 0.0053254296
0.09764737 0.53341307 0.0053341307
0.097956814 0.53162323 0.0053162323
0.098266257 0.52252039 0.0052252039
0.098564302 0.52644353 0.0052644353
0.0985757 0.52659287 0.0052659287
0.098885143 0.52247866 0.0052247866
0.099194585 0.51793977 0.0051793977
0.099504026 0.51512743 0.0051512743
0.099813467 0.51485221 0.0051485221
0.10012291 0.51113504 0.0051113504
0.10043235 0.51204516 0.0051204516
0.10074179 0.50775158 0.0050775158
0.10093893 0.50670427 0.0050670427
0.10105122 0.50610771 0.0050610771
0.10136066 0.50158324 0.0050158324
0.1016701 0.49814517 0.0049814517
0.10197954 0.49675362 0.0049675362
0.10228897 0.49425112 0.0049425112
0.10259841 0.49673019 0.0049673019
0.10290785 0.48858419 0.0048858419
0.10321728 0.48723358 0.0048723358
0.10337076 0.48657783 0.0048657783
0.10352671 0.48592366 0.0048592366
0.10383615 0.48173909 0.0048173909
0.10414558 0.4769004 0.004769004
0.10445501 0.4765131 0.004765131
0.10476445 0.47552365 0.0047552365
0.10507388 0.47212473 0.0047212473
0.10538331 0.47060217 0.0047060217
0.10569274 0.46774123 0.0046774123
0.10586119 0.46723772 0.0046723772
0.10600217 0.46682029 0.0046682029
0.1063116 0.4661193 0.004661193
0.10662102 0.46127617 0.0046127617
0.10693045 0.45890304 0.0045890304
0.10723988 0.45760351 0.0045760351
0.10754931 0.45169283 0.0045169283
0.10785873 0.45292985 0.0045292985
0.10816816 0.45449359 0.0045449359
0.10841161 0.44798384 0.0044798384
0.10847758 0.44621621 0.0044621621
0.10878701 0.44408171 0.0044408171
0.10909643 0.44260167 0.0044260167
0.10940585 0.44104795 0.0044104795
0.10971528 0.43980934 0.0043980934
0.1100247 0.43702568 0.0043702568
0.11033412 0.43306129 0.0043306129
0.11064354 0.43304324 0.0043304324
0.11095296 0.42666431 0.0042666431
0.11102348 0.42723799 0.0042723799
0.11126238 0.42922865 0.0042922865
0.1115718 0.42660676 0.0042660676
0.11188122 0.42123063 0.0042123063
0.11219064 0.42061689 0.0042061689
0.11250005 0.41527419 0.0041527419
0.11280947 0.41888603 0.0041888603
0.11311889 0.41494769 0.0041494769
0.1134283 0.40898012 0.0040898012
0.11369828 0.40968172 0.0040968172
0.11373772 0.40977947 0.0040977947
0.11404713 0.4061132 0.004061132
0.11435654 0.40777491 0.0040777491
0.11466596 0.40234597 0.0040234597
0.11497537 0.40167494 0.0040167494
0.11528478 0.40129004 0.0040129004
0.11559419 0.39330009 0.0039330009
0.1159036 0.39406767 0.0039406767
0.11621301 0.39100358 0.0039100358
0.11643751 0.38940967 0.0038940967
0.11652242 0.38881753 0.0038881753
0.11683183 0.3875931 0.003875931
0.11714124 0.38325375 0.0038325375
0.11745064 0.38255494 0.0038255494
0.11776005 0.38356434 0.0038356434
0.11806945 0.37909654 0.0037909654
0.11837886 0.37617401 0.0037617401
0.11868826 0.37528324 0.0037528324
0.11899767 0.37339564 0.0037339564
0.11924274 0.3711173 0.003711173
0.11930707 0.3705133 0.003705133
0.11961647 0.36830041 0.0036830041
0.11992588 0.36822037 0.0036822037
0.12023528 0.36301777 0.0036301777
0.12054468 0.36149246 0.0036149246
0.12085408 0.36275325 0.0036275325
0.12116348 0.35937297 0.0035937297
0.12147288 0.35705367 0.0035705367
0.12178227 0.35543513 0.0035543513
0.12209167 0.35072805 0.0035072805
0.12211556 0.35051033 0.0035051033
0.12240107 0.34797873 0.0034797873
0.12271046 0.3466145 0.003466145
0.12301986 0.34553582 0.0034553582
0.12332925 0.34523978 0.0034523978
0.12363865 0.34471039 0.0034471039
0.12394804 0.33928307 0.0033928307
0.12425743 0.33782301 0.0033782301
0.12456683 0.33454027 0.0033454027
0.12487622 0.33424918 0.0033424918
0.12505758 0.33455251 0.0033455251
0.12518561 0.33473929 0.0033473929
0.125495 0.33110389 0.0033110389
0.12580439 0.32787968 0.0032787968
0.12611377 0.32493967 0.0032493967
0.12642316 0.32458354 0.0032458354
0.12673255 0.32363525 0.0032363525
0.12704194 0.32236351 0.0032236351
0.12735132 0.32270631 0.0032270631
0.12766071 0.31656217 0.0031656217
0.12797009 0.31591186 0.0031591186
0.12807049 0.3136858 0.003136858
0.12827947 0.30910469 0.0030910469
0.12858886 0.30929688 0.0030929688
0.12889824 0.31065104 0.0031065104
0.12920762 0.30898699 0.0030898699
0.129517 0.30735642 0.0030735642
0.12982638 0.30601206 0.0030601206
0.13013576 0.3064982 0.003064982
0.13044514 0.30151318 0.0030151318
0.13075452 0.29840923 0.0029840923
0.1310639 0.29857767 0.0029857767
0.13115598 0.29773048 0.0029773048
0.13137327 0.2957185 0.002957185
0.13168265 0.29336657 0.0029336657
0.13199202 0.29096852 0.0029096852
0.1323014 0.28888764 0.0028888764
0.13261077 0.29086658 0.0029086658
0.13292015 0.28402142 0.0028402142
0.13322952 0.28553682 0.0028553682
0.13353889 0.28085537 0.0028085537
0.13384826 0.28029876 0.0028029876
0.13415763 0.28214322 0.0028214322
0.13431581 0.28007925 0.0028007925
0.134467 0.27810321 0.0027810321
0.13477637 0.27583872 0.0027583872
0.13508574 0.27372507 0.0027372507
0.1353951 0.27301349 0.0027301349
0.13570447 0.27122709 0.0027122709
0.13601383 0.26992463 0.0026992463
0.1363232 0.26735973 0.0026735973
0.13663256 0.26403909 0.0026403909
0.13694193 0.26528975 0.0026528975
0.13725129 0.26531982 0.0026531982
0.13755177 0.2615004 0.002615004
0.13756065 0.26138894 0.0026138894
0.13787001 0.2601921 0.002601921
0.13817937 0.25825683 0.0025825683
0.13848873 0.25311322 0.0025311322
0.13879809 0.25362915 0.0025362915
0.13910745 0.25368047 0.0025368047
0.13941681 0.25123493 0.0025123493
0.13972616 0.25053454 0.0025053454
0.14003552 0.24874918 0.0024874918
0.14034488 0.24718151 0.0024718151
0.14065423 0.24625543 0.0024625543
0.14086569 0.24615515 0.0024615515
0.14096358 0.24609467 0.0024609467
0.14127294 0.23993701 0.0023993701
0.14158229 0.23839616 0.0023839616
0.14189164 0.24093322 0.0024093322
0.14220099 0.23662862 0.0023662862
0.14251034 0.23425004 0.0023425004
0.14281969 0.23454696 0.0023454696
0.14312904 0.23417221 0.0023417221
0.14343838 0.22882517 0.0022882517
0.14374773 0.22884682 0.0022884682
0.14405708 0.22647051 0.0022647051
0.14425945 0.22704475 0.0022704475
0.14436642 0.22735599 0.0022735599
0.14467577 0.22616424 0.0022616424
0.14498511 0.22172354 0.0022172354
0.14529445 0.22189176 0.0022189176
0.14560379 0.21992451 0.0021992451
0.14591314 0.2182926 0.002182926
0.14622248 0.21715684 0.0021715684
0.14653182 0.21469142 0.0021469142
0.14684115 0.21435885 0.0021435885
0.14715049 0.21084075 0.0021084075
0.14745983 0.21163435 0.0021163435
0.14773497 0.2092062 0.002092062
0.14776917 0.20890816 0.0020890816
0.1480785 0.20951018 0.0020951018
0.14838784 0.2057461 0.002057461
0.14869717 0.2056047 0.002056047
0.1490065 0.20464797 0.0020464797
0.14931583 0.20007549 0.0020007549
0.14962517 0.19895988 0.0019895988
0.1499345 0.20019794 0.0020019794
0.15024383 0.19860341 0.0019860341
0.15055316 0.19730157 0.0019730157
0.15086248 0.19566974 0.0019566974
0.15117181 0.19357574 0.0019357574
0.15129422 0.1937094 0.001937094
0.15148114 0.19392522 0.0019392522
0.15179046 0.191313 0.00191313
0.15209979 0.19004989 0.0019004989
0.15240911 0.19095998 0.0019095998
0.15271844 0.18468895 0.0018468895
0.15302776 0.18598527 0.0018598527
0.15333708 0.18398254 0.0018398254
0.1536464 0.18436444 0.0018436444
0.15395572 0.18463187 0.0018463187
0.15426504 0.1806734 0.001806734
0.15457436 0.18063932 0.0018063932
0.15488367 0.18034399 0.0018034399
0.15493922 0.17942433 0.0017942433
0.15519299 0.17522016 0.0017522016
0.15550231 0.17339073 0.0017339073
0.15581162 0.17532498 0.0017532498
0.15612093 0.17460487 0.0017460487
0.15643025 0.17421095 0.0017421095
0.15673956 0.16911566 0.0016911566
0.15704887 0.1698476 0.001698476
0.15735818 0.16625947 0.0016625947
0.15766749 0.16913952 0.0016913952
0.1579768 0.16489617 0.0016489617
0.15828611 0.1631895 0.001631895
0.15859542 0.16471802 0.0016471802
0.15867204 0.16448544 0.0016448544
0.15890472 0.16379353 0.0016379353
0.15921403 0.15971169 0.0015971169
0.15952333 0.16160843 0.0016160843
0.15983264 0.15951365 0.0015951365
0.16014194 0.16074132 0.0016074132
0.16045124 0.15768777 0.0015768777
0.16076054 0.15613204 0.0015613204
0.16106984 0.15457265 0.0015457265
0.16137914 0.15427631 0.0015427631
0.16168844 0.15102412 0.0015102412
0.16199774 0.15309425 0.0015309425
0.16230703 0.15044365 0.0015044365
0.16249479 0.15084868 0.0015084868
0.16261633 0.15111031 0.0015111031
0.16292562 0.14866417 0.0014866417
0.16323492 0.14526102 0.0014526102
0.16354421 0.14624291 0.0014624291
0.1638535 0.1466923 0.001466923
0.16416279 0.14508108 0.0014508108
0.16447208 0.14506561 0.0014506561
0.16478137 0.14268931 0.0014268931
0.16509066 0.14073862 0.0014073862
0.16539995 0.13741925 0.0013741925
0.16570924 0.13989702 0.0013989702
0.16601852 0.13802596 0.0013802596
0.16632781 0.13701856 0.0013701856
0.16640964 0.13676218 0.0013676218
0.16663709 0.13606423 0.0013606423
0.16694637 0.13384989 0.0013384989
0.16725566 0.13283447 0.0013283447
0.16756494 0.13202533 0.0013202533
0.16787422 0.13118701 0.0013118701
0.1681835 0.13125967 0.0013125967
0.16849278 0.13106977 0.0013106977
0.16880205 0.12929979 0.0012929979
0.16911133 0.12777448 0.0012777448
0.16942061 0.12988489 0.0012988489
0.16972988 0.12575051 0.0012575051
0.17003916 0.12539729 0.0012539729
0.17034843 0.12426 0.0012426
0.17041881 0.12413452 0.0012413452
0.1706577 0.12370504 0.0012370504
0.17096697 0.12024356 0.0012024356
0.17127624 0.12210744 0.0012210744
0.17158551 0.12007744 0.0012007744
0.17189478 0.12039647 0.0012039647
0.17220405 0.11823403 0.0011823403
0.17251331 0.11606429 0.0011606429
0.17282258 0.11705502 0.0011705502
0.17313184 0.11629114 0.0011629114
0.17344111 0.1150248 0.001150248
0.17375037 0.11274368 0.0011274368
0.17405963 0.11252101 0.0011252101
0.17436889 0.11082237 0.0011082237
0.17452457 0.11078264 0.0011078264
0.17467815 0.11076668 0.0011076668
0.17498741 0.11264713 0.0011264713
0.17529667 0.11193656 0.0011193656
0.17560593 0.10809979 0.0010809979
0.17591518 0.10793356 0.0010793356
0.17622444 0.10710289 0.0010710289
0.17653369 0.10582301 0.0010582301
0.17684295 0.10635303 0.0010635303
0.1771522 0.10486201 0.0010486201
0.17746145 0.10407002 0.0010407002
0.1777707 0.10246651 0.0010246651
0.17807995 0.10170188 0.0010170188
0.1783892 0.10085109 0.0010085109
0.17869844 0.10162494 0.0010162494
0.17872924 0.10155762 0.0010155762
0.17900769 0.10092353 0.0010092353
0.17931694 0.10063378 0.0010063378
0.17962618 0.097925001 0.00097925001
0.17993542 0.097661353 0.00097661353
0.18024467 0.096795503 0.00096795503
0.18055391 0.097541927 0.00097541927
0.18086315 0.097644336 0.00097644336
0.18117239 0.093155143 0.00093155143
0.18148163 0.094258093 0.00094258093
0.18179086 0.093040815 0.00093040815
0.1821001 0.093031452 0.00093031452
0.18240934 0.092540595 0.00092540595
0.18271857 0.091314139 0.00091314139
0.1830278 0.089289168 0.00089289168
0.18303521 0.089357481 0.00089357481
0.18333704 0.092187898 0.00092187898
0.18364627 0.090775093 0.00090775093
0.1839555 0.089808096 0.00089808096
0.18426473 0.087539099 0.00087539099
0.18457396 0.087256178 0.00087256178
0.18488318 0.08728729 0.0008728729
0.18519241 0.086576771 0.00086576771
0.18550164 0.086111968 0.00086111968
0.18581086 0.083822333 0.00083822333
0.18612009 0.082250688 0.00082250688
0.18642931 0.08526445 0.0008526445
0.18673853 0.083420402 0.00083420402
0.18704775 0.084712461 0.00084712461
0.18735697 0.082748466 0.00082748466
0.18744492 0.0817515 0.000817515
0.18766619 0.079229872 0.00079229872
0.1879754 0.080669711 0.00080669711
0.18828462 0.078815145 0.00078815145
0.18859384 0.07996683 0.0007996683
0.18890305 0.077226992 0.00077226992
0.18921226 0.07811234 0.0007811234
0.18952148 0.078883125 0.00078883125
0.18983069 0.075896695 0.00075896695
0.1901399 0.077366071 0.00077366071
0.19044911 0.076122516 0.00076122516
0.19075832 0.075440466 0.00075440466
0.19106752 0.073376579 0.00073376579
0.19137673 0.074634814 0.00074634814
0.19168593 0.074153094 0.00074153094
0.19196087 0.072045032 0.00072045032
0.19199514 0.071786093 0.00071786093
0.19230434 0.070740405 0.00070740405
0.19261354 0.074047855 0.00074047855
0.19292274 0.069040907 0.00069040907
0.19323194 0.070419987 0.00070419987
0.19354114 0.07254362 0.0007254362
0.19385034 0.072222989 0.00072222989
0.19415954 0.070284258 0.00070284258
0.19446873 0.069300594 0.00069300594
0.19477793 0.069155435 0.00069155435
0.19508712 0.068295394 0.00068295394
0.19539631 0.065980526 0.00065980526
0.1957055 0.06826173 0.0006826173
0.19601469 0.067215102 0.00067215102
0.19632388 0.065287056 0.00065287056
0.19658562 0.065694216 0.00065694216
0.19663307 0.065768973 0.00065768973
0.19694226 0.065704497 0.00065704497
0.19725144 0.06550544 0.0006550544
0.19756063 0.063348698 0.00063348698
0.19786981 0.062817367 0.00062817367
0.19817899 0.062596129 0.00062596129
0.19848818 0.061232352 0.00061232352
0.19879736 0.062267146 0.00062267146
0.19910654 0.061986586 0.00061986586
0.19941572 0.063326763 0.00063326763
0.19972489 0.058820706 0.00058820706
0.20003407 0.059153337 0.00059153337
0.20034324 0.063708539 0.00063708539
0.20065242 0.0602173 0.000602173
0.20096159 0.060684894 0.00060684894
0.20127076 0.060380781 0.00060380781
0.2013218 0.059827153 0.00059827153
0.20157993 0.057013917 0.00057013917
0.2018891 0.059970647 0.00059970647
0.20219827 0.060189498 0.00060189498
0.20250744 0.056356425 0.00056356425
0.20281661 0.056525744 0.00056525744
0.20312577 0.056293002 0.00056293002
0.20343493 0.057094335 0.00057094335
0.2037441 0.053664183 0.00053664183
0.20405326 0.054595787 0.00054595787
0.20436242 0.053467973 0.00053467973
0.20467158 0.053042275 0.00053042275
0.20498074 0.0518038 0.000518038
0.2052899 0.055757453 0.00055757453
0.20559905 0.053152306 0.00053152306
0.20590821 0.05305907 0.0005305907
0.20617207 0.052119697 0.00052119697
0.20621736 0.051966326 0.00051966326
0.20652651 0.054284706 0.00054284706
0.20683567 0.051723696 0.00051723696
0.20714482 0.051425261 0.00051425261
0.20745397 0.052507341 0.00052507341
0.20776312 0.05275271 0.0005275271
0.20807226 0.052123869 0.00052123869
0.20838141 0.052217809 0.00052217809
0.20869055 0.050149786 0.00050149786
0.2089997 0.048639815 0.00048639815
0.20930884 0.050867515 0.00050867515
0.20961798 0.050367939 0.00050367939
0.20992712 0.046579789 0.00046579789
0.21023626 0.048017007 0.00048017007
0.2105454 0.046920007 0.00046920007
0.21085454 0.04862608 0.0004862608
0.2111392 0.050235591 0.00050235591
0.21116367 0.05037087 0.0005037087
0.21147281 0.047011525 0.00047011525
0.21178194 0.047509903 0.00047509903
0.21209107 0.046438391 0.00046438391
0.21240021 0.044275847 0.00044275847
0.21270934 0.045690629 0.00045690629
0.21301846 0.047131476 0.00047131476
0.21332759 0.047070756 0.00047070756
0.21363672 0.048289655 0.00048289655
0.21394584 0.046091314 0.00046091314
0.21425497 0.045821439 0.00045821439
0.21456409 0.04487043 0.0004487043
0.21487321 0.044896648 0.00044896648
0.21518234 0.043487334 0.00043487334
0.21549145 0.043833442 0.00043833442
0.21580057 0.043745874 0.00043745874
0.21610969 0.04377485 0.0004377485
0.216226 0.043858623 0.00043858623
0.21641881 0.044006475 0.00044006475
0.21672792 0.044453147 0.00044453147
0.21703704 0.042460551 0.00042460551
0.21734615 0.042539649 0.00042539649
0.21765526 0.043432279 0.00043432279
0.21796437 0.039966985 0.00039966985
0.21827348 0.043041622 0.00043041622
0.21858259 0.040365381 0.00040365381
0.21889169 0.043359716 0.00043359716
0.2192008 0.039277196 0.00039277196
0.2195099 0.041363224 0.00041363224
0.21981901 0.040838411 0.00040838411
0.22012811 0.042648625 0.00042648625
0.22043721 0.038804185 0.00038804185
0.22074631 0.037929441 0.00037929441
0.22105541 0.039866235 0.00039866235
0.2213645 0.0388307 0.000388307
0.22143535 0.039023226 0.00039023226
0.2216736 0.039677416 0.00039677416
0.22198269 0.0386307 0.000386307
0.22229179 0.038579465 0.00038579465
0.22260088 0.038730794 0.00038730794
0.22290997 0.038289469 0.00038289469
0.22321906 0.039189225 0.00039189225
0.22352815 0.038877857 0.00038877857
0.22383724 0.035926094 0.00035926094
0.22414632 0.037741954 0.00037741954
0.22445541 0.039609676 0.00039609676
0.22476449 0.037729394 0.00037729394
0.22507357 0.036528152 0.00036528152
0.22538265 0.036760585 0.00036760585
0.22569174 0.03604696 0.0003604696
0.22600081 0.037314923 0.00037314923
0.22630989 0.037092824 0.00037092824
0.22661897 0.035234222 0.00035234222
0.2267702 0.035138644 0.00035138644
0.22692804 0.035049787 0.00035049787
0.22723712 0.035647784 0.00035647784
0.22754619 0.034512354 0.00034512354
0.22785526 0.032538749 0.00032538749
0.22816433 0.03724393 0.0003724393
0.2284734 0.033106112 0.00033106112
0.22878247 0.034972699 0.00034972699
0.22909153 0.035180608 0.00035180608
0.2294006 0.032699956 0.00032699956
0.22970966 0.035543975 0.00035543975
0.23001873 0.035674163 0.00035674163
0.23032779 0.034551273 0.00034551273
0.23063685 0.035574014 0.00035574014
0.23094591 0.035097765 0.00035097765
0.23125496 0.036537569 0.00036537569
0.23156402 0.035480546 0.00035480546
0.23187308 0.032965109 0.00032965109
0.23218213 0.033593857 0.00033593857
0.23223358 0.033772682 0.00033772682
0.23249118 0.034653092 0.00034653092
0.23280023 0.037145652 0.00037145652
0.23310928 0.034367361 0.00034367361
0.23341833 0.034026673 0.00034026673
0.23372738 0.03267994 0.0003267994
0.23403643 0.032749377 0.00032749377
0.23434547 0.036000311 0.00036000311
0.23465451 0.035330605 0.00035330605
0.23496356 0.031942974 0.00031942974
0.2352726 0.032800322 0.00032800322
0.23558164 0.031181314 0.00031181314
0.23589068 0.031720095 0.00031720095
0.23619971 0.032016738 0.00032016738
0.23650875 0.032470519 0.00032470519
0.23681778 0.030835066 0.00030835066
0.23712682 0.031183563 0.00031183563
0.23743585 0.032048707 0.00032048707
0.23774488 0.029670709 0.00029670709
0.23782859 0.030137181 0.00030137181
0.23805391 0.031419058 0.00031419058
0.23836294 0.031111536 0.00031111536
0.23867197 0.02909751 0.0002909751
0.23898099 0.030119634 0.00030119634
0.23929002 0.030773948 0.00030773948
0.23959904 0.029775662 0.00029775662
0.23990806 0.030305515 0.00030305515
0.24021708 0.03058346 0.0003058346
0.2405261 0.030729687 0.00030729687
0.24083512 0.031184801 0.00031184801
0.24114413 0.031933238 0.00031933238
0.24145315 0.031711305 0.00031711305
0.24176216 0.030678099 0.00030678099
0.24207118 0.02958065 0.0002958065
0.24238019 0.030917006 0.00030917006
0.2426892 0.031799284 0.00031799284
0.24299821 0.030860774 0.00030860774
0.24330721 0.030002941 0.00030002941
0.24355839 0.031071597 0.00031071597
0.24361622 0.03131705 0.0003131705
0.24392522 0.030505962 0.00030505962
0.24423423 0.031448806 0.00031448806
0.24454323 0.03074116 0.0003074116
0.24485223 0.029590327 0.00029590327
0.24516123 0.028923995 0.00028923995
0.24547023 0.031105987 0.00031105987
0.24577922 0.029052543 0.00029052543
0.24608822 0.032134327 0.00032134327
0.24639721 0.028334479 0.00028334479
0.24670621 0.028870026 0.00028870026
0.2470152 0.029364633 0.00029364633
0.24732419 0.032690943 0.00032690943
0.24763318 0.029506691 0.00029506691
0.24794216 0.0281832 0.000281832
0.24825115 0.032257256 0.00032257256
0.24856013 0.028829091 0.00028829091
0.24886912 0.029576345 0.00029576345
0.2491781 0.02999097 0.0002999097
0.24942624 0.031633993 0.00031633993
0.24948708 0.032033067 0.00032033067
0.24979606 0.028533805 0.00028533805
0.25010504 0.026588393 0.00026588393
0.25041401 0.030071126 0.00030071126
0.25072299 0.030714087 0.00030714087
0.25103196 0.030999313 0.00030999313
0.25134093 0.028800597 0.00028800597
0.2516499 0.030347131 0.00030347131
0.25195887 0.027971038 0.00027971038
0.25226784 0.027463586 0.00027463586
0.25257681 0.029704417 0.00029704417
0.25288577 0.029841801 0.00029841801
0.25319474 0.031720928 0.00031720928
0.2535037 0.030065666 0.00030065666
0.25381266 0.031645482 0.00031645482
0.25412162 0.028173215 0.00028173215
0.25443058 0.027558845 0.00027558845
0.25473954 0.029063105 0.00029063105
0.25504849 0.029892642 0.00029892642
0.25535745 0.029859833 0.00029859833
0.25543545 0.029580134 0.00029580134
0.2556664 0.028769299 0.00028769299
0.25597535 0.031374149 0.00031374149
0.2562843 0.026923684 0.00026923684
0.25659325 0.032300473 0.00032300473
0.2569022 0.031902963 0.00031902963
0.25721115 0.032203263 0.00032203263
0.25752009 0.0287036 0.000287036
0.25782903 0.029771408 0.00029771408
0.25813798 0.028396211 0.00028396211
0.25844692 0.027784792 0.00027784792
0.25875585 0.027975035 0.00027975035
0.25906479 0.028729766 0.00028729766
0.25937373 0.033568791 0.00033568791
0.25968266 0.029995068 0.00029995068
0.2599916 0.028273645 0.00028273645
0.26030053 0.031387847 0.00031387847
0.26060946 0.030980892 0.00030980892
0.26091839 0.028357248 0.00028357248
0.26122732 0.029713203 0.00029713203
0.26153624 0.031386125 0.00031386125
0.26158944 0.030743962 0.00030743962
0.26184517 0.027651853 0.00027651853
0.26215409 0.030116154 0.00030116154
0.26246301 0.030997689 0.00030997689
0.26277193 0.028393302 0.00028393302
0.26308085 0.028114936 0.00028114936
0.26338977 0.029923337 0.00029923337
0.26369869 0.029871383 0.00029871383
0.2640076 0.028529597 0.00028529597
0.26431651 0.029539798 0.00029539798
0.26462543 0.02992248 0.0002992248
0.26493434 0.030456672 0.00030456672
0.26524325 0.026709815 0.00026709815
0.26555215 0.026757576 0.00026757576
0.26586106 0.030956633 0.00030956633
0.26616996 0.029980195 0.00029980195
0.26647887 0.030053676 0.00030053676
0.26678777 0.030485198 0.00030485198
0.26709667 0.031149331 0.00031149331
0.26740557 0.026656128 0.00026656128
0.26771447 0.033440325 0.00033440325
0.2678917 0.03094339 0.0003094339
0.26802336 0.029078407 0.00029078407
0.26833226 0.030209373 0.00030209373
0.26864115 0.027086759 0.00027086759
0.26895004 0.026681917 0.00026681917
0.26925893 0.029382288 0.00029382288
0.26956782 0.029083701 0.00029083701
0.26987671 0.029559338 0.00029559338
0.27018559 0.029589224 0.00029589224
0.27049448 0.026299388 0.00026299388
0.27080336 0.028865223 0.00028865223
0.27111224 0.029887427 0.00029887427
0.27142112 0.03195646 0.0003195646
0.27173 0.029655338 0.00029655338
0.27203888 0.027453647 0.00027453647
0.27234775 0.029001926 0.00029001926
0.27265663 0.029536844 0.00029536844
0.2729655 0.030705844 0.00030705844
0.27327437 0.031010774 0.00031010774
0.27358324 0.029287446 0.00029287446
0.27389211 0.0297335 0.000297335
0.27420098 0.028442922 0.00028442922
0.27434578 0.027761435 0.00027761435
0.27450984 0.027003451 0.00027003451
0.2748187 0.028272098 0.00028272098
0.27512757 0.029518679 0.00029518679
0.27543643 0.027636604 0.00027636604
0.27574529 0.030083301 0.00030083301
0.27605414 0.031308148 0.00031308148
0.276363 0.03114038 0.0003114038
0.27667185 0.030156962 0.00030156962
0.27698071 0.02878896 0.0002878896
0.27728956 0.030487721 0.00030487721
0.27759841 0.028894874 0.00028894874
0.27790726 0.027237749 0.00027237749
0.2782161 0.029363118 0.00029363118
0.27852495 0.027624177 0.00027624177
0.27883379 0.028895852 0.00028895852
0.27914264 0.02914359 0.0002914359
0.27945148 0.030515822 0.00030515822
0.27976032 0.02867194 0.0002867194
0.28006915 0.031042475 0.00031042475
0.28037799 0.030836395 0.00030836395
0.28068683 0.029109984 0.00029109984
0.28095536 0.028498285 0.00028498285
0.28099566 0.028406522 0.00028406522
0.28130449 0.02817347 0.0002817347
0.28161332 0.029752828 0.00029752828
0.28192215 0.029178678 0.00029178678
0.28223098 0.030696387 0.00030696387
0.2825398 0.031675785 0.00031675785
0.28284863 0.031216066 0.00031216066
0.28315745 0.027561541 0.00027561541
0.28346627 0.031940133 0.00031940133
0.28377509 0.030752438 0.00030752438
0.28408391 0.030619747 0.00030619747
0.28439272 0.032423071 0.00032423071
0.28470154 0.030068375 0.00030068375
0.28501035 0.027574823 0.00027574823
0.28531916 0.028821215 0.00028821215
0.28562797 0.033668462 0.00033668462
0.28593678 0.03026445 0.0003026445
0.28624559 0.029798425 0.00029798425
0.2865544 0.030412449 0.00030412449
0.2868632 0.030624626 0.00030624626
0.287172 0.031706549 0.00031706549
0.2874808 0.029883625 0.00029883625
0.28772418 0.029257449 0.00029257449
0.2877896 0.029093714 0.00029093714
0.2880984 0.031036927 0.00031036927
0.2884072 0.028954309 0.00028954309
0.28871599 0.03196875 0.0003196875
0.28902478 0.028746184 0.00028746184
0.28933358 0.028780716 0.00028780716
0.28964237 0.030766526 0.00030766526
0.28995115 0.027125544 0.00027125544
0.29025994 0.030677086 0.00030677086
0.29056873 0.030414172 0.00030414172
0.29087751 0.030216202 0.00030216202
0.29118629 0.031789431 0.00031789431
0.29149507 0.030883997 0.00030883997
0.29180385 0.033356516 0.00033356516
0.29211263 0.032255397 0.00032255397
0.2924214 0.030967273 0.00030967273
0.29273018 0.029083615 0.00029083615
0.29303895 0.031219778 0.00031219778
0.29334772 0.034108845 0.00034108845
0.29365649 0.030696807 0.00030696807
0.29396526 0.033843983 0.00033843983
0.29427402 0.033060916 0.00033060916
0.29458279 0.034509111 0.00034509111
0.29465608 0.033420767 0.00033420767
0.29489155 0.029886625 0.00029886625
0.29520031 0.031752907 0.00031752907
0.29550907 0.029633248 0.00029633248
0.29581783 0.033389988 0.00033389988
0.29612659 0.033026451 0.00033026451
0.29643534 0.030128961 0.00030128961
0.2967441 0.031991319 0.00031991319
0.29705285 0.029397629 0.00029397629
0.2973616 0.030451617 0.00030451617
0.29767035 0.029289077 0.00029289077
0.29797909 0.033987367 0.00033987367
0.29828784 0.028956568 0.00028956568
0.29859658 0.032362437 0.00032362437
0.29890532 0.030033192 0.00030033192
0.29921406 0.029251761 0.00029251761
0.2995228 0.03251818 0.0003251818
0.29983154 0.029325889 0.00029325889
