0.010027023 0 1e-06
0.010059664 0 1e-06
0.010268595 0 1e-06
0.010369191 0 1e-06
0.010515988 0 1e-06
0.010678719 0 1e-06
0.010769341 0 1e-06
0.010988246 0 1e-06
0.011028797 0 1e-06
0.011294505 0 1e-06
0.011297773 0 1e-06
0.011566613 0 1e-06
0.0116073 0 1e-06
0.011845278 0 1e-06
0.011916828 0 1e-06
0.012130656 0 1e-06
0.012226355 0 1e-06
0.01242291 0 1e-06
0.012535882 0 1e-06
0.012722205 0 1e-06
0.012845409 0 1e-06
0.01302871 0 1e-06
0.013154936 0 1e-06
0.0133426 0 1e-06
0.013464463 0 1e-06
0.013664051 0 1e-06
0.013773989 0 1e-06
0.013993248 0 1e-06
0.014083516 0 1e-06
0.014330375 0 1e-06
0.014393043 0 1e-06
0.014675625 0 1e-06
0.014702569 0 1e-06
0.015012096 0 1e-06
0.015029192 0 1e-06
0.015321622 0 1e-06
0.015391278 0 1e-06
0.015631148 0 1e-06
0.015762087 0 1e-06
0.015940675 0 1e-06
0.01614183 0.031527461 0.00031527461
0.016250201 0.048184282 0.00048184282
0.016530721 0.038436431 0.00038436431
0.016559727 0.03792576 0.0003792576
0.016869253 0.091992252 0.00091992252
0.016928982 0.093148943 0.00093148943
0.017178779 0.093508426 0.00093508426
0.017336837 0.09823932 0.0009823932
0.017488304 0.10384177 0.0010384177
0.017754519 0.12436603 0.0012436603
0.01779783 0.12746151 0.0012746151
0.018107355 0.12768269 0.0012768269
0.018182263 0.13425855 0.0013425855
0.018416881 0.15578102 0.0015578102
0.018620313 0.15640093 0.0015640093
0.018726406 0.15704728 0.0015704728
0.019035932 0.18800543 0.0018800543
0.019068917 0.18870573 0.0018870573
0.019345457 0.19312739 0.0019312739
0.019528328 0.20521679 0.0020521679
0.019654982 0.21385597 0.0021385597
0.019964507 0.22834537 0.0022834537
0.019998807 0.22897963 0.0022897963
0.020274032 0.23309044 0.0023309044
0.020480622 0.24144215 0.0024144215
0.020583556 0.24600607 0.0024600607
0.020893081 0.263989 0.00263989
0.020974044 0.26769341 0.0026769341
0.021202605 0.27664669 0.0027664669
0.021479354 0.27130992 0.0027130992
0.02151213 0.27072135 0.0027072135
0.021821654 0.27220673 0.0027220673
0.021996838 0.28028894 0.0028028894
0.022131178 0.28668473 0.0028668473
0.022440702 0.29309825 0.0029309825
0.022526789 0.29483236 0.0029483236
0.022750226 0.29800048 0.0029800048
0.02305975 0.28676461 0.0028676461
0.023069508 0.28720691 0.0028720691
0.023369274 0.30312764 0.0030312764
0.023625302 0.30954829 0.0030954829
0.023678797 0.31057597 0.0031057597
0.023988321 0.31298925 0.0031298925
0.024194486 0.30913683 0.0030913683
0.024297844 0.30764123 0.0030764123
0.024607367 0.3213219 0.003213219
0.024777383 0.32596801 0.0032596801
0.02491689 0.32967654 0.0032967654
0.025226413 0.34059911 0.0034059911
0.025374324 0.34008907 0.0034008907
0.025535936 0.33872493 0.0033872493
0.025845458 0.32544101 0.0032544101
0.025985646 0.3333868 0.003333868
0.026154981 0.34378658 0.0034378658
0.026464503 0.34666605 0.0034666605
0.026611696 0.34713781 0.0034713781
0.026774025 0.34772873 0.0034772873
0.027083547 0.35949774 0.0035949774
0.027252829 0.36319588 0.0036319588
0.027393069 0.36568809 0.0036568809
0.027702591 0.3593627 0.003593627
0.027909409 0.36106082 0.0036106082
0.028012112 0.36220155 0.0036220155
0.028321634 0.37863286 0.0037863286
0.028581806 0.37245978 0.0037245978
0.028631155 0.37120722 0.0037120722
0.028940676 0.37224632 0.0037224632
0.029250197 0.37569453 0.0037569453
0.029270403 0.37610385 0.0037610385
0.029559718 0.38181597 0.0038181597
0.029869238 0.37844015 0.0037844015
0.02997559 0.37743685 0.0037743685
0.030178759 0.37563345 0.0037563345
0.030488279 0.38380375 0.0038380375
0.030697767 0.38172142 0.0038172142
0.030797799 0.38080421 0.0038080421
0.031107319 0.38713412 0.0038713412
0.031416839 0.39037206 0.0039037206
0.031437342 0.39013509 0.0039013509
0.031726359 0.38664893 0.0038664893
0.032035878 0.396918 0.00396918
0.032194735 0.39608346 0.0039608346
0.032345397 0.39497841 0.0039497841
0.032654916 0.38327852 0.0038327852
0.032964435 0.39080578 0.0039080578
0.032970376 0.39098065 0.0039098065
0.033273954 0.40060656 0.0040060656
0.033583473 0.39883567 0.0039883567
0.033764703 0.39836967 0.0039836967
0.033892991 0.39776946 0.0039776946
0.034202509 0.39661023 0.0039661023
0.034512027 0.39519589 0.0039519589
0.034578168 0.39393509 0.0039393509
0.034821545 0.38991891 0.0038991891
0.035131063 0.40476861 0.0040476861
0.03541123 0.40434762 0.0040434762
0.03544058 0.40423685 0.0040423685
0.035750097 0.40025913 0.0040025913
0.036059614 0.40704314 0.0040704314
0.036264363 0.40154355 0.0040154355
0.036369131 0.39884564 0.0039884564
0.036678648 0.40176036 0.0040176036
0.036988164 0.40358922 0.0040358922
0.037138049 0.40547576 0.0040547576
0.03729768 0.40743238 0.0040743238
0.037607196 0.40706523 0.0040706523
0.037916712 0.40735029 0.0040735029
0.038032785 0.40742061 0.0040742061
0.038226228 0.40737863 0.0040737863
0.038535743 0.4017223 0.004017223
0.038845259 0.40211009 0.0040211009
0.038949077 0.40418981 0.0040418981
0.039154774 0.40848283 0.0040848283
0.039464288 0.40654225 0.0040654225
0.039773803 0.4060446 0.004060446
0.039887444 0.406401 0.00406401
0.040083317 0.40697941 0.0040697941
0.040392831 0.40494555 0.0040494555
0.040702345 0.40961927 0.0040961927
0.040848418 0.40742052 0.0040742052
0.041011859 0.40487885 0.0040487885
0.041321372 0.40589173 0.0040589173
0.041630886 0.40907619 0.0040907619
0.041832544 0.40506629 0.0040506629
0.041940399 0.40297788 0.0040297788
0.042249911 0.4050684 0.004050684
0.042559424 0.40371686 0.0040371686
0.04284038 0.40631651 0.0040631651
0.042868936 0.40658046 0.0040658046
0.043178448 0.41137178 0.0041137178
0.04348796 0.40416993 0.0040416993
0.043797472 0.40808514 0.0040808514
0.043872497 0.40761463 0.0040761463
0.044106983 0.40612829 0.0040612829
0.044416494 0.40960205 0.0040960205
0.044726005 0.40451996 0.0040451996
0.04492948 0.40843241 0.0040843241
0.045035516 0.41038668 0.0041038668
0.045345026 0.40655997 0.0040655997
0.045654536 0.40426883 0.0040426883
0.045964046 0.40470889 0.0040470889
0.046011928 0.40319163 0.0040319163
0.046273556 0.39477363 0.0039477363
0.046583065 0.40540996 0.0040540996
0.046892575 0.3988657 0.003988657
0.047120454 0.39407756 0.0039407756
0.047202083 0.39247294 0.0039247294
0.047511592 0.39481886 0.0039481886
0.0478211 0.40591547 0.0040591547
0.048130609 0.3966146 0.003966146
0.048255688 0.39554389 0.0039554389
0.048440116 0.39391157 0.0039391157
0.048749624 0.39772234 0.0039772234
0.049059131 0.39717461 0.0039717461
0.049368638 0.39374033 0.0039374033
0.049418271 0.39464987 0.0039464987
0.049678145 0.39960087 0.0039960087
0.049987652 0.39176976 0.0039176976
0.050297158 0.40235382 0.0040235382
0.050606664 0.39983714 0.0039983714
0.050608864 0.39982477 0.0039982477
0.05091617 0.39778514 0.0039778514
0.051225675 0.39284011 0.0039284011
0.05153518 0.38947167 0.0038947167
0.05182814 0.39652667 0.0039652667
0.051844685 0.39692558 0.0039692558
0.05215419 0.39393643 0.0039393643
0.052463694 0.39513366 0.0039513366
0.052773198 0.39288728 0.0039288728
0.053076791 0.393387 0.00393387
0.053082702 0.39339503 0.0039339503
0.053392205 0.38695939 0.0038695939
0.053701708 0.38028837 0.0038028837
0.054011211 0.38672874 0.0038672874
0.054320713 0.38783734 0.0038783734
0.054355526 0.38764199 0.0038764199
0.054630216 0.3861672 0.003861672
0.054939718 0.38102153 0.0038102153
0.055249219 0.38724433 0.0038724433
0.055558721 0.38301932 0.0038301932
0.055665067 0.38393156 0.0038393156
0.055868222 0.38571985 0.0038571985
0.056177722 0.38411883 0.0038411883
0.056487223 0.3791854 0.003791854
0.056796723 0.37995865 0.0037995865
0.057006158 0.38228106 0.0038228106
0.057106223 0.38336818 0.0038336818
0.057415722 0.37451257 0.0037451257
0.057725221 0.37465542 0.0037465542
0.05803472 0.37942224 0.0037942224
0.058344219 0.37900263 0.0037900263
0.058379559 0.37845732 0.0037845732
0.058653717 0.37424365 0.0037424365
0.058963215 0.37449796 0.0037449796
0.059272713 0.37540263 0.0037540263
0.05958221 0.375036 0.00375036
0.059786049 0.37513828 0.0037513828
0.059891707 0.3751379 0.003751379
0.060201203 0.37209238 0.0037209238
0.0605107 0.37259163 0.0037259163
0.060820196 0.37095197 0.0037095197
0.061129691 0.36570275 0.0036570275
0.061226423 0.36665107 0.0036665107
0.061439187 0.36884051 0.0036884051
0.061748681 0.36831816 0.0036831816
0.062058176 0.37105003 0.0037105003
0.06236767 0.3650153 0.003650153
0.062677164 0.36295887 0.0036295887
0.0627015 0.36300061 0.0036300061
0.062986658 0.36352599 0.0036352599
0.063296151 0.36290572 0.0036290572
0.063605644 0.36265183 0.0036265183
0.063915137 0.36515081 0.0036515081
0.064212114 0.36061956 0.0036061956
0.064224629 0.36042317 0.0036042317
0.064534121 0.36009388 0.0036009388
0.064843612 0.35390448 0.0035390448
0.065153103 0.36070954 0.0036070954
0.065462594 0.36045284 0.0036045284
0.065759122 0.35342911 0.0035342911
0.065772085 0.35313126 0.0035313126
0.066081575 0.35776092 0.0035776092
0.066391064 0.35385954 0.0035385954
0.066700554 0.35311778 0.0035311778
0.067010043 0.35119972 0.0035119972
0.067319531 0.35425388 0.0035425388
0.0673434 0.35399224 0.0035399224
0.06762902 0.35063783 0.0035063783
0.067938508 0.34802976 0.0034802976
0.068247995 0.35131442 0.0035131442
0.068557482 0.34878859 0.0034878859
0.068866969 0.34640358 0.0034640358
0.068965848 0.34566941 0.0034566941
0.069176455 0.34417852 0.0034417852
0.069485941 0.34510537 0.0034510537
0.069795427 0.34220543 0.0034220543
0.070104912 0.34071503 0.0034071503
0.070414397 0.33944708 0.0033944708
0.070627384 0.34117041 0.0034117041
0.070723882 0.34190488 0.0034190488
0.071033366 0.33549222 0.0033549222
0.07134285 0.34220888 0.0034220888
0.071652333 0.33631791 0.0033631791
0.071961816 0.33257128 0.0033257128
0.072271298 0.33073506 0.0033073506
0.072328949 0.33089196 0.0033089196
0.07258078 0.33175953 0.0033175953
0.072890262 0.33414894 0.0033414894
0.073199744 0.3353302 0.003353302
0.073509225 0.32921739 0.0032921739
0.073818705 0.32819974 0.0032819974
0.074071509 0.32914843 0.0032914843
0.074128185 0.32933208 0.0032933208
0.074437665 0.3264282 0.003264282
0.074747144 0.32822764 0.0032822764
0.075056623 0.32321874 0.0032321874
0.075366102 0.32504747 0.0032504747
0.07567558 0.32508858 0.0032508858
0.075856051 0.32100314 0.0032100314
0.075985058 0.31810674 0.0031810674
0.076294535 0.32122182 0.0032122182
0.076604012 0.31963515 0.0031963515
0.076913488 0.31954919 0.0031954919
0.077222964 0.31736685 0.0031736685
0.07753244 0.31371205 0.0031371205
0.077683587 0.31500149 0.0031500149
0.077841915 0.316315 0.00316315
0.07815139 0.31353452 0.0031353452
0.078460864 0.31143243 0.0031143243
0.078770338 0.30870216 0.0030870216
0.079079812 0.31071774 0.0031071774
0.079389285 0.30819561 0.0030819561
0.079555152 0.30583331 0.0030583331
0.079698757 0.30386681 0.0030386681
0.080008229 0.30633885 0.0030633885
0.080317701 0.30618302 0.0030618302
0.080627172 0.30852515 0.0030852515
0.080936643 0.3046621 0.003046621
0.081246114 0.3034408 0.003034408
0.081471807 0.30378087 0.0030378087
0.081555584 0.30387647 0.0030387647
0.081865053 0.30356822 0.0030356822
0.082174522 0.30159209 0.0030159209
0.082483991 0.29713635 0.0029713635
0.082793459 0.29673947 0.0029673947
0.083102927 0.29809293 0.0029809293
0.083412394 0.29681087 0.0029681087
0.083434638 0.29665764 0.0029665764
0.083721861 0.29460524 0.0029460524
0.084031327 0.29343095 0.0029343095
0.084340793 0.2942063 0.002942063
0.084650259 0.28718718 0.0028718718
0.084959724 0.28729636 0.0028729636
0.085269188 0.28327441 0.0028327441
0.085444758 0.28577158 0.0028577158
0.085578652 0.28773807 0.0028773807
0.085888116 0.28766845 0.0028766845
0.086197579 0.2863134 0.002863134
0.086507042 0.28592371 0.0028592371
0.086816504 0.28340147 0.0028340147
0.087125966 0.28367748 0.0028367748
0.087435427 0.28115147 0.0028115147
0.087503306 0.28127793 0.0028127793
0.087744888 0.28168885 0.0028168885
0.088054348 0.27684456 0.0027684456
0.088363808 0.27751581 0.0027751581
0.088673267 0.27744414 0.0027744414
0.088982726 0.27639268 0.0027639268
0.089292184 0.27511319 0.0027511319
0.089601642 0.27434605 0.0027434605
0.089611449 0.27431006 0.0027431006
0.089911099 0.27313483 0.0027313483
0.090220556 0.27299447 0.0027299447
0.090530013 0.27053153 0.0027053153
0.090839469 0.26693055 0.0026693055
0.091148924 0.26762778 0.0026762778
0.091458379 0.26704231 0.0026704231
0.091767833 0.26333971 0.0026333971
0.091770381 0.26333302 0.0026333302
0.092077287 0.26257078 0.0026257078
0.092386741 0.26362449 0.0026362449
0.092696194 0.26122263 0.0026122263
0.093005646 0.25984324 0.0025984324
0.093315098 0.26326996 0.0026326996
0.093624549 0.25682548 0.0025682548
0.093934 0.2540652 0.002540652
0.093981327 0.25430515 0.0025430515
0.09424345 0.25568847 0.0025568847
0.0945529 0.25344276 0.0025344276
0.09486235 0.25500891 0.0025500891
0.095171798 0.25447969 0.0025447969
0.095481247 0.24977915 0.0024977915
0.095790694 0.24987608 0.0024987608
0.096100142 0.24911251 0.0024911251
0.09624554 0.24831192 0.0024831192
0.096409588 0.24738036 0.0024738036
0.096719035 0.24696453 0.0024696453
0.09702848 0.24883756 0.0024883756
0.097337925 0.24736336 0.0024736336
0.09764737 0.24154443 0.0024154443
0.097956814 0.24450203 0.0024450203
0.098266257 0.24101904 0.0024101904
0.098564302 0.23938809 0.0023938809
0.0985757 0.23932875 0.0023932875
0.098885143 0.23869823 0.0023869823
0.099194585 0.23732894 0.0023732894
0.099504026 0.23852879 0.0023852879
0.099813467 0.23857727 0.0023857727
0.10012291 0.23435609 0.0023435609
0.10043235 0.23454008 0.0023454008
0.10074179 0.23276141 0.0023276141
0.10093893 0.23466103 0.0023466103
0.10105122 0.23570021 0.0023570021
0.10136066 0.22987877 0.0022987877
0.1016701 0.2270234 0.002270234
0.10197954 0.23209438 0.0023209438
0.10228897 0.22694909 0.0022694909
0.10259841 0.22672633 0.0022672633
0.10290785 0.22466573 0.0022466573
0.10321728 0.22488511 0.0022488511
0.10337076 0.22331175 0.0022331175
0.10352671 0.22176694 0.0022176694
0.10383615 0.22240109 0.0022240109
0.10414558 0.22189242 0.0022189242
0.10445501 0.2169635 0.002169635
0.10476445 0.22155225 0.0022155225
0.10507388 0.22126733 0.0022126733
0.10538331 0.21757073 0.0021757073
0.10569274 0.21606491 0.0021606491
0.10586119 0.21772576 0.0021772576
0.10600217 0.21906293 0.0021906293
0.1063116 0.21308447 0.0021308447
0.10662102 0.21269181 0.0021269181
0.10693045 0.21042775 0.0021042775
0.10723988 0.20905366 0.0020905366
0.10754931 0.20665787 0.0020665787
0.10785873 0.20632272 0.0020632272
0.10816816 0.20780075 0.0020780075
0.10841161 0.2053162 0.002053162
0.10847758 0.2046624 0.002046624
0.10878701 0.20633255 0.0020633255
0.10909643 0.20472423 0.0020472423
0.10940585 0.20213993 0.0020213993
0.10971528 0.20227193 0.0020227193
0.1100247 0.20202715 0.0020202715
0.11033412 0.19712594 0.0019712594
0.11064354 0.20126166 0.0020126166
0.11095296 0.19837232 0.0019837232
0.11102348 0.19798938 0.0019798938
0.11126238 0.19667271 0.0019667271
0.1115718 0.19713186 0.0019713186
0.11188122 0.19210779 0.0019210779
0.11219064 0.1922306 0.001922306
0.11250005 0.1898072 0.001898072
0.11280947 0.19096141 0.0019096141
0.11311889 0.19016968 0.0019016968
0.1134283 0.19048325 0.0019048325
0.11369828 0.18898395 0.0018898395
0.11373772 0.18876889 0.0018876889
0.11404713 0.18872978 0.0018872978
0.11435654 0.18683754 0.0018683754
0.11466596 0.18559851 0.0018559851
0.11497537 0.18544439 0.0018544439
0.11528478 0.18575589 0.0018575589
0.11559419 0.18054749 0.0018054749
0.1159036 0.18150608 0.0018150608
0.11621301 0.18228056 0.0018228056
0.11643751 0.18166872 0.0018166872
0.11652242 0.18142321 0.0018142321
0.11683183 0.17894013 0.0017894013
0.11714124 0.17638191 0.0017638191
0.11745064 0.17568674 0.0017568674
0.11776005 0.17563244 0.0017563244
0.11806945 0.17333093 0.0017333093
0.11837886 0.174075 0.00174075
0.11868826 0.17493726 0.0017493726
0.11899767 0.17150578 0.0017150578
0.11924274 0.17095014 0.0017095014
0.11930707 0.17080366 0.0017080366
0.11961647 0.16981497 0.0016981497
0.11992588 0.16681271 0.0016681271
0.12023528 0.16910324 0.0016910324
0.12054468 0.16635699 0.0016635699
0.12085408 0.1649882 0.001649882
0.12116348 0.16567495 0.0016567495
0.12147288 0.16172238 0.0016172238
0.12178227 0.1626261 0.001626261
0.12209167 0.1595979 0.001595979
0.12211556 0.15975542 0.0015975542
0.12240107 0.16170715 0.0016170715
0.12271046 0.16165795 0.0016165795
0.12301986 0.16069535 0.0016069535
0.12332925 0.15659626 0.0015659626
0.12363865 0.1557666 0.001557666
0.12394804 0.15699089 0.0015699089
0.12425743 0.15763501 0.0015763501
0.12456683 0.15467356 0.0015467356
0.12487622 0.15341534 0.0015341534
0.12505758 0.15326579 0.0015326579
0.12518561 0.15315259 0.0015315259
0.125495 0.15306376 0.0015306376
0.12580439 0.14989425 0.0014989425
0.12611377 0.15204239 0.0015204239
0.12642316 0.14990357 0.0014990357
0.12673255 0.1496358 0.001496358
0.12704194 0.15008488 0.0015008488
0.12735132 0.14516272 0.0014516272
0.12766071 0.1458901 0.001458901
0.12797009 0.14685443 0.0014685443
0.12807049 0.14535989 0.0014535989
0.12827947 0.14224455 0.0014224455
0.12858886 0.14345138 0.0014345138
0.12889824 0.1449056 0.001449056
0.12920762 0.14045277 0.0014045277
0.129517 0.1407645 0.001407645
0.12982638 0.14244405 0.0014244405
0.13013576 0.13894353 0.0013894353
0.13044514 0.1363727 0.001363727
0.13075452 0.13590182 0.0013590182
0.1310639 0.13616438 0.0013616438
0.13115598 0.13679393 0.0013679393
0.13137327 0.13827993 0.0013827993
0.13168265 0.1366268 0.001366268
0.13199202 0.13707765 0.0013707765
0.1323014 0.13388928 0.0013388928
0.13261077 0.13297306 0.0013297306
0.13292015 0.13483014 0.0013483014
0.13322952 0.13320054 0.0013320054
0.13353889 0.13048459 0.0013048459
0.13384826 0.12972187 0.0012972187
0.13415763 0.1296541 0.001296541
0.13431581 0.12809863 0.0012809863
0.134467 0.12662291 0.0012662291
0.13477637 0.12670817 0.0012670817
0.13508574 0.12486685 0.0012486685
0.1353951 0.12407513 0.0012407513
0.13570447 0.12263084 0.0012263084
0.13601383 0.12307408 0.0012307408
0.1363232 0.12294048 0.0012294048
0.13663256 0.12395458 0.0012395458
0.13694193 0.12187082 0.0012187082
0.13725129 0.12002338 0.0012002338
0.13755177 0.12082657 0.0012082657
0.13756065 0.12084968 0.0012084968
0.13787001 0.11872827 0.0011872827
0.13817937 0.11818634 0.0011818634
0.13848873 0.12169656 0.0012169656
0.13879809 0.11666876 0.0011666876
0.13910745 0.11459831 0.0011459831
0.13941681 0.11702974 0.0011702974
0.13972616 0.11424044 0.0011424044
0.14003552 0.11453299 0.0011453299
0.14034488 0.11357105 0.0011357105
0.14065423 0.11207085 0.0011207085
0.14086569 0.11171392 0.0011171392
0.14096358 0.1115563 0.001115563
0.14127294 0.11026977 0.0011026977
0.14158229 0.11040018 0.0011040018
0.14189164 0.11207878 0.0011207878
0.14220099 0.10971416 0.0010971416
0.14251034 0.10929859 0.0010929859
0.14281969 0.10565812 0.0010565812
0.14312904 0.10875414 0.0010875414
0.14343838 0.1083125 0.001083125
0.14374773 0.10419749 0.0010419749
0.14405708 0.10617299 0.0010617299
0.14425945 0.10426285 0.0010426285
0.14436642 0.10326072 0.0010326072
0.14467577 0.10427446 0.0010427446
0.14498511 0.10334603 0.0010334603
0.14529445 0.10347238 0.0010347238
0.14560379 0.10287972 0.0010287972
0.14591314 0.10206634 0.0010206634
0.14622248 0.10038641 0.0010038641
0.14653182 0.098745837 0.00098745837
0.14684115 0.098392739 0.00098392739
0.14715049 0.098057195 0.00098057195
0.14745983 0.096725275 0.00096725275
0.14773497 0.098359716 0.00098359716
0.14776917 0.098561003 0.00098561003
0.1480785 0.095412035 0.00095412035
0.14838784 0.094785951 0.00094785951
0.14869717 0.095073005 0.00095073005
0.1490065 0.094537976 0.00094537976
0.14931583 0.094416609 0.00094416609
0.14962517 0.093337785 0.00093337785
0.1499345 0.092406403 0.00092406403
0.15024383 0.091977031 0.00091977031
0.15055316 0.092219991 0.00092219991
0.15086248 0.091699543 0.00091699543
0.15117181 0.090281926 0.00090281926
0.15129422 0.090903612 0.00090903612
0.15148114 0.091826989 0.00091826989
0.15179046 0.088351733 0.00088351733
0.15209979 0.088920381 0.00088920381
0.15240911 0.08851948 0.0008851948
0.15271844 0.086147528 0.00086147528
0.15302776 0.085062462 0.00085062462
0.15333708 0.086453245 0.00086453245
0.1536464 0.087429092 0.00087429092
0.15395572 0.085393389 0.00085393389
0.15426504 0.084106466 0.00084106466
0.15457436 0.083666023 0.00083666023
0.15488367 0.079305615 0.00079305615
0.15493922 0.079754557 0.00079754557
0.15519299 0.0818619 0.000818619
0.15550231 0.08189021 0.0008189021
0.15581162 0.081858541 0.00081858541
0.15612093 0.080284537 0.00080284537
0.15643025 0.077568748 0.00077568748
0.15673956 0.078493222 0.00078493222
0.15704887 0.079441556 0.00079441556
0.15735818 0.078845222 0.00078845222
0.15766749 0.077349218 0.00077349218
0.1579768 0.076858802 0.00076858802
0.15828611 0.076823215 0.00076823215
0.15859542 0.073898507 0.00073898507
0.15867204 0.074162556 0.00074162556
0.15890472 0.074971321 0.00074971321
0.15921403 0.074590654 0.00074590654
0.15952333 0.075794384 0.00075794384
0.15983264 0.075333458 0.00075333458
0.16014194 0.073572269 0.00073572269
0.16045124 0.071187945 0.00071187945
0.16076054 0.075309899 0.00075309899
0.16106984 0.072909349 0.00072909349
0.16137914 0.069807186 0.00069807186
0.16168844 0.070343072 0.00070343072
0.16199774 0.069585751 0.00069585751
0.16230703 0.07086395 0.0007086395
0.16249479 0.069218262 0.00069218262
0.16261633 0.068151411 0.00068151411
0.16292562 0.068784672 0.00068784672
0.16323492 0.068892678 0.00068892678
0.16354421 0.06914152 0.0006914152
0.1638535 0.067237726 0.00067237726
0.16416279 0.068995415 0.00068995415
0.16447208 0.067679238 0.00067679238
0.16478137 0.066858605 0.00066858605
0.16509066 0.065278059 0.00065278059
0.16539995 0.067300252 0.00067300252
0.16570924 0.064136227 0.00064136227
0.16601852 0.065421758 0.00065421758
0.16632781 0.06383688 0.0006383688
0.16640964 0.063783084 0.00063783084
0.16663709 0.063627328 0.00063627328
0.16694637 0.063173827 0.00063173827
0.16725566 0.063967258 0.00063967258
0.16756494 0.060302469 0.00060302469
0.16787422 0.06147405 0.0006147405
0.1681835 0.063887493 0.00063887493
0.16849278 0.059526139 0.00059526139
0.16880205 0.059719904 0.00059719904
0.16911133 0.059157145 0.00059157145
0.16942061 0.059283902 0.00059283902
0.16972988 0.05881848 0.0005881848
0.17003916 0.059481826 0.00059481826
0.17034843 0.057453668 0.00057453668
0.17041881 0.057475935 0.00057475935
0.1706577 0.057563513 0.00057563513
0.17096697 0.057461555 0.00057461555
0.17127624 0.056253126 0.00056253126
0.17158551 0.055341952 0.00055341952
0.17189478 0.056080451 0.00056080451
0.17220405 0.055009348 0.00055009348
0.17251331 0.055489231 0.00055489231
0.17282258 0.055106611 0.00055106611
0.17313184 0.056250251 0.00056250251
0.17344111 0.053463733 0.00053463733
0.17375037 0.05309336 0.0005309336
0.17405963 0.053191752 0.00053191752
0.17436889 0.051698105 0.00051698105
0.17452457 0.052455811 0.00052455811
0.17467815 0.053216345 0.00053216345
0.17498741 0.052697591 0.00052697591
0.17529667 0.051459726 0.00051459726
0.17560593 0.052509117 0.00052509117
0.17591518 0.052969354 0.00052969354
0.17622444 0.050503499 0.00050503499
0.17653369 0.050469262 0.00050469262
0.17684295 0.048686955 0.00048686955
0.1771522 0.05077257 0.0005077257
0.17746145 0.047364119 0.00047364119
0.1777707 0.048983782 0.00048983782
0.17807995 0.051280312 0.00051280312
0.1783892 0.05046193 0.0005046193
0.17869844 0.049940649 0.00049940649
0.17872924 0.049801985 0.00049801985
0.17900769 0.04851854 0.0004851854
0.17931694 0.047991026 0.00047991026
0.17962618 0.048966292 0.00048966292
0.17993542 0.0505751 0.000505751
0.18024467 0.047880238 0.00047880238
0.18055391 0.048542262 0.00048542262
0.18086315 0.044799782 0.00044799782
0.18117239 0.045299853 0.00045299853
0.18148163 0.043668877 0.00043668877
0.18179086 0.046151481 0.00046151481
0.1821001 0.043849929 0.00043849929
0.18240934 0.043993809 0.00043993809
0.18271857 0.045307821 0.00045307821
0.1830278 0.043830096 0.00043830096
0.18303521 0.043847888 0.00043847888
0.18333704 0.044598548 0.00044598548
0.18364627 0.042951159 0.00042951159
0.1839555 0.044457833 0.00044457833
0.18426473 0.043822709 0.00043822709
0.18457396 0.04441977 0.0004441977
0.18488318 0.042862955 0.00042862955
0.18519241 0.042331395 0.00042331395
0.18550164 0.04308138 0.0004308138
0.18581086 0.041104422 0.00041104422
0.18612009 0.04193453 0.0004193453
0.18642931 0.040597721 0.00040597721
0.18673853 0.039832921 0.00039832921
0.18704775 0.037710752 0.00037710752
0.18735697 0.040742491 0.00040742491
0.18744492 0.04042384 0.0004042384
0.18766619 0.039618524 0.00039618524
0.1879754 0.039489117 0.00039489117
0.18828462 0.039717372 0.00039717372
0.18859384 0.04017558 0.0004017558
0.18890305 0.038185149 0.00038185149
0.18921226 0.038768205 0.00038768205
0.18952148 0.037637658 0.00037637658
0.18983069 0.037648942 0.00037648942
0.1901399 0.038926175 0.00038926175
0.19044911 0.0369079 0.000369079
0.19075832 0.038750588 0.00038750588
0.19106752 0.035851583 0.00035851583
0.19137673 0.036110404 0.00036110404
0.19168593 0.035886389 0.00035886389
0.19196087 0.036400326 0.00036400326
0.19199514 0.036465282 0.00036465282
0.19230434 0.038030859 0.00038030859
0.19261354 0.036302678 0.00036302678
0.19292274 0.035093041 0.00035093041
0.19323194 0.034182172 0.00034182172
0.19354114 0.033961952 0.00033961952
0.19385034 0.033124444 0.00033124444
0.19415954 0.034767777 0.00034767777
0.19446873 0.034534762 0.00034534762
0.19477793 0.035502512 0.00035502512
0.19508712 0.035034266 0.00035034266
0.19539631 0.034079837 0.00034079837
0.1957055 0.034911463 0.00034911463
0.19601469 0.032947666 0.00032947666
0.19632388 0.034159852 0.00034159852
0.19658562 0.033138147 0.00033138147
0.19663307 0.0329541 0.000329541
0.19694226 0.033529261 0.00033529261
0.19725144 0.031915971 0.00031915971
0.19756063 0.034592708 0.00034592708
0.19786981 0.031085654 0.00031085654
0.19817899 0.032173727 0.00032173727
0.19848818 0.03033533 0.0003033533
0.19879736 0.030492761 0.00030492761
0.19910654 0.030576506 0.00030576506
0.19941572 0.030325026 0.00030325026
0.19972489 0.03110847 0.0003110847
0.20003407 0.030731218 0.00030731218
0.20034324 0.031732477 0.00031732477
0.20065242 0.031507751 0.00031507751
0.20096159 0.032415734 0.00032415734
0.20127076 0.030734671 0.00030734671
0.2013218 0.030600282 0.00030600282
0.20157993 0.029905688 0.00029905688
0.2018891 0.029952605 0.00029952605
0.20219827 0.028901186 0.00028901186
0.20250744 0.03035275 0.0003035275
0.20281661 0.029670514 0.00029670514
0.20312577 0.029885538 0.00029885538
0.20343493 0.028038081 0.00028038081
0.2037441 0.029977182 0.00029977182
0.20405326 0.029466942 0.00029466942
0.20436242 0.028829574 0.00028829574
0.20467158 0.027780335 0.00027780335
0.20498074 0.027058672 0.00027058672
0.2052899 0.026243896 0.00026243896
0.20559905 0.027050135 0.00027050135
0.20590821 0.027739702 0.00027739702
0.20617207 0.026045188 0.00026045188
0.20621736 0.025758674 0.00025758674
0.20652651 0.028778323 0.00028778323
0.20683567 0.027512657 0.00027512657
0.20714482 0.028003237 0.00028003237
0.20745397 0.026118845 0.00026118845
0.20776312 0.025888624 0.00025888624
0.20807226 0.026213173 0.00026213173
0.20838141 0.025426073 0.00025426073
0.20869055 0.024830747 0.00024830747
0.2089997 0.025899097 0.00025899097
0.20930884 0.02701876 0.0002701876
0.20961798 0.026779016 0.00026779016
0.20992712 0.024982133 0.00024982133
0.21023626 0.025967164 0.00025967164
0.2105454 0.027968459 0.00027968459
0.21085454 0.026860662 0.00026860662
0.2111392 0.024698286 0.00024698286
0.21116367 0.02451393 0.0002451393
0.21147281 0.025879843 0.00025879843
0.21178194 0.025399552 0.00025399552
0.21209107 0.025555649 0.00025555649
0.21240021 0.025489505 0.00025489505
0.21270934 0.023973243 0.00023973243
0.21301846 0.02508699 0.0002508699
0.21332759 0.023759994 0.00023759994
0.21363672 0.025613193 0.00025613193
0.21394584 0.022665238 0.00022665238
0.21425497 0.024275886 0.00024275886
0.21456409 0.026792838 0.00026792838
0.21487321 0.024278239 0.00024278239
0.21518234 0.022047708 0.00022047708
0.21549145 0.023384084 0.00023384084
0.21580057 0.025569469 0.00025569469
0.21610969 0.026008299 0.00026008299
0.216226 0.025533605 0.00025533605
0.21641881 0.024717959 0.00024717959
0.21672792 0.023275527 0.00023275527
0.21703704 0.023673799 0.00023673799
0.21734615 0.021767616 0.00021767616
0.21765526 0.024517907 0.00024517907
0.21796437 0.023030275 0.00023030275
0.21827348 0.022836467 0.00022836467
0.21858259 0.026294305 0.00026294305
0.21889169 0.02227122 0.0002227122
0.2192008 0.021127768 0.00021127768
0.2195099 0.021586933 0.00021586933
0.21981901 0.023869399 0.00023869399
0.22012811 0.022986828 0.00022986828
0.22043721 0.022428479 0.00022428479
0.22074631 0.02217556 0.0002217556
0.22105541 0.020289596 0.00020289596
0.2213645 0.02105839 0.0002105839
0.22143535 0.020995078 0.00020995078
0.2216736 0.020820573 0.00020820573
0.22198269 0.023932317 0.00023932317
0.22229179 0.022867493 0.00022867493
0.22260088 0.024125559 0.00024125559
0.22290997 0.022464409 0.00022464409
0.22321906 0.02341291 0.0002341291
0.22352815 0.020961878 0.00020961878
0.22383724 0.02498284 0.0002498284
0.22414632 0.02094587 0.0002094587
0.22445541 0.021234542 0.00021234542
0.22476449 0.022596598 0.00022596598
0.22507357 0.020307957 0.00020307957
0.22538265 0.022643768 0.00022643768
0.22569174 0.022204177 0.00022204177
0.22600081 0.020286997 0.00020286997
0.22630989 0.020453714 0.00020453714
0.22661897 0.022347608 0.00022347608
0.2267702 0.022364922 0.00022364922
0.22692804 0.022366333 0.00022366333
0.22723712 0.021317819 0.00021317819
0.22754619 0.020745554 0.00020745554
0.22785526 0.01956699 0.0001956699
0.22816433 0.022328078 0.00022328078
0.2284734 0.021719265 0.00021719265
0.22878247 0.019004235 0.00019004235
0.22909153 0.018273782 0.00018273782
0.2294006 0.020835206 0.00020835206
0.22970966 0.022478488 0.00022478488
0.23001873 0.019049624 0.00019049624
0.23032779 0.020617464 0.00020617464
0.23063685 0.020017918 0.00020017918
0.23094591 0.02011711 0.0002011711
0.23125496 0.02041378 0.0002041378
0.23156402 0.019662326 0.00019662326
0.23187308 0.020841651 0.00020841651
0.23218213 0.019652666 0.00019652666
0.23223358 0.019738542 0.00019738542
0.23249118 0.020179019 0.00020179019
0.23280023 0.019139647 0.00019139647
0.23310928 0.018813827 0.00018813827
0.23341833 0.020273283 0.00020273283
0.23372738 0.018870756 0.00018870756
0.23403643 0.02109347 0.0002109347
0.23434547 0.022367039 0.00022367039
0.23465451 0.021612224 0.00021612224
0.23496356 0.019272717 0.00019272717
0.2352726 0.018102155 0.00018102155
0.23558164 0.020340554 0.00020340554
0.23589068 0.019832553 0.00019832553
0.23619971 0.020981238 0.00020981238
0.23650875 0.01913942 0.0001913942
0.23681778 0.018587957 0.00018587957
0.23712682 0.019703462 0.00019703462
0.23743585 0.018415748 0.00018415748
0.23774488 0.018849281 0.00018849281
0.23782859 0.018630558 0.00018630558
0.23805391 0.018042994 0.00018042994
0.23836294 0.020395784 0.00020395784
0.23867197 0.016817102 0.00016817102
0.23898099 0.019920058 0.00019920058
0.23929002 0.01885989 0.0001885989
0.23959904 0.019222178 0.00019222178
0.23990806 0.01872694 0.0001872694
0.24021708 0.020725854 0.00020725854
0.2405261 0.017668368 0.00017668368
0.24083512 0.019966923 0.00019966923
0.24114413 0.018467879 0.00018467879
0.24145315 0.018578488 0.00018578488
0.24176216 0.019773787 0.00019773787
0.24207118 0.020244383 0.00020244383
0.24238019 0.019803194 0.00019803194
0.2426892 0.018004539 0.00018004539
0.24299821 0.018446183 0.00018446183
0.24330721 0.017733166 0.00017733166
0.24355839 0.017715244 0.00017715244
0.24361622 0.017714904 0.00017714904
0.24392522 0.017465091 0.00017465091
0.24423423 0.018611683 0.00018611683
0.24454323 0.017241293 0.00017241293
0.24485223 0.020040269 0.00020040269
0.24516123 0.0184848 0.000184848
0.24547023 0.018155347 0.00018155347
0.24577922 0.019482206 0.00019482206
0.24608822 0.018270722 0.00018270722
0.24639721 0.017393636 0.00017393636
0.24670621 0.019635818 0.00019635818
0.2470152 0.019996708 0.00019996708
0.24732419 0.017971051 0.00017971051
0.24763318 0.018740289 0.00018740289
0.24794216 0.018346986 0.00018346986
0.24825115 0.01820825 0.0001820825
0.24856013 0.019966871 0.00019966871
0.24886912 0.018326608 0.00018326608
0.2491781 0.018355863 0.00018355863
0.24942624 0.019457807 0.00019457807
0.24948708 0.019724414 0.00019724414
0.24979606 0.016272086 0.00016272086
0.25010504 0.020500883 0.00020500883
0.25041401 0.020198751 0.00020198751
0.25072299 0.020319519 0.00020319519
0.25103196 0.020034015 0.00020034015
0.25134093 0.019901923 0.00019901923
0.2516499 0.020515451 0.00020515451
0.25195887 0.021461468 0.00021461468
0.25226784 0.021157402 0.00021157402
0.25257681 0.01822479 0.0001822479
0.25288577 0.020330924 0.00020330924
0.25319474 0.016696696 0.00016696696
0.2535037 0.0212951 0.000212951
0.25381266 0.02069019 0.0002069019
0.25412162 0.019749329 0.00019749329
0.25443058 0.019093871 0.00019093871
0.25473954 0.019788083 0.00019788083
0.25504849 0.020065638 0.00020065638
0.25535745 0.019311603 0.00019311603
0.25543545 0.018774268 0.00018774268
0.2556664 0.017215673 0.00017215673
0.25597535 0.019271713 0.00019271713
0.2562843 0.019446206 0.00019446206
0.25659325 0.01731635 0.0001731635
0.2569022 0.019586918 0.00019586918
0.25721115 0.017970403 0.00017970403
0.25752009 0.020099566 0.00020099566
0.25782903 0.019885534 0.00019885534
0.25813798 0.019330588 0.00019330588
0.25844692 0.02157323 0.0002157323
0.25875585 0.021717168 0.00021717168
0.25906479 0.019966972 0.00019966972
0.25937373 0.01852988 0.0001852988
0.25968266 0.023165913 0.00023165913
0.2599916 0.018994625 0.00018994625
0.26030053 0.018979398 0.00018979398
0.26060946 0.023326723 0.00023326723
0.26091839 0.019773582 0.00019773582
0.26122732 0.018542903 0.00018542903
0.26153624 0.024836117 0.00024836117
0.26158944 0.024113901 0.00024113901
0.26184517 0.020578838 0.00020578838
0.26215409 0.02119746 0.0002119746
0.26246301 0.01944023 0.0001944023
0.26277193 0.020245604 0.00020245604
0.26308085 0.019278728 0.00019278728
0.26338977 0.022502529 0.00022502529
0.26369869 0.022220388 0.00022220388
0.2640076 0.021792233 0.00021792233
0.26431651 0.019453375 0.00019453375
0.26462543 0.01971583 0.0001971583
0.26493434 0.02089257 0.0002089257
0.26524325 0.019585176 0.00019585176
0.26555215 0.021163346 0.00021163346
0.26586106 0.019564148 0.00019564148
0.26616996 0.023036879 0.00023036879
0.26647887 0.020040772 0.00020040772
0.26678777 0.024174699 0.00024174699
0.26709667 0.021129639 0.00021129639
0.26740557 0.022716132 0.00022716132
0.26771447 0.018193312 0.00018193312
0.2678917 0.018611961 0.00018611961
0.26802336 0.018946708 0.00018946708
0.26833226 0.018462785 0.00018462785
0.26864115 0.019433655 0.00019433655
0.26895004 0.021011073 0.00021011073
0.26925893 0.019601215 0.00019601215
0.26956782 0.021145993 0.00021145993
0.26987671 0.018936522 0.00018936522
0.27018559 0.018957829 0.00018957829
0.27049448 0.019687493 0.00019687493
0.27080336 0.018776029 0.00018776029
0.27111224 0.019534831 0.00019534831
0.27142112 0.017410331 0.00017410331
0.27173 0.019332909 0.00019332909
0.27203888 0.021018212 0.00021018212
0.27234775 0.022084763 0.00022084763
0.27265663 0.020922378 0.00020922378
0.2729655 0.020817908 0.00020817908
0.27327437 0.022673447 0.00022673447
0.27358324 0.01915087 0.0001915087
0.27389211 0.021636812 0.00021636812
0.27420098 0.020967777 0.00020967777
0.27434578 0.02108513 0.0002108513
0.27450984 0.021208468 0.00021208468
0.2748187 0.020625875 0.00020625875
0.27512757 0.021172907 0.00021172907
0.27543643 0.0207489 0.000207489
0.27574529 0.019925689 0.00019925689
0.27605414 0.019966549 0.00019966549
0.276363 0.023649799 0.00023649799
0.27667185 0.020049625 0.00020049625
0.27698071 0.020892613 0.00020892613
0.27728956 0.019285673 0.00019285673
0.27759841 0.020951769 0.00020951769
0.27790726 0.020641379 0.00020641379
0.2782161 0.021532666 0.00021532666
0.27852495 0.022433226 0.00022433226
0.27883379 0.022578829 0.00022578829
0.27914264 0.022160553 0.00022160553
0.27945148 0.0213116 0.000213116
0.27976032 0.020640053 0.00020640053
0.28006915 0.022131791 0.00022131791
0.28037799 0.018588725 0.00018588725
0.28068683 0.022542077 0.00022542077
0.28095536 0.020946585 0.00020946585
0.28099566 0.020705218 0.00020705218
0.28130449 0.01940139 0.0001940139
0.28161332 0.021363342 0.00021363342
0.28192215 0.020447871 0.00020447871
0.28223098 0.022789268 0.00022789268
0.2825398 0.01957638 0.0001957638
0.28284863 0.02128899 0.0002128899
0.28315745 0.022749272 0.00022749272
0.28346627 0.023723253 0.00023723253
0.28377509 0.020546342 0.00020546342
0.28408391 0.022109567 0.00022109567
0.28439272 0.019415688 0.00019415688
0.28470154 0.020936303 0.00020936303
0.28501035 0.020910969 0.00020910969
0.28531916 0.021317865 0.00021317865
0.28562797 0.021168086 0.00021168086
0.28593678 0.021738452 0.00021738452
0.28624559 0.021976073 0.00021976073
0.2865544 0.021339244 0.00021339244
0.2868632 0.021406353 0.00021406353
0.287172 0.020802949 0.00020802949
0.2874808 0.021562026 0.00021562026
0.28772418 0.018467811 0.00018467811
0.2877896 0.017643446 0.00017643446
0.2880984 0.020581665 0.00020581665
0.2884072 0.024528768 0.00024528768
0.28871599 0.021302334 0.00021302334
0.28902478 0.018787694 0.00018787694
0.28933358 0.019646935 0.00019646935
0.28964237 0.023201756 0.00023201756
0.28995115 0.020986091 0.00020986091
0.29025994 0.023745531 0.00023745531
0.29056873 0.020705394 0.00020705394
0.29087751 0.022569345 0.00022569345
0.29118629 0.020994045 0.00020994045
0.29149507 0.022769093 0.00022769093
0.29180385 0.023617228 0.00023617228
0.29211263 0.021791398 0.00021791398
0.2924214 0.020169735 0.00020169735
0.29273018 0.022544907 0.00022544907
0.29303895 0.019688328 0.00019688328
0.29334772 0.020338731 0.00020338731
0.29365649 0.021178893 0.00021178893
0.29396526 0.024229177 0.00024229177
0.29427402 0.02514313 0.0002514313
0.29458279 0.022376898 0.00022376898
0.29465608 0.021372909 0.00021372909
0.29489155 0.018140937 0.00018140937
0.29520031 0.022410169 0.00022410169
0.29550907 0.022303182 0.00022303182
0.29581783 0.021977633 0.00021977633
0.29612659 0.024120996 0.00024120996
0.29643534 0.020692507 0.00020692507
0.2967441 0.022645356 0.00022645356
0.29705285 0.019993234 0.00019993234
0.2973616 0.019903704 0.00019903704
0.29767035 0.020284242 0.00020284242
0.29797909 0.022734352 0.00022734352
0.29828784 0.023688291 0.00023688291
0.29859658 0.022703704 0.00022703704
0.29890532 0.023174133 0.00023174133
0.29921406 0.021931005 0.00021931005
0.2995228 0.023749846 0.00023749846
0.29983154 0.020612882 0.00020612882
