0.010059664 15.122196 0.15122196
0.010369191 14.600134 0.14600134
0.010678719 14.294409 0.14294409
0.010988246 13.808566 0.13808566
0.011297773 13.499369 0.13499369
0.0116073 13.272495 0.13272495
0.011916828 12.921258 0.12921258
0.012226355 12.750624 0.12750624
0.012535882 12.528073 0.12528073
0.012845409 12.316696 0.12316696
0.013154936 12.148439 0.12148439
0.013464463 11.984743 0.11984743
0.013773989 11.818192 0.11818192
0.014083516 11.632504 0.11632504
0.014393043 11.548425 0.11548425
0.014702569 11.425729 0.11425729
0.015012096 11.266412 0.11266412
0.015321622 11.128021 0.11128021
0.015631148 11.036993 0.11036993
0.015940675 10.92499 0.1092499
0.016250201 10.884974 0.10884974
0.016559727 10.733277 0.10733277
0.016869253 10.689965 0.10689965
0.017178779 10.61631 0.1061631
0.017488304 10.539246 0.10539246
0.01779783 10.470092 0.10470092
0.018107355 10.402019 0.10402019
0.018416881 10.350466 0.10350466
0.018726406 10.250466 0.10250466
0.019035932 10.176257 0.10176257
0.019345457 10.091208 0.10091208
0.019654982 10.04228 0.1004228
0.019964507 10.01493 0.1001493
0.020274032 9.9267819 0.099267819
0.020583556 9.8953282 0.098953282
0.020893081 9.8191749 0.098191749
0.021202605 9.7956897 0.097956897
0.02151213 9.726329 0.09726329
0.021821654 9.6982277 0.096982277
0.022131178 9.6244043 0.096244043
0.022440702 9.5531861 0.095531861
0.022750226 9.5304155 0.095304155
0.02305975 9.5155089 0.095155089
0.023369274 9.4492861 0.094492861
0.023678797 9.4275761 0.094275761
0.023988321 9.3925708 0.093925708
0.024297844 9.3385091 0.093385091
0.024607367 9.2639781 0.092639781
0.02491689 9.2454624 0.092454624
0.025226413 9.2071115 0.092071115
0.025535936 9.1745784 0.091745784
0.025845458 9.1032403 0.091032403
0.026154981 9.0731634 0.090731634
0.026464503 9.0258054 0.090258054
0.026774025 8.9901775 0.089901775
0.027083547 8.9539603 0.089539603
0.027393069 8.9161421 0.089161421
0.027702591 8.8530543 0.088530543
0.028012112 8.8459881 0.088459881
0.028321634 8.8012512 0.088012512
0.028631155 8.7683693 0.087683693
0.028940676 8.7360344 0.087360344
0.029250197 8.6868852 0.086868852
0.029559718 8.6620008 0.086620008
0.029869238 8.6083281 0.086083281
0.030178759 8.5822709 0.085822709
0.030488279 8.5394347 0.085394347
0.030797799 8.5006964 0.085006964
0.031107319 8.4698431 0.084698431
0.031416839 8.44875 0.0844875
0.031726359 8.4292897 0.084292897
0.032035878 8.3680491 0.083680491
0.032345397 8.3592893 0.083592893
0.032654916 8.3414087 0.083414087
0.032964435 8.2831185 0.082831185
0.033273954 8.2303841 0.082303841
0.033583473 8.206394 0.08206394
0.033892991 8.1827688 0.081827688
0.034202509 8.1689945 0.081689945
0.034512027 8.111746 0.08111746
0.034821545 8.0799616 0.080799616
0.035131063 8.0381418 0.080381418
0.03544058 8.0126397 0.080126397
0.035750097 7.9833989 0.079833989
0.036059614 7.9420793 0.079420793
0.036369131 7.9543767 0.079543767
0.036678648 7.9009523 0.079009523
0.036988164 7.8589544 0.078589544
0.03729768 7.8243447 0.078243447
0.037607196 7.8071599 0.078071599
0.037916712 7.7725332 0.077725332
0.038226228 7.7418327 0.077418327
0.038535743 7.7064663 0.077064663
0.038845259 7.701149 0.07701149
0.039154774 7.6541162 0.076541162
0.039464288 7.6390993 0.076390993
0.039773803 7.5846501 0.075846501
0.040083317 7.5542014 0.075542014
0.040392831 7.5395399 0.075395399
0.040702345 7.506811 0.07506811
0.041011859 7.4594338 0.074594338
0.041321372 7.4434788 0.074434788
0.041630886 7.407428 0.07407428
0.041940399 7.3666183 0.073666183
0.042249911 7.3330381 0.073330381
0.042559424 7.3174453 0.073174453
0.042868936 7.2929303 0.072929303
0.043178448 7.2589011 0.072589011
0.04348796 7.2475414 0.072475414
0.043797472 7.2125107 0.072125107
0.044106983 7.185069 0.07185069
0.044416494 7.1439623 0.071439623
0.044726005 7.1332512 0.071332512
0.045035516 7.1115108 0.071115108
0.045345026 7.0768497 0.070768497
0.045654536 7.0308813 0.070308813
0.045964046 7.0018223 0.070018223
0.046273556 6.9524839 0.069524839
0.046583065 6.9507746 0.069507746
0.046892575 6.8783993 0.068783993
0.047202083 6.8641308 0.068641308
0.047511592 6.8326321 0.068326321
0.0478211 6.8052701 0.068052701
0.048130609 6.8017988 0.068017988
0.048440116 6.7660666 0.067660666
0.048749624 6.7313803 0.067313803
0.049059131 6.6980671 0.066980671
0.049368638 6.6469942 0.066469942
0.049678145 6.6680484 0.066680484
0.049987652 6.6099367 0.066099367
0.050297158 6.5814344 0.065814344
0.050606664 6.5604939 0.065604939
0.05091617 6.5547279 0.065547279
0.051225675 6.5386338 0.065386338
0.05153518 6.4942291 0.064942291
0.051844685 6.4668427 0.064668427
0.05215419 6.4516908 0.064516908
0.052463694 6.4121798 0.064121798
0.052773198 6.375557 0.06375557
0.053082702 6.3755709 0.063755709
0.053392205 6.350216 0.06350216
0.053701708 6.3197192 0.063197192
0.054011211 6.299019 0.06299019
0.054320713 6.2698627 0.062698627
0.054630216 6.2352678 0.062352678
0.054939718 6.1980277 0.061980277
0.055249219 6.1783662 0.061783662
0.055558721 6.1699839 0.061699839
0.055868222 6.127236 0.06127236
0.056177722 6.1082694 0.061082694
0.056487223 6.0900778 0.060900778
0.056796723 6.0350299 0.060350299
0.057106223 6.045134 0.06045134
0.057415722 5.9922411 0.059922411
0.057725221 5.9800645 0.059800645
0.05803472 5.949276 0.05949276
0.058344219 5.9372341 0.059372341
0.058653717 5.9085626 0.059085626
0.058963215 5.8513594 0.058513594
0.059272713 5.8528145 0.058528145
0.05958221 5.843557 0.05843557
0.059891707 5.8270115 0.058270115
0.060201203 5.7886484 0.057886484
0.0605107 5.7771371 0.057771371
0.060820196 5.7434916 0.057434916
0.061129691 5.7023818 0.057023818
0.061439187 5.7159852 0.057159852
0.061748681 5.6733485 0.056733485
0.062058176 5.6647785 0.056647785
0.06236767 5.6282995 0.056282995
0.062677164 5.6052765 0.056052765
0.062986658 5.5785413 0.055785413
0.063296151 5.5587723 0.055587723
0.063605644 5.5282511 0.055282511
0.063915137 5.4943028 0.054943028
0.064224629 5.4775666 0.054775666
0.064534121 5.4669765 0.054669765
0.064843612 5.4340134 0.054340134
0.065153103 5.420781 0.05420781
0.065462594 5.3965339 0.053965339
0.065772085 5.3688822 0.053688822
0.066081575 5.3505945 0.053505945
0.066391064 5.3198324 0.053198324
0.066700554 5.2966015 0.052966015
0.067010043 5.2704138 0.052704138
0.067319531 5.2606806 0.052606806
0.06762902 5.2364522 0.052364522
0.067938508 5.2090771 0.052090771
0.068247995 5.1925771 0.051925771
0.068557482 5.1535521 0.051535521
0.068866969 5.1359278 0.051359278
0.069176455 5.1217311 0.051217311
0.069485941 5.1005833 0.051005833
0.069795427 5.0610378 0.050610378
0.070104912 5.0385396 0.050385396
0.070414397 5.023225 0.05023225
0.070723882 5.0027058 0.050027058
0.071033366 4.9806923 0.049806923
0.07134285 4.9630431 0.049630431
0.071652333 4.9315653 0.049315653
0.071961816 4.9122777 0.049122777
0.072271298 4.8842573 0.048842573
0.07258078 4.8644671 0.048644671
0.072890262 4.8502775 0.048502775
0.073199744 4.8224555 0.048224555
0.073509225 4.7971417 0.047971417
0.073818705 4.7833013 0.047833013
0.074128185 4.7642738 0.047642738
0.074437665 4.7414971 0.047414971
0.074747144 4.7270378 0.047270378
0.075056623 4.6922473 0.046922473
0.075366102 4.6743334 0.046743334
0.07567558 4.6494019 0.046494019
0.075985058 4.632693 0.04632693
0.076294535 4.6061182 0.046061182
0.076604012 4.5862125 0.045862125
0.076913488 4.5708566 0.045708566
0.077222964 4.5457469 0.045457469
0.07753244 4.5311893 0.045311893
0.077841915 4.4968016 0.044968016
0.07815139 4.4804263 0.044804263
0.078460864 4.4528883 0.044528883
0.078770338 4.437779 0.04437779
0.079079812 4.4232272 0.044232272
0.079389285 4.4077955 0.044077955
0.079698757 4.3836258 0.043836258
0.080008229 4.3653764 0.043653764
0.080317701 4.3400624 0.043400624
0.080627172 4.3202092 0.043202092
0.080936643 4.3052071 0.043052071
0.081246114 4.2801731 0.042801731
0.081555584 4.2598326 0.042598326
0.081865053 4.2403559 0.042403559
0.082174522 4.22383 0.0422383
0.082483991 4.198452 0.04198452
0.082793459 4.1838588 0.041838588
0.083102927 4.1640556 0.041640556
0.083412394 4.1456493 0.041456493
0.083721861 4.116813 0.04116813
0.084031327 4.1001605 0.041001605
0.084340793 4.0650365 0.040650365
0.084650259 4.0518661 0.040518661
0.084959724 4.0406642 0.040406642
0.085269188 4.0235683 0.040235683
0.085578652 4.0001144 0.040001144
0.085888116 3.9822047 0.039822047
0.086197579 3.9610504 0.039610504
0.086507042 3.9456278 0.039456278
0.086816504 3.9274175 0.039274175
0.087125966 3.9068475 0.039068475
0.087435427 3.8911817 0.038911817
0.087744888 3.8679084 0.038679084
0.088054348 3.8552651 0.038552651
0.088363808 3.827142 0.03827142
0.088673267 3.814657 0.03814657
0.088982726 3.7930659 0.037930659
0.089292184 3.7777545 0.037777545
0.089601642 3.7659245 0.037659245
0.089911099 3.746637 0.03746637
0.090220556 3.7281405 0.037281405
0.090530013 3.7050097 0.037050097
0.090839469 3.6941617 0.036941617
0.091148924 3.6852709 0.036852709
0.091458379 3.652205 0.03652205
0.091767833 3.641546 0.03641546
0.092077287 3.6221308 0.036221308
0.092386741 3.6024247 0.036024247
0.092696194 3.5803486 0.035803486
0.093005646 3.5639417 0.035639417
0.093315098 3.5401364 0.035401364
0.093624549 3.5341966 0.035341966
0.093934 3.5107429 0.035107429
0.09424345 3.479512 0.03479512
0.0945529 3.4707856 0.034707856
0.09486235 3.4553639 0.034553639
0.095171798 3.4401483 0.034401483
0.095481247 3.4238329 0.034238329
0.095790694 3.4076081 0.034076081
0.096100142 3.3814526 0.033814526
0.096409588 3.3715029 0.033715029
0.096719035 3.347919 0.03347919
0.09702848 3.3345672 0.033345672
0.097337925 3.3173584 0.033173584
0.09764737 3.3067469 0.033067469
0.097956814 3.2812328 0.032812328
0.098266257 3.2782842 0.032782842
0.0985757 3.2570795 0.032570795
0.098885143 3.2351178 0.032351178
0.099194585 3.2134689 0.032134689
0.099504026 3.2018438 0.032018438
0.099813467 3.1911149 0.031911149
0.10012291 3.1649609 0.031649609
0.10043235 3.1573784 0.031573784
0.10074179 3.1291675 0.031291675
0.10105122 3.1173153 0.031173153
0.10136066 3.1043834 0.031043834
0.1016701 3.0826769 0.030826769
0.10197954 3.0695406 0.030695406
0.10228897 3.0492875 0.030492875
0.10259841 3.0417268 0.030417268
0.10290785 3.0303028 0.030303028
0.10321728 3.0114007 0.030114007
0.10352671 2.9954409 0.029954409
0.10383615 2.9836795 0.029836795
0.10414558 2.9615761 0.029615761
0.10445501 2.9458908 0.029458908
0.10476445 2.9312997 0.029312997
0.10507388 2.9114127 0.029114127
0.10538331 2.9061286 0.029061286
0.10569274 2.8884811 0.028884811
0.10600217 2.8682948 0.028682948
0.1063116 2.8505366 0.028505366
0.10662102 2.8351056 0.028351056
0.10693045 2.8201833 0.028201833
0.10723988 2.8090494 0.028090494
0.10754931 2.787052 0.02787052
0.10785873 2.7769519 0.027769519
0.10816816 2.7622122 0.027622122
0.10847758 2.7441791 0.027441791
0.10878701 2.729234 0.02729234
0.10909643 2.7120235 0.027120235
0.10940585 2.7063081 0.027063081
0.10971528 2.6827157 0.026827157
0.1100247 2.6841516 0.026841516
0.11033412 2.6596778 0.026596778
0.11064354 2.645774 0.02645774
0.11095296 2.6300211 0.026300211
0.11126238 2.6207768 0.026207768
0.1115718 2.6211718 0.026211718
0.11188122 2.6495234 0.026495234
0.11219064 2.7607527 0.027607527
0.11250005 2.9311307 0.029311307
0.11280947 2.8725678 0.028725678
0.11311889 2.6553341 0.026553341
0.1134283 2.5556494 0.025556494
0.11373772 2.5112462 0.025112462
0.11404713 2.4854693 0.024854693
0.11435654 2.4693743 0.024693743
0.11466596 2.459918 0.02459918
0.11497537 2.4406433 0.024406433
0.11528478 2.4235285 0.024235285
0.11559419 2.411209 0.02411209
0.1159036 2.400766 0.02400766
0.11621301 2.3864575 0.023864575
0.11652242 2.3746831 0.023746831
0.11683183 2.3637527 0.023637527
0.11714124 2.3466683 0.023466683
0.11745064 2.3358775 0.023358775
0.11776005 2.3183359 0.023183359
0.11806945 2.304637 0.02304637
0.11837886 2.2911659 0.022911659
0.11868826 2.280403 0.02280403
0.11899767 2.2627734 0.022627734
0.11930707 2.2530375 0.022530375
0.11961647 2.24312 0.0224312
0.11992588 2.2284393 0.022284393
0.12023528 2.2112377 0.022112377
0.12054468 2.2023347 0.022023347
0.12085408 2.1888244 0.021888244
0.12116348 2.1775958 0.021775958
0.12147288 2.1629612 0.021629612
0.12178227 2.1462949 0.021462949
0.12209167 2.1366975 0.021366975
0.12240107 2.1246729 0.021246729
0.12271046 2.108651 0.02108651
0.12301986 2.1032396 0.021032396
0.12332925 2.0876902 0.020876902
0.12363865 2.0743632 0.020743632
0.12394804 2.0574416 0.020574416
0.12425743 2.0466267 0.020466267
0.12456683 2.036044 0.02036044
0.12487622 2.0231343 0.020231343
0.12518561 2.0182437 0.020182437
0.125495 2.0015895 0.020015895
0.12580439 1.9904267 0.019904267
0.12611377 1.9755123 0.019755123
0.12642316 1.9664615 0.019664615
0.12673255 1.9512201 0.019512201
0.12704194 1.9431241 0.019431241
0.12735132 1.9297967 0.019297967
0.12766071 1.9183734 0.019183734
0.12797009 1.9086879 0.019086879
0.12827947 1.8954915 0.018954915
0.12858886 1.8830614 0.018830614
0.12889824 1.8706027 0.018706027
0.12920762 1.8581805 0.018581805
0.129517 1.8493716 0.018493716
0.12982638 1.8400966 0.018400966
0.13013576 1.8272967 0.018272967
0.13044514 1.8171389 0.018171389
0.13075452 1.8054196 0.018054196
0.1310639 1.7945527 0.017945527
0.13137327 1.7803392 0.017803392
0.13168265 1.7707466 0.017707466
0.13199202 1.7567992 0.017567992
0.1323014 1.7449339 0.017449339
0.13261077 1.7379172 0.017379172
0.13292015 1.7221283 0.017221283
0.13322952 1.7195458 0.017195458
0.13353889 1.7058644 0.017058644
0.13384826 1.691141 0.01691141
0.13415763 1.6815004 0.016815004
0.134467 1.6669634 0.016669634
0.13477637 1.660935 0.01660935
0.13508574 1.644318 0.01644318
0.1353951 1.640647 0.01640647
0.13570447 1.6282647 0.016282647
0.13601383 1.6232463 0.016232463
0.1363232 1.6098869 0.016098869
0.13663256 1.5983013 0.015983013
0.13694193 1.5908194 0.015908194
0.13725129 1.5731969 0.015731969
0.13756065 1.5691432 0.015691432
0.13787001 1.5553283 0.015553283
0.13817937 1.5406002 0.015406002
0.13848873 1.5355169 0.015355169
0.13879809 1.527372 0.01527372
0.13910745 1.5192327 0.015192327
0.13941681 1.5082265 0.015082265
0.13972616 1.4924959 0.014924959
0.14003552 1.4887598 0.014887598
0.14034488 1.4791196 0.014791196
0.14065423 1.4682177 0.014682177
0.14096358 1.4560656 0.014560656
0.14127294 1.4455766 0.014455766
0.14158229 1.4392286 0.014392286
0.14189164 1.4300474 0.014300474
0.14220099 1.418249 0.01418249
0.14251034 1.4088289 0.014088289
0.14281969 1.3969206 0.013969206
0.14312904 1.387196 0.01387196
0.14343838 1.3781689 0.013781689
0.14374773 1.3670037 0.013670037
0.14405708 1.3571581 0.013571581
0.14436642 1.3534189 0.013534189
0.14467577 1.3393398 0.013393398
0.14498511 1.3339929 0.013339929
0.14529445 1.3213289 0.013213289
0.14560379 1.3109931 0.013109931
0.14591314 1.304165 0.01304165
0.14622248 1.2920064 0.012920064
0.14653182 1.2891208 0.012891208
0.14684115 1.2748586 0.012748586
0.14715049 1.2660035 0.012660035
0.14745983 1.2606445 0.012606445
0.14776917 1.2500382 0.012500382
0.1480785 1.2411191 0.012411191
0.14838784 1.2295505 0.012295505
0.14869717 1.2238276 0.012238276
0.1490065 1.2163871 0.012163871
0.14931583 1.2098858 0.012098858
0.14962517 1.2028019 0.012028019
0.1499345 1.1923419 0.011923419
0.15024383 1.1782137 0.011782137
0.15055316 1.1728251 0.011728251
0.15086248 1.1654083 0.011654083
0.15117181 1.1575819 0.011575819
0.15148114 1.1491097 0.011491097
0.15179046 1.1390966 0.011390966
0.15209979 1.1301556 0.011301556
0.15240911 1.1251803 0.011251803
0.15271844 1.1153361 0.011153361
0.15302776 1.1070988 0.011070988
0.15333708 1.0976728 0.010976728
0.1536464 1.0900268 0.010900268
0.15395572 1.0819057 0.010819057
0.15426504 1.0722365 0.010722365
0.15457436 1.0708992 0.010708992
0.15488367 1.0620549 0.010620549
0.15519299 1.051637 0.01051637
0.15550231 1.046594 0.01046594
0.15581162 1.0285798 0.010285798
0.15612093 1.0211531 0.010211531
0.15643025 1.0173327 0.010173327
0.15673956 1.0068081 0.010068081
0.15704887 1.0042218 0.010042218
0.15735818 0.99733251 0.0099733251
0.15766749 0.99498905 0.0099498905
0.1579768 0.99300798 0.0099300798
0.15828611 1.0055877 0.010055877
0.15859542 1.0652106 0.010652106
0.15890472 1.2347773 0.012347773
0.15921403 1.4555516 0.014555516
0.15952333 1.302479 0.01302479
0.15983264 1.0912271 0.010912271
0.16014194 0.97522416 0.0097522416
0.16045124 0.9378586 0.009378586
0.16076054 0.92503554 0.0092503554
0.16106984 0.90903422 0.0090903422
0.16137914 0.90138997 0.0090138997
0.16168844 0.89323632 0.0089323632
0.16199774 0.88431853 0.0088431853
0.16230703 0.88053194 0.0088053194
0.16261633 0.87322317 0.0087322317
0.16292562 0.86606584 0.0086606584
0.16323492 0.85725101 0.0085725101
0.16354421 0.85036376 0.0085036376
0.1638535 0.84563612 0.0084563612
0.16416279 0.8384003 0.008384003
0.16447208 0.83338037 0.0083338037
0.16478137 0.82042803 0.0082042803
0.16509066 0.8148943 0.008148943
0.16539995 0.81087426 0.0081087426
0.16570924 0.80525532 0.0080525532
0.16601852 0.79678591 0.0079678591
0.16632781 0.79262898 0.0079262898
0.16663709 0.78664933 0.0078664933
0.16694637 0.7791477 0.007791477
0.16725566 0.77246775 0.0077246775
0.16756494 0.76717776 0.0076717776
0.16787422 0.75831001 0.0075831001
0.1681835 0.7485005 0.007485005
0.16849278 0.74811684 0.0074811684
0.16880205 0.74200688 0.0074200688
0.16911133 0.73314278 0.0073314278
0.16942061 0.72968067 0.0072968067
0.16972988 0.72222589 0.0072222589
0.17003916 0.71571987 0.0071571987
0.17034843 0.71316542 0.0071316542
0.1706577 0.70346921 0.0070346921
0.17096697 0.7012099 0.007012099
0.17127624 0.6920663 0.006920663
0.17158551 0.68750014 0.0068750014
0.17189478 0.68164867 0.0068164867
0.17220405 0.67727487 0.0067727487
0.17251331 0.67261909 0.0067261909
0.17282258 0.66434543 0.0066434543
0.17313184 0.65738076 0.0065738076
0.17344111 0.65145117 0.0065145117
0.17375037 0.6517687 0.006517687
0.17405963 0.64174172 0.0064174172
0.17436889 0.63960138 0.0063960138
0.17467815 0.63148657 0.0063148657
0.17498741 0.62837726 0.0062837726
0.17529667 0.62545673 0.0062545673
0.17560593 0.61522201 0.0061522201
0.17591518 0.61509679 0.0061509679
0.17622444 0.61289384 0.0061289384
0.17653369 0.61254049 0.0061254049
0.17684295 0.63536395 0.0063536395
0.1771522 0.69503418 0.0069503418
0.17746145 0.89445877 0.0089445877
0.1777707 1.362189 0.01362189
0.17807995 1.8222683 0.018222683
0.1783892 1.5103429 0.015103429
0.17869844 0.9084616 0.009084616
0.17900769 0.66054733 0.0066054733
0.17931694 0.58733146 0.0058733146
0.17962618 0.56530019 0.0056530019
0.17993542 0.55278051 0.0055278051
0.18024467 0.54849206 0.0054849206
0.18055391 0.53341879 0.0053341879
0.18086315 0.53192262 0.0053192262
0.18117239 0.52383147 0.0052383147
0.18148163 0.52066091 0.0052066091
0.18179086 0.51756279 0.0051756279
0.1821001 0.51475331 0.0051475331
0.18240934 0.50862174 0.0050862174
0.18271857 0.50647844 0.0050647844
0.1830278 0.50949611 0.0050949611
0.18333704 0.52063071 0.0052063071
0.18364627 0.56788362 0.0056788362
0.1839555 0.6424442 0.006424442
0.18426473 0.72503999 0.0072503999
0.18457396 0.64312536 0.0064312536
0.18488318 0.53104434 0.0053104434
0.18519241 0.4842491 0.004842491
0.18550164 0.46619708 0.0046619708
0.18581086 0.45731062 0.0045731062
0.18612009 0.45213317 0.0045213317
0.18642931 0.44199662 0.0044199662
0.18673853 0.44006078 0.0044006078
0.18704775 0.43239137 0.0043239137
0.18735697 0.42852349 0.0042852349
0.18766619 0.42391054 0.0042391054
0.1879754 0.42423834 0.0042423834
0.18828462 0.41715163 0.0041715163
0.18859384 0.4154427 0.004154427
0.18890305 0.41161886 0.0041161886
0.18921226 0.40905204 0.0040905204
0.18952148 0.3987179 0.003987179
0.18983069 0.39880729 0.0039880729
0.1901399 0.3928508 0.003928508
0.19044911 0.39455745 0.0039455745
0.19075832 0.38524191 0.0038524191
0.19106752 0.38613436 0.0038613436
0.19137673 0.38368374 0.0038368374
0.19168593 0.37319458 0.0037319458
0.19199514 0.36966735 0.0036966735
0.19230434 0.36628911 0.0036628911
0.19261354 0.36063548 0.0036063548
0.19292274 0.36133285 0.0036133285
0.19323194 0.35472421 0.0035472421
0.19354114 0.35136567 0.0035136567
0.19385034 0.34657757 0.0034657757
0.19415954 0.34177165 0.0034177165
0.19446873 0.34186925 0.0034186925
0.19477793 0.33845031 0.0033845031
0.19508712 0.33246545 0.0033246545
0.19539631 0.33187425 0.0033187425
0.1957055 0.32864339 0.0032864339
0.19601469 0.32265023 0.0032265023
0.19632388 0.32239869 0.0032239869
0.19663307 0.31965614 0.0031965614
0.19694226 0.317556 0.00317556
0.19725144 0.31153727 0.0031153727
0.19756063 0.30618221 0.0030618221
0.19786981 0.30874152 0.0030874152
0.19817899 0.30535696 0.0030535696
0.19848818 0.29958473 0.0029958473
0.19879736 0.29730593 0.0029730593
0.19910654 0.3059181 0.003059181
0.19941572 0.31495046 0.0031495046
0.19972489 0.34894244 0.0034894244
0.20003407 0.436218 0.00436218
0.20034324 0.64302236 0.0064302236
0.20065242 0.90540554 0.0090540554
0.20096159 0.6979513 0.006979513
0.20127076 0.44460554 0.0044460554
0.20157993 0.33329299 0.0033329299
0.2018891 0.29124144 0.0029124144
0.20219827 0.275155 0.00275155
0.20250744 0.26499338 0.0026499338
0.20281661 0.25512472 0.0025512472
0.20312577 0.25741949 0.0025741949
0.20343493 0.24983561 0.0024983561
0.2037441 0.24830181 0.0024830181
0.20405326 0.24511074 0.0024511074
0.20436242 0.23987687 0.0023987687
0.20467158 0.23887492 0.0023887492
0.20498074 0.23562924 0.0023562924
0.2052899 0.23482 0.0023482
0.20559905 0.22891605 0.0022891605
0.20590821 0.22829875 0.0022829875
0.20621736 0.22494401 0.0022494401
0.20652651 0.22289563 0.0022289563
0.20683567 0.21712948 0.0021712948
0.20714482 0.21694875 0.0021694875
0.20745397 0.21260233 0.0021260233
0.20776312 0.20930414 0.0020930414
0.20807226 0.20433567 0.0020433567
0.20838141 0.20841288 0.0020841288
0.20869055 0.20325336 0.0020325336
0.2089997 0.20535089 0.0020535089
0.20930884 0.19670677 0.0019670677
0.20961798 0.1967514 0.001967514
0.20992712 0.1966714 0.001966714
0.21023626 0.18981263 0.0018981263
0.2105454 0.18709111 0.0018709111
0.21085454 0.18829184 0.0018829184
0.21116367 0.18673901 0.0018673901
0.21147281 0.1837115 0.001837115
0.21178194 0.17728219 0.0017728219
0.21209107 0.17883001 0.0017883001
0.21240021 0.17876667 0.0017876667
0.21270934 0.17691728 0.0017691728
0.21301846 0.17149721 0.0017149721
0.21332759 0.17014639 0.0017014639
0.21363672 0.16782475 0.0016782475
0.21394584 0.16600735 0.0016600735
0.21425497 0.16656289 0.0016656289
0.21456409 0.16204824 0.0016204824
0.21487321 0.15787483 0.0015787483
0.21518234 0.15983403 0.0015983403
0.21549145 0.1583495 0.001583495
0.21580057 0.15222926 0.0015222926
0.21610969 0.15211683 0.0015211683
0.21641881 0.14983868 0.0014983868
0.21672792 0.15056075 0.0015056075
0.21703704 0.15064714 0.0015064714
0.21734615 0.14274818 0.0014274818
0.21765526 0.14295854 0.0014295854
0.21796437 0.14103337 0.0014103337
0.21827348 0.13573737 0.0013573737
0.21858259 0.13804371 0.0013804371
0.21889169 0.13571407 0.0013571407
0.2192008 0.13527046 0.0013527046
0.2195099 0.13661159 0.0013661159
0.21981901 0.13037174 0.0013037174
0.22012811 0.13387626 0.0013387626
0.22043721 0.12766547 0.0012766547
0.22074631 0.12909841 0.0012909841
0.22105541 0.12730585 0.0012730585
0.2213645 0.1245511 0.001245511
0.2216736 0.1198213 0.001198213
0.22198269 0.11968797 0.0011968797
0.22229179 0.11989608 0.0011989608
0.22260088 0.11748865 0.0011748865
0.22290997 0.11690271 0.0011690271
0.22321906 0.11633785 0.0011633785
0.22352815 0.11591496 0.0011591496
0.22383724 0.11533826 0.0011533826
0.22414632 0.11878596 0.0011878596
0.22445541 0.13002774 0.0013002774
0.22476449 0.16291895 0.0016291895
0.22507357 0.21355458 0.0021355458
0.22538265 0.22507775 0.0022507775
0.22569174 0.16848732 0.0016848732
0.22600081 0.12092851 0.0012092851
0.22630989 0.10951608 0.0010951608
0.22661897 0.10309012 0.0010309012
0.22692804 0.095653344 0.00095653344
0.22723712 0.097352264 0.00097352264
0.22754619 0.095909343 0.00095909343
0.22785526 0.094955504 0.00094955504
0.22816433 0.093273898 0.00093273898
0.2284734 0.094035456 0.00094035456
0.22878247 0.092733552 0.00092733552
0.22909153 0.090729355 0.00090729355
0.2294006 0.092523328 0.00092523328
0.22970966 0.093372422 0.00093372422
0.23001873 0.092810333 0.00092810333
0.23032779 0.086775423 0.00086775423
0.23063685 0.087177035 0.00087177035
0.23094591 0.081629137 0.00081629137
0.23125496 0.082545851 0.00082545851
0.23156402 0.082657453 0.00082657453
0.23187308 0.080221758 0.00080221758
0.23218213 0.078408923 0.00078408923
0.23249118 0.07524213 0.0007524213
0.23280023 0.076124049 0.00076124049
0.23310928 0.074815016 0.00074815016
0.23341833 0.071119098 0.00071119098
0.23372738 0.071631146 0.00071631146
0.23403643 0.069885573 0.00069885573
0.23434547 0.07355816 0.0007355816
0.23465451 0.072123263 0.00072123263
0.23496356 0.070167344 0.00070167344
0.2352726 0.069535249 0.00069535249
0.23558164 0.071325926 0.00071325926
0.23589068 0.06602891 0.0006602891
0.23619971 0.068135896 0.00068135896
0.23650875 0.068306921 0.00068306921
0.23681778 0.064916367 0.00064916367
0.23712682 0.062193854 0.00062193854
0.23743585 0.066265694 0.00066265694
0.23774488 0.059603874 0.00059603874
0.23805391 0.060836988 0.00060836988
0.23836294 0.061551534 0.00061551534
0.23867197 0.059855106 0.00059855106
0.23898099 0.05974013 0.0005974013
0.23929002 0.056587723 0.00056587723
0.23959904 0.056924748 0.00056924748
0.23990806 0.05379698 0.0005379698
0.24021708 0.058936055 0.00058936055
0.2405261 0.058533748 0.00058533748
0.24083512 0.056993646 0.00056993646
0.24114413 0.056639418 0.00056639418
0.24145315 0.054575525 0.00054575525
0.24176216 0.053562172 0.00053562172
0.24207118 0.054720459 0.00054720459
0.24238019 0.063360308 0.00063360308
0.2426892 0.080034503 0.00080034503
0.24299821 0.12903075 0.0012903075
0.24330721 0.21197415 0.0021197415
0.24361622 0.22940624 0.0022940624
0.24392522 0.14435944 0.0014435944
0.24423423 0.082272252 0.00082272252
0.24454323 0.058850673 0.00058850673
0.24485223 0.050298338 0.00050298338
0.24516123 0.047561102 0.00047561102
0.24547023 0.049432408 0.00049432408
0.24577922 0.046257499 0.00046257499
0.24608822 0.046082754 0.00046082754
0.24639721 0.04295717 0.0004295717
0.24670621 0.039774214 0.00039774214
0.2470152 0.044095647 0.00044095647
0.24732419 0.043070116 0.00043070116
0.24763318 0.042664068 0.00042664068
0.24794216 0.044620807 0.00044620807
0.24825115 0.045306862 0.00045306862
0.24856013 0.039107596 0.00039107596
0.24886912 0.045284269 0.00045284269
0.2491781 0.041670061 0.00041670061
0.24948708 0.040015577 0.00040015577
0.24979606 0.039004664 0.00039004664
0.25010504 0.042013207 0.00042013207
0.25041401 0.044911527 0.00044911527
0.25072299 0.044566079 0.00044566079
0.25103196 0.063967664 0.00063967664
0.25134093 0.11154268 0.0011154268
0.2516499 0.1931992 0.001931992
0.25195887 0.23724565 0.0023724565
0.25226784 0.15453165 0.0015453165
0.25257681 0.068799117 0.00068799117
0.25288577 0.046252987 0.00046252987
0.25319474 0.041456627 0.00041456627
0.2535037 0.039838277 0.00039838277
0.25381266 0.036400094 0.00036400094
0.25412162 0.036621847 0.00036621847
0.25443058 0.035070938 0.00035070938
0.25473954 0.036141895 0.00036141895
0.25504849 0.029634175 0.00029634175
0.25535745 0.035152337 0.00035152337
0.2556664 0.03389716 0.0003389716
0.25597535 0.031353958 0.00031353958
0.2562843 0.036028744 0.00036028744
0.25659325 0.033049116 0.00033049116
0.2569022 0.033698477 0.00033698477
0.25721115 0.027587431 0.00027587431
0.25752009 0.031593492 0.00031593492
0.25782903 0.033466522 0.00033466522
0.25813798 0.028779645 0.00028779645
0.25844692 0.030393874 0.00030393874
0.25875585 0.029438469 0.00029438469
0.25906479 0.031901581 0.00031901581
0.25937373 0.029791411 0.00029791411
0.25968266 0.031586122 0.00031586122
0.2599916 0.027383092 0.00027383092
0.26030053 0.030747972 0.00030747972
0.26060946 0.029784179 0.00029784179
0.26091839 0.027045685 0.00027045685
0.26122732 0.028080286 0.00028080286
0.26153624 0.028144003 0.00028144003
0.26184517 0.029843682 0.00029843682
0.26215409 0.030062401 0.00030062401
0.26246301 0.025960819 0.00025960819
0.26277193 0.025604457 0.00025604457
0.26308085 0.025041101 0.00025041101
0.26338977 0.028462112 0.00028462112
0.26369869 0.025939543 0.00025939543
0.2640076 0.028295676 0.00028295676
0.26431651 0.02831669 0.0002831669
0.26462543 0.026472495 0.00026472495
0.26493434 0.024594411 0.00024594411
0.26524325 0.028454274 0.00028454274
0.26555215 0.026590248 0.00026590248
0.26586106 0.026574032 0.00026574032
0.26616996 0.03089025 0.0003089025
0.26647887 0.024545619 0.00024545619
0.26678777 0.02558554 0.0002558554
0.26709667 0.026741833 0.00026741833
0.26740557 0.025392288 0.00025392288
0.26771447 0.023416498 0.00023416498
0.26802336 0.024617033 0.00024617033
0.26833226 0.024741849 0.00024741849
0.26864115 0.025274168 0.00025274168
0.26895004 0.023668503 0.00023668503
0.26925893 0.022993283 0.00022993283
0.26956782 0.023376745 0.00023376745
0.26987671 0.024119944 0.00024119944
0.27018559 0.021805254 0.00021805254
0.27049448 0.024954288 0.00024954288
0.27080336 0.025827079 0.00025827079
0.27111224 0.019495718 0.00019495718
0.27142112 0.021641933 0.00021641933
0.27173 0.025973332 0.00025973332
0.27203888 0.024326696 0.00024326696
0.27234775 0.025567423 0.00025567423
0.27265663 0.025120582 0.00025120582
0.2729655 0.022698867 0.00022698867
0.27327437 0.024245117 0.00024245117
0.27358324 0.026997728 0.00026997728
0.27389211 0.022094142 0.00022094142
0.27420098 0.021908348 0.00021908348
0.27450984 0.024792795 0.00024792795
0.2748187 0.022855163 0.00022855163
0.27512757 0.02183869 0.0002183869
0.27543643 0.028200114 0.00028200114
0.27574529 0.017926418 0.00017926418
0.27605414 0.024135858 0.00024135858
0.276363 0.027144159 0.00027144159
0.27667185 0.026703455 0.00026703455
0.27698071 0.023980412 0.00023980412
0.27728956 0.029264687 0.00029264687
0.27759841 0.027192593 0.00027192593
0.27790726 0.024170874 0.00024170874
0.2782161 0.02882939 0.0002882939
0.27852495 0.036637789 0.00036637789
0.27883379 0.055541298 0.00055541298
0.27914264 0.10204026 0.0010204026
0.27945148 0.24659452 0.0024659452
0.27976032 0.56820298 0.0056820298
0.28006915 0.51948708 0.0051948708
0.28037799 0.22881319 0.0022881319
0.28068683 0.092673434 0.00092673434
0.28099566 0.048414062 0.00048414062
0.28130449 0.038684653 0.00038684653
0.28161332 0.025158559 0.00025158559
0.28192215 0.030542672 0.00030542672
0.28223098 0.023547589 0.00023547589
0.2825398 0.028771216 0.00028771216
0.28284863 0.024504501 0.00024504501
0.28315745 0.02375505 0.0002375505
0.28346627 0.02322796 0.0002322796
0.28377509 0.018334221 0.00018334221
0.28408391 0.019532527 0.00019532527
0.28439272 0.020475353 0.00020475353
0.28470154 0.017577148 0.00017577148
0.28501035 0.019555863 0.00019555863
0.28531916 0.02071777 0.0002071777
0.28562797 0.020413 0.00020413
0.28593678 0.024505416 0.00024505416
0.28624559 0.030542919 0.00030542919
0.2865544 0.048612343 0.00048612343
0.2868632 0.085131584 0.00085131584
0.287172 0.12723007 0.0012723007
0.2874808 0.098089004 0.00098089004
0.2877896 0.047572709 0.00047572709
0.2880984 0.030486835 0.00030486835
0.2884072 0.025337429 0.00025337429
0.28871599 0.024584945 0.00024584945
0.28902478 0.020215844 0.00020215844
0.28933358 0.018072386 0.00018072386
0.28964237 0.019608634 0.00019608634
0.28995115 0.02 0.0002
0.29025994 0.020579158 0.00020579158
0.29056873 0.022155533 0.00022155533
0.29087751 0.024630916 0.00024630916
0.29118629 0.02399413 0.0002399413
0.29149507 0.019849728 0.00019849728
0.29180385 0.024147967 0.00024147967
0.29211263 0.019892221 0.00019892221
0.2924214 0.021014134 0.00021014134
0.29273018 0.02074611 0.0002074611
0.29303895 0.020643586 0.00020643586
0.29334772 0.019455336 0.00019455336
0.29365649 0.022212644 0.00022212644
0.29396526 0.020879509 0.00020879509
0.29427402 0.018637327 0.00018637327
0.29458279 0.022255194 0.00022255194
0.29489155 0.022942867 0.00022942867
0.29520031 0.021654095 0.00021654095
0.29550907 0.019760439 0.00019760439
0.29581783 0.023121354 0.00023121354
0.29612659 0.021726107 0.00021726107
0.29643534 0.02046271 0.0002046271
0.2967441 0.017349537 0.00017349537
0.29705285 0.023635932 0.00023635932
0.2973616 0.018102773 0.00018102773
0.29767035 0.019321884 0.00019321884
0.29797909 0.018150316 0.00018150316
0.29828784 0.022611404 0.00022611404
0.29859658 0.016874948 0.00016874948
0.29890532 0.019530454 0.00019530454
0.29921406 0.020589246 0.00020589246
0.2995228 0.020094127 0.00020094127
0.29983154 0.023425744 0.00023425744
