0.010027023 0 1e-06
0.010059664 0 1e-06
0.010268595 0 1e-06
0.010369191 0 1e-06
0.010515988 0 1e-06
0.010678719 0 1e-06
0.010769341 0 1e-06
0.010988246 0 1e-06
0.011028797 0 1e-06
0.011294505 0 1e-06
0.011297773 0 1e-06
0.011566613 0 1e-06
0.0116073 0 1e-06
0.011845278 0 1e-06
0.011916828 0 1e-06
0.012130656 0 1e-06
0.012226355 0 1e-06
0.01242291 0 1e-06
0.012535882 0 1e-06
0.012722205 0 1e-06
0.012845409 0 1e-06
0.01302871 0 1e-06
0.013154936 0 1e-06
0.0133426 0 1e-06
0.013464463 0 1e-06
0.013664051 0 1e-06
0.013773989 0 1e-06
0.013993248 0 1e-06
0.014083516 0 1e-06
0.014330375 0 1e-06
0.014393043 0 1e-06
0.014675625 0 1e-06
0.014702569 0 1e-06
0.015012096 0 1e-06
0.015029192 0 1e-06
0.015321622 0 1e-06
0.015391278 0 1e-06
0.015631148 0 1e-06
0.015762087 0 1e-06
0.015940675 0 1e-06
0.01614183 0 1e-06
0.016250201 0.0096149914 9.6149914e-05
0.016530721 0.01876471 0.0001876471
0.016559727 0.019845216 0.00019845216
0.016869253 0.047450885 0.00047450885
0.016928982 0.051558726 0.00051558726
0.017178779 0.068134952 0.00068134952
0.017336837 0.078216402 0.00078216402
0.017488304 0.087305856 0.00087305856
0.017754519 0.094099221 0.00094099221
0.01779783 0.095062172 0.00095062172
0.018107355 0.097688522 0.00097688522
0.018182263 0.10069702 0.0010069702
0.018416881 0.11069478 0.0011069478
0.018620313 0.11491969 0.0011491969
0.018726406 0.1173643 0.001173643
0.019035932 0.13533699 0.0013533699
0.019068917 0.13657311 0.0013657311
0.019345457 0.14651883 0.0014651883
0.019528328 0.15368208 0.0015368208
0.019654982 0.15812188 0.0015812188
0.019964507 0.15770173 0.0015770173
0.019998807 0.15749138 0.0015749138
0.020274032 0.15494112 0.0015494112
0.020480622 0.15091971 0.0015091971
0.020583556 0.1506239 0.001506239
0.020893081 0.20539355 0.0020539355
0.020974044 0.20139179 0.0020139179
0.021202605 0.18541737 0.0018541737
0.021479354 0.18061271 0.0018061271
0.02151213 0.1803391 0.001803391
0.021821654 0.18638274 0.0018638274
0.021996838 0.19181795 0.0019181795
0.022131178 0.19630624 0.0019630624
0.022440702 0.21378251 0.0021378251
0.022526789 0.21210745 0.0021210745
0.022750226 0.20752559 0.0020752559
0.02305975 0.22918844 0.0022918844
0.023069508 0.22869582 0.0022869582
0.023369274 0.21203639 0.0021203639
0.023625302 0.22608494 0.0022608494
0.023678797 0.22923065 0.0022923065
0.023988321 0.22762874 0.0022762874
0.024194486 0.23910768 0.0023910768
0.024297844 0.24392259 0.0024392259
0.024607367 0.21741114 0.0021741114
0.024777383 0.21509578 0.0021509578
0.02491689 0.2146777 0.002146777
0.025226413 0.23367794 0.0023367794
0.025374324 0.23490888 0.0023490888
0.025535936 0.23573415 0.0023573415
0.025845458 0.24059457 0.0024059457
0.025985646 0.24141775 0.0024141775
0.026154981 0.24242551 0.0024242551
0.026464503 0.24506151 0.0024506151
0.026611696 0.24839427 0.0024839427
0.026774025 0.25161556 0.0025161556
0.027083547 0.23832857 0.0023832857
0.027252829 0.24305383 0.0024305383
0.027393069 0.2473053 0.002473053
0.027702591 0.25120139 0.0025120139
0.027909409 0.24846666 0.0024846666
0.028012112 0.24724818 0.0024724818
0.028321634 0.24860211 0.0024860211
0.028581806 0.2604819 0.002604819
0.028631155 0.26249603 0.0026249603
0.028940676 0.25855209 0.0025855209
0.029250197 0.24875149 0.0024875149
0.029270403 0.24934053 0.0024934053
0.029559718 0.2590755 0.002590755
0.029869238 0.25974173 0.0025974173
0.02997559 0.26013811 0.0026013811
0.030178759 0.26060812 0.0026060812
0.030488279 0.26918185 0.0026918185
0.030697767 0.26384639 0.0026384639
0.030797799 0.26115448 0.0026115448
0.031107319 0.26196632 0.0026196632
0.031416839 0.2601594 0.002601594
0.031437342 0.26031326 0.0026031326
0.031726359 0.26278852 0.0026278852
0.032035878 0.26238572 0.0026238572
0.032194735 0.2621867 0.002621867
0.032345397 0.26206594 0.0026206594
0.032654916 0.26136277 0.0026136277
0.032964435 0.26633474 0.0026633474
0.032970376 0.26652404 0.0026652404
0.033273954 0.27620371 0.0027620371
0.033583473 0.268577 0.00268577
0.033764703 0.27102307 0.0027102307
0.033892991 0.27250997 0.0027250997
0.034202509 0.26326131 0.0026326131
0.034512027 0.26664271 0.0026664271
0.034578168 0.26477085 0.0026477085
0.034821545 0.25837511 0.0025837511
0.035131063 0.26623207 0.0026623207
0.03541123 0.27020338 0.0027020338
0.03544058 0.27056855 0.0027056855
0.035750097 0.27714398 0.0027714398
0.036059614 0.27120299 0.0027120299
0.036264363 0.26532265 0.0026532265
0.036369131 0.26259671 0.0026259671
0.036678648 0.27101979 0.0027101979
0.036988164 0.27927627 0.0027927627
0.037138049 0.2767976 0.002767976
0.03729768 0.27363189 0.0027363189
0.037607196 0.2780332 0.002780332
0.037916712 0.26627642 0.0026627642
0.038032785 0.26793564 0.0026793564
0.038226228 0.27146181 0.0027146181
0.038535743 0.27416547 0.0027416547
0.038845259 0.28605076 0.0028605076
0.038949077 0.28401065 0.0028401065
0.039154774 0.27933876 0.0027933876
0.039464288 0.26885166 0.0026885166
0.039773803 0.28050553 0.0028050553
0.039887444 0.28039756 0.0028039756
0.040083317 0.28007843 0.0028007843
0.040392831 0.27352383 0.0027352383
0.040702345 0.27491872 0.0027491872
0.040848418 0.2721054 0.002721054
0.041011859 0.26906322 0.0026906322
0.041321372 0.27579853 0.0027579853
0.041630886 0.27088297 0.0027088297
0.041832544 0.26807843 0.0026807843
0.041940399 0.26662702 0.0026662702
0.042249911 0.27162071 0.0027162071
0.042559424 0.27346824 0.0027346824
0.04284038 0.26710135 0.0026710135
0.042868936 0.26649795 0.0026649795
0.043178448 0.27182586 0.0027182586
0.04348796 0.26249982 0.0026249982
0.043797472 0.27739026 0.0027739026
0.043872497 0.27711225 0.0027711225
0.044106983 0.27570036 0.0027570036
0.044416494 0.2663195 0.002663195
0.044726005 0.26638459 0.0026638459
0.04492948 0.2702545 0.002702545
0.045035516 0.27236047 0.0027236047
0.045345026 0.27712592 0.0027712592
0.045654536 0.26550664 0.0026550664
0.045964046 0.26952923 0.0026952923
0.046011928 0.26962457 0.0026962457
0.046273556 0.26995178 0.0026995178
0.046583065 0.27167942 0.0027167942
0.046892575 0.26385756 0.0026385756
0.047120454 0.26321204 0.0026321204
0.047202083 0.26308731 0.0026308731
0.047511592 0.26675464 0.0026675464
0.0478211 0.26920425 0.0026920425
0.048130609 0.26882697 0.0026882697
0.048255688 0.26693611 0.0026693611
0.048440116 0.26398205 0.0026398205
0.048749624 0.26873973 0.0026873973
0.049059131 0.26829975 0.0026829975
0.049368638 0.26297322 0.0026297322
0.049418271 0.26347099 0.0026347099
0.049678145 0.26620389 0.0026620389
0.049987652 0.26950679 0.0026950679
0.050297158 0.26698926 0.0026698926
0.050606664 0.26391697 0.0026391697
0.050608864 0.26393964 0.0026393964
0.05091617 0.26701163 0.0026701163
0.051225675 0.26490907 0.0026490907
0.05153518 0.26420712 0.0026420712
0.05182814 0.26176836 0.0026176836
0.051844685 0.26163646 0.0026163646
0.05215419 0.26081172 0.0026081172
0.052463694 0.26130846 0.0026130846
0.052773198 0.25808576 0.0025808576
0.053076791 0.2625845 0.002625845
0.053082702 0.26267261 0.0026267261
0.053392205 0.25840342 0.0025840342
0.053701708 0.26652463 0.0026652463
0.054011211 0.26365251 0.0026365251
0.054320713 0.2644809 0.002644809
0.054355526 0.26427661 0.0026427661
0.054630216 0.26234366 0.0026234366
0.054939718 0.25429892 0.0025429892
0.055249219 0.25864193 0.0025864193
0.055558721 0.25518054 0.0025518054
0.055665067 0.25526539 0.0025526539
0.055868222 0.25571158 0.0025571158
0.056177722 0.26107717 0.0026107717
0.056487223 0.25764753 0.0025764753
0.056796723 0.25830714 0.0025830714
0.057006158 0.25912189 0.0025912189
0.057106223 0.25942876 0.0025942876
0.057415722 0.25541187 0.0025541187
0.057725221 0.25141296 0.0025141296
0.05803472 0.24992694 0.0024992694
0.058344219 0.25534685 0.0025534685
0.058379559 0.25516572 0.0025516572
0.058653717 0.25391673 0.0025391673
0.058963215 0.25457047 0.0025457047
0.059272713 0.25344494 0.0025344494
0.05958221 0.25596646 0.0025596646
0.059786049 0.25668263 0.0025668263
0.059891707 0.25696024 0.0025696024
0.060201203 0.25310845 0.0025310845
0.0605107 0.24732266 0.0024732266
0.060820196 0.25089419 0.0025089419
0.061129691 0.24849738 0.0024849738
0.061226423 0.24939807 0.0024939807
0.061439187 0.25152447 0.0025152447
0.061748681 0.24879367 0.0024879367
0.062058176 0.24774237 0.0024774237
0.06236767 0.24525466 0.0024525466
0.062677164 0.24897687 0.0024897687
0.0627015 0.2488832 0.002488832
0.062986658 0.24759768 0.0024759768
0.063296151 0.24290263 0.0024290263
0.063605644 0.2457695 0.002457695
0.063915137 0.24325575 0.0024325575
0.064212114 0.24143557 0.0024143557
0.064224629 0.24136546 0.0024136546
0.064534121 0.24219497 0.0024219497
0.064843612 0.2427215 0.002427215
0.065153103 0.24021164 0.0024021164
0.065462594 0.24445323 0.0024445323
0.065759122 0.23949744 0.0023949744
0.065772085 0.23928086 0.0023928086
0.066081575 0.24400422 0.0024400422
0.066391064 0.23965737 0.0023965737
0.066700554 0.24025394 0.0024025394
0.067010043 0.23981774 0.0023981774
0.067319531 0.23747162 0.0023747162
0.0673434 0.23758693 0.0023758693
0.06762902 0.23893985 0.0023893985
0.067938508 0.23911345 0.0023911345
0.068247995 0.23580625 0.0023580625
0.068557482 0.23304584 0.0023304584
0.068866969 0.23542156 0.0023542156
0.068965848 0.2345065 0.002345065
0.069176455 0.23258203 0.0023258203
0.069485941 0.23400294 0.0023400294
0.069795427 0.23478886 0.0023478886
0.070104912 0.23022407 0.0023022407
0.070414397 0.23263489 0.0023263489
0.070627384 0.23271419 0.0023271419
0.070723882 0.2327264 0.002327264
0.071033366 0.23203367 0.0023203367
0.07134285 0.2337113 0.002337113
0.071652333 0.22712318 0.0022712318
0.071961816 0.23012398 0.0023012398
0.072271298 0.22808714 0.0022808714
0.072328949 0.22797508 0.0022797508
0.07258078 0.22751547 0.0022751547
0.072890262 0.22828759 0.0022828759
0.073199744 0.22900695 0.0022900695
0.073509225 0.22664557 0.0022664557
0.073818705 0.22141123 0.0022141123
0.074071509 0.2245719 0.002245719
0.074128185 0.22527106 0.0022527106
0.074437665 0.22097488 0.0022097488
0.074747144 0.22309276 0.0022309276
0.075056623 0.22235896 0.0022235896
0.075366102 0.22439636 0.0022439636
0.07567558 0.22042442 0.0022042442
0.075856051 0.21900608 0.0021900608
0.075985058 0.21802731 0.0021802731
0.076294535 0.2191178 0.002191178
0.076604012 0.21908242 0.0021908242
0.076913488 0.2171462 0.002171462
0.077222964 0.21547613 0.0021547613
0.07753244 0.21413298 0.0021413298
0.077683587 0.21675231 0.0021675231
0.077841915 0.21947159 0.0021947159
0.07815139 0.21479062 0.0021479062
0.078460864 0.21436854 0.0021436854
0.078770338 0.21218167 0.0021218167
0.079079812 0.21288364 0.0021288364
0.079389285 0.21254271 0.0021254271
0.079555152 0.2124357 0.002124357
0.079698757 0.21236574 0.0021236574
0.080008229 0.21095339 0.0021095339
0.080317701 0.21028746 0.0021028746
0.080627172 0.20909365 0.0020909365
0.080936643 0.2115833 0.002115833
0.081246114 0.20968003 0.0020968003
0.081471807 0.21010871 0.0021010871
0.081555584 0.21024308 0.0021024308
0.081865053 0.20316852 0.0020316852
0.082174522 0.20740465 0.0020740465
0.082483991 0.20530227 0.0020530227
0.082793459 0.20226889 0.0020226889
0.083102927 0.2020713 0.002020713
0.083412394 0.20378774 0.0020378774
0.083434638 0.20366435 0.0020366435
0.083721861 0.20210764 0.0020210764
0.084031327 0.1994406 0.001994406
0.084340793 0.20114955 0.0020114955
0.084650259 0.19775763 0.0019775763
0.084959724 0.19802343 0.0019802343
0.085269188 0.20074874 0.0020074874
0.085444758 0.19887396 0.0019887396
0.085578652 0.19744903 0.0019744903
0.085888116 0.19676152 0.0019676152
0.086197579 0.19715316 0.0019715316
0.086507042 0.19471186 0.0019471186
0.086816504 0.19343478 0.0019343478
0.087125966 0.19395662 0.0019395662
0.087435427 0.19399584 0.0019399584
0.087503306 0.19450176 0.0019450176
0.087744888 0.196284 0.00196284
0.088054348 0.19237059 0.0019237059
0.088363808 0.19025055 0.0019025055
0.088673267 0.19243398 0.0019243398
0.088982726 0.18976014 0.0018976014
0.089292184 0.1897094 0.001897094
0.089601642 0.18894992 0.0018894992
0.089611449 0.18885348 0.0018885348
0.089911099 0.18598032 0.0018598032
0.090220556 0.18548361 0.0018548361
0.090530013 0.18705069 0.0018705069
0.090839469 0.18633052 0.0018633052
0.091148924 0.18696888 0.0018696888
0.091458379 0.18399768 0.0018399768
0.091767833 0.18679981 0.0018679981
0.091770381 0.18676071 0.0018676071
0.092077287 0.18197773 0.0018197773
0.092386741 0.18183028 0.0018183028
0.092696194 0.18244531 0.0018244531
0.093005646 0.18346662 0.0018346662
0.093315098 0.18139975 0.0018139975
0.093624549 0.17899088 0.0017899088
0.093934 0.18165487 0.0018165487
0.093981327 0.18097531 0.0018097531
0.09424345 0.1771566 0.001771566
0.0945529 0.17827462 0.0017827462
0.09486235 0.17670027 0.0017670027
0.095171798 0.17626235 0.0017626235
0.095481247 0.17270363 0.0017270363
0.095790694 0.17237572 0.0017237572
0.096100142 0.1725905 0.001725905
0.09624554 0.17167497 0.0017167497
0.096409588 0.17073067 0.0017073067
0.096719035 0.17105668 0.0017105668
0.09702848 0.17059673 0.0017059673
0.097337925 0.1695829 0.001695829
0.09764737 0.17250596 0.0017250596
0.097956814 0.16905474 0.0016905474
0.098266257 0.16905742 0.0016905742
0.098564302 0.17089044 0.0017089044
0.0985757 0.17095514 0.0017095514
0.098885143 0.16517699 0.0016517699
0.099194585 0.16730551 0.0016730551
0.099504026 0.16653239 0.0016653239
0.099813467 0.16731558 0.0016731558
0.10012291 0.16629702 0.0016629702
0.10043235 0.1648767 0.001648767
0.10074179 0.16351702 0.0016351702
0.10093893 0.16225794 0.0016225794
0.10105122 0.16156433 0.0016156433
0.10136066 0.16030856 0.0016030856
0.1016701 0.15771932 0.0015771932
0.10197954 0.16007664 0.0016007664
0.10228897 0.15771952 0.0015771952
0.10259841 0.15669815 0.0015669815
0.10290785 0.15633147 0.0015633147
0.10321728 0.15652149 0.0015652149
0.10337076 0.15697389 0.0015697389
0.10352671 0.1574221 0.001574221
0.10383615 0.15508547 0.0015508547
0.10414558 0.15627334 0.0015627334
0.10445501 0.15423334 0.0015423334
0.10476445 0.15181086 0.0015181086
0.10507388 0.15044165 0.0015044165
0.10538331 0.1525418 0.001525418
0.10569274 0.14871616 0.0014871616
0.10586119 0.1502541 0.001502541
0.10600217 0.15154378 0.0015154378
0.1063116 0.15037422 0.0015037422
0.10662102 0.14943047 0.0014943047
0.10693045 0.14805607 0.0014805607
0.10723988 0.1472492 0.001472492
0.10754931 0.14817106 0.0014817106
0.10785873 0.14547729 0.0014547729
0.10816816 0.14574772 0.0014574772
0.10841161 0.14370972 0.0014370972
0.10847758 0.14316203 0.0014316203
0.10878701 0.14494689 0.0014494689
0.10909643 0.14046896 0.0014046896
0.10940585 0.14331744 0.0014331744
0.10971528 0.1403257 0.001403257
0.1100247 0.14216343 0.0014216343
0.11033412 0.14114881 0.0014114881
0.11064354 0.14021865 0.0014021865
0.11095296 0.13802186 0.0013802186
0.11102348 0.13825233 0.0013825233
0.11126238 0.13903687 0.0013903687
0.1115718 0.13830908 0.0013830908
0.11188122 0.13946984 0.0013946984
0.11219064 0.13543369 0.0013543369
0.11250005 0.13469468 0.0013469468
0.11280947 0.13561739 0.0013561739
0.11311889 0.1340545 0.001340545
0.1134283 0.13312639 0.0013312639
0.11369828 0.13296679 0.0013296679
0.11373772 0.13294721 0.0013294721
0.11404713 0.13256923 0.0013256923
0.11435654 0.13316337 0.0013316337
0.11466596 0.1311507 0.001311507
0.11497537 0.13317983 0.0013317983
0.11528478 0.12986785 0.0012986785
0.11559419 0.13151065 0.0013151065
0.1159036 0.13093187 0.0013093187
0.11621301 0.12962934 0.0012962934
0.11643751 0.12936082 0.0012936082
0.11652242 0.12923979 0.0012923979
0.11683183 0.1276734 0.001276734
0.11714124 0.12797943 0.0012797943
0.11745064 0.12570172 0.0012570172
0.11776005 0.12370167 0.0012370167
0.11806945 0.12557661 0.0012557661
0.11837886 0.12311057 0.0012311057
0.11868826 0.1233378 0.001233378
0.11899767 0.12205393 0.0012205393
0.11924274 0.12117619 0.0012117619
0.11930707 0.12095689 0.0012095689
0.11961647 0.12098038 0.0012098038
0.11992588 0.11992975 0.0011992975
0.12023528 0.11781571 0.0011781571
0.12054468 0.11726756 0.0011726756
0.12085408 0.12115662 0.0012115662
0.12116348 0.11900781 0.0011900781
0.12147288 0.1213391 0.001213391
0.12178227 0.11753434 0.0011753434
0.12209167 0.11625713 0.0011625713
0.12211556 0.11624998 0.0011624998
0.12240107 0.11615885 0.0011615885
0.12271046 0.11641155 0.0011641155
0.12301986 0.11564111 0.0011564111
0.12332925 0.11427025 0.0011427025
0.12363865 0.1138005 0.001138005
0.12394804 0.11331735 0.0011331735
0.12425743 0.11178445 0.0011178445
0.12456683 0.1144873 0.001144873
0.12487622 0.11076559 0.0011076559
0.12505758 0.11077548 0.0011077548
0.12518561 0.11078168 0.0011078168
0.125495 0.11094548 0.0011094548
0.12580439 0.11125764 0.0011125764
0.12611377 0.10845456 0.0010845456
0.12642316 0.10833937 0.0010833937
0.12673255 0.10980931 0.0010980931
0.12704194 0.10690648 0.0010690648
0.12735132 0.10685694 0.0010685694
0.12766071 0.10752874 0.0010752874
0.12797009 0.10550959 0.0010550959
0.12807049 0.10504263 0.0010504263
0.12827947 0.10406855 0.0010406855
0.12858886 0.10700866 0.0010700866
0.12889824 0.10495758 0.0010495758
0.12920762 0.10261282 0.0010261282
0.129517 0.1025685 0.001025685
0.12982638 0.10188545 0.0010188545
0.13013576 0.10194901 0.0010194901
0.13044514 0.099430942 0.00099430942
0.13075452 0.10137194 0.0010137194
0.1310639 0.098069618 0.00098069618
0.13115598 0.098973918 0.00098973918
0.13137327 0.10113706 0.0010113706
0.13168265 0.10011592 0.0010011592
0.13199202 0.099696419 0.00099696419
0.1323014 0.096368945 0.00096368945
0.13261077 0.09998834 0.0009998834
0.13292015 0.09739658 0.0009739658
0.13322952 0.097116958 0.00097116958
0.13353889 0.098167464 0.00098167464
0.13384826 0.093832258 0.00093832258
0.13415763 0.09645975 0.0009645975
0.13431581 0.095703414 0.00095703414
0.134467 0.09495946 0.0009495946
0.13477637 0.09472091 0.0009472091
0.13508574 0.094283923 0.00094283923
0.1353951 0.091558234 0.00091558234
0.13570447 0.093737205 0.00093737205
0.13601383 0.093877165 0.00093877165
0.1363232 0.089631306 0.00089631306
0.13663256 0.090901809 0.00090901809
0.13694193 0.089229405 0.00089229405
0.13725129 0.090541897 0.00090541897
0.13755177 0.089223057 0.00089223057
0.13756065 0.089184909 0.00089184909
0.13787001 0.085182359 0.00085182359
0.13817937 0.088058194 0.00088058194
0.13848873 0.089973963 0.00089973963
0.13879809 0.085717366 0.00085717366
0.13910745 0.086900891 0.00086900891
0.13941681 0.087926057 0.00087926057
0.13972616 0.086304575 0.00086304575
0.14003552 0.086131178 0.00086131178
0.14034488 0.086042594 0.00086042594
0.14065423 0.083518618 0.00083518618
0.14086569 0.084731207 0.00084731207
0.14096358 0.085292198 0.00085292198
0.14127294 0.08379315 0.0008379315
0.14158229 0.08307671 0.0008307671
0.14189164 0.084065039 0.00084065039
0.14220099 0.08197351 0.0008197351
0.14251034 0.080519396 0.00080519396
0.14281969 0.081093983 0.00081093983
0.14312904 0.082033664 0.00082033664
0.14343838 0.07985424 0.0007985424
0.14374773 0.07904101 0.0007904101
0.14405708 0.080033548 0.00080033548
0.14425945 0.08004068 0.0008004068
0.14436642 0.080029822 0.00080029822
0.14467577 0.077751256 0.00077751256
0.14498511 0.080056069 0.00080056069
0.14529445 0.076308079 0.00076308079
0.14560379 0.076751389 0.00076751389
0.14591314 0.078662989 0.00078662989
0.14622248 0.076208404 0.00076208404
0.14653182 0.074902746 0.00074902746
0.14684115 0.074746238 0.00074746238
0.14715049 0.074526604 0.00074526604
0.14745983 0.073333617 0.00073333617
0.14773497 0.071906068 0.00071906068
0.14776917 0.071737457 0.00071737457
0.1480785 0.072640633 0.00072640633
0.14838784 0.071477763 0.00071477763
0.14869717 0.075673251 0.00075673251
0.1490065 0.07312925 0.0007312925
0.14931583 0.072545408 0.00072545408
0.14962517 0.073253714 0.00073253714
0.1499345 0.074076005 0.00074076005
0.15024383 0.06894705 0.0006894705
0.15055316 0.069709457 0.00069709457
0.15086248 0.070570221 0.00070570221
0.15117181 0.069325832 0.00069325832
0.15129422 0.070027061 0.00070027061
0.15148114 0.071076956 0.00071076956
0.15179046 0.068775892 0.00068775892
0.15209979 0.068937233 0.00068937233
0.15240911 0.069328859 0.00069328859
0.15271844 0.068428819 0.00068428819
0.15302776 0.069381337 0.00069381337
0.15333708 0.066679027 0.00066679027
0.1536464 0.068556677 0.00068556677
0.15395572 0.068328593 0.00068328593
0.15426504 0.066822101 0.00066822101
0.15457436 0.066076786 0.00066076786
0.15488367 0.065604738 0.00065604738
0.15493922 0.065265182 0.00065265182
0.15519299 0.063727822 0.00063727822
0.15550231 0.064229801 0.00064229801
0.15581162 0.066269691 0.00066269691
0.15612093 0.065287152 0.00065287152
0.15643025 0.062507547 0.00062507547
0.15673956 0.063936503 0.00063936503
0.15704887 0.062046745 0.00062046745
0.15735818 0.06206018 0.0006206018
0.15766749 0.065263248 0.00065263248
0.1579768 0.061921707 0.00061921707
0.15828611 0.060354327 0.00060354327
0.15859542 0.062093813 0.00062093813
0.15867204 0.061791096 0.00061791096
0.15890472 0.060862651 0.00060862651
0.15921403 0.059609465 0.00059609465
0.15952333 0.058758499 0.00058758499
0.15983264 0.058720041 0.00058720041
0.16014194 0.058629992 0.00058629992
0.16045124 0.05837939 0.0005837939
0.16076054 0.058263275 0.00058263275
0.16106984 0.058845101 0.00058845101
0.16137914 0.061529042 0.00061529042
0.16168844 0.059449531 0.00059449531
0.16199774 0.055801063 0.00055801063
0.16230703 0.058016368 0.00058016368
0.16249479 0.057170706 0.00057170706
0.16261633 0.056637686 0.00056637686
0.16292562 0.056812343 0.00056812343
0.16323492 0.054679648 0.00054679648
0.16354421 0.056341178 0.00056341178
0.1638535 0.056702422 0.00056702422
0.16416279 0.057977647 0.00057977647
0.16447208 0.055995993 0.00055995993
0.16478137 0.054175772 0.00054175772
0.16509066 0.053928048 0.00053928048
0.16539995 0.055150929 0.00055150929
0.16570924 0.054597689 0.00054597689
0.16601852 0.055005221 0.00055005221
0.16632781 0.056698538 0.00056698538
0.16640964 0.055665061 0.00055665061
0.16663709 0.052768607 0.00052768607
0.16694637 0.053836544 0.00053836544
0.16725566 0.051818044 0.00051818044
0.16756494 0.054279796 0.00054279796
0.16787422 0.051926679 0.00051926679
0.1681835 0.052067108 0.00052067108
0.16849278 0.048975699 0.00048975699
0.16880205 0.051800779 0.00051800779
0.16911133 0.052856106 0.00052856106
0.16942061 0.050808116 0.00050808116
0.16972988 0.049911088 0.00049911088
0.17003916 0.050508916 0.00050508916
0.17034843 0.051275779 0.00051275779
0.17041881 0.051157665 0.00051157665
0.1706577 0.050746597 0.00050746597
0.17096697 0.048230954 0.00048230954
0.17127624 0.048730626 0.00048730626
0.17158551 0.048258704 0.00048258704
0.17189478 0.045327674 0.00045327674
0.17220405 0.046980136 0.00046980136
0.17251331 0.04740669 0.0004740669
0.17282258 0.046927471 0.00046927471
0.17313184 0.047040284 0.00047040284
0.17344111 0.044458202 0.00044458202
0.17375037 0.046929553 0.00046929553
0.17405963 0.046529627 0.00046529627
0.17436889 0.045830228 0.00045830228
0.17452457 0.045338269 0.00045338269
0.17467815 0.044866703 0.00044866703
0.17498741 0.044285207 0.00044285207
0.17529667 0.046581875 0.00046581875
0.17560593 0.044954881 0.00044954881
0.17591518 0.043031959 0.00043031959
0.17622444 0.042608092 0.00042608092
0.17653369 0.045341097 0.00045341097
0.17684295 0.044476168 0.00044476168
0.1771522 0.04510249 0.0004510249
0.17746145 0.044286624 0.00044286624
0.1777707 0.043668645 0.00043668645
0.17807995 0.041378379 0.00041378379
0.1783892 0.044097446 0.00044097446
0.17869844 0.041829593 0.00041829593
0.17872924 0.041987985 0.00041987985
0.17900769 0.043444595 0.00043444595
0.17931694 0.042378349 0.00042378349
0.17962618 0.042556908 0.00042556908
0.17993542 0.039949699 0.00039949699
0.18024467 0.041051409 0.00041051409
0.18055391 0.041876211 0.00041876211
0.18086315 0.041825164 0.00041825164
0.18117239 0.041065629 0.00041065629
0.18148163 0.041815568 0.00041815568
0.18179086 0.0406227 0.000406227
0.1821001 0.040472795 0.00040472795
0.18240934 0.039395229 0.00039395229
0.18271857 0.039623603 0.00039623603
0.1830278 0.041245186 0.00041245186
0.18303521 0.041244198 0.00041244198
0.18333704 0.041187918 0.00041187918
0.18364627 0.04034535 0.0004034535
0.1839555 0.041328565 0.00041328565
0.18426473 0.039347993 0.00039347993
0.18457396 0.038882131 0.00038882131
0.18488318 0.040895418 0.00040895418
0.18519241 0.04104092 0.0004104092
0.18550164 0.038044874 0.00038044874
0.18581086 0.038137152 0.00038137152
0.18612009 0.03857384 0.0003857384
0.18642931 0.037604101 0.00037604101
0.18673853 0.037989172 0.00037989172
0.18704775 0.036393989 0.00036393989
0.18735697 0.03937179 0.0003937179
0.18744492 0.038802352 0.00038802352
0.18766619 0.037365375 0.00037365375
0.1879754 0.037658446 0.00037658446
0.18828462 0.037105219 0.00037105219
0.18859384 0.037446982 0.00037446982
0.18890305 0.035839715 0.00035839715
0.18921226 0.035559098 0.00035559098
0.18952148 0.035428112 0.00035428112
0.18983069 0.037399 0.00037399
0.1901399 0.034954918 0.00034954918
0.19044911 0.036761723 0.00036761723
0.19075832 0.037094236 0.00037094236
0.19106752 0.036136528 0.00036136528
0.19137673 0.034343478 0.00034343478
0.19168593 0.036249691 0.00036249691
0.19196087 0.035691921 0.00035691921
0.19199514 0.035624104 0.00035624104
0.19230434 0.03613552 0.0003613552
0.19261354 0.033374729 0.00033374729
0.19292274 0.034051675 0.00034051675
0.19323194 0.034193445 0.00034193445
0.19354114 0.035646045 0.00035646045
0.19385034 0.034351071 0.00034351071
0.19415954 0.033969865 0.00033969865
0.19446873 0.034890937 0.00034890937
0.19477793 0.032976521 0.00032976521
0.19508712 0.032893179 0.00032893179
0.19539631 0.033099749 0.00033099749
0.1957055 0.030582719 0.00030582719
0.19601469 0.034539974 0.00034539974
0.19632388 0.033119099 0.00033119099
0.19658562 0.034107105 0.00034107105
0.19663307 0.034281656 0.00034281656
0.19694226 0.034445755 0.00034445755
0.19725144 0.029736187 0.00029736187
0.19756063 0.033409994 0.00033409994
0.19786981 0.036458729 0.00036458729
0.19817899 0.033706941 0.00033706941
0.19848818 0.031313451 0.00031313451
0.19879736 0.031032305 0.00031032305
0.19910654 0.032260581 0.00032260581
0.19941572 0.031921322 0.00031921322
0.19972489 0.031312227 0.00031312227
0.20003407 0.030617237 0.00030617237
0.20034324 0.029416208 0.00029416208
0.20065242 0.031422532 0.00031422532
0.20096159 0.029574267 0.00029574267
0.20127076 0.028921455 0.00028921455
0.2013218 0.02933432 0.0002933432
0.20157993 0.03145027 0.0003145027
0.2018891 0.031136327 0.00031136327
0.20219827 0.029307897 0.00029307897
0.20250744 0.031100185 0.00031100185
0.20281661 0.02962618 0.0002962618
0.20312577 0.029736318 0.00029736318
0.20343493 0.029686742 0.00029686742
0.2037441 0.029589161 0.00029589161
0.20405326 0.032320834 0.00032320834
0.20436242 0.029198795 0.00029198795
0.20467158 0.030239305 0.00030239305
0.20498074 0.029050324 0.00029050324
0.2052899 0.030460903 0.00030460903
0.20559905 0.030658815 0.00030658815
0.20590821 0.029255558 0.00029255558
0.20617207 0.028061698 0.00028061698
0.20621736 0.027860926 0.00027860926
0.20652651 0.028609296 0.00028609296
0.20683567 0.03011219 0.0003011219
0.20714482 0.027575692 0.00027575692
0.20745397 0.029582159 0.00029582159
0.20776312 0.029009566 0.00029009566
0.20807226 0.028003442 0.00028003442
0.20838141 0.028655606 0.00028655606
0.20869055 0.02826453 0.0002826453
0.2089997 0.027947909 0.00027947909
0.20930884 0.027605235 0.00027605235
0.20961798 0.02746828 0.0002746828
0.20992712 0.027627868 0.00027627868
0.21023626 0.028320338 0.00028320338
0.2105454 0.026309178 0.00026309178
0.21085454 0.028595843 0.00028595843
0.2111392 0.029936125 0.00029936125
0.21116367 0.030047202 0.00030047202
0.21147281 0.027597002 0.00027597002
0.21178194 0.028706388 0.00028706388
0.21209107 0.028441506 0.00028441506
0.21240021 0.026910836 0.00026910836
0.21270934 0.026970403 0.00026970403
0.21301846 0.027872577 0.00027872577
0.21332759 0.026476713 0.00026476713
0.21363672 0.028976469 0.00028976469
0.21394584 0.027351045 0.00027351045
0.21425497 0.026239469 0.00026239469
0.21456409 0.025692437 0.00025692437
0.21487321 0.025501627 0.00025501627
0.21518234 0.026129971 0.00026129971
0.21549145 0.026104005 0.00026104005
0.21580057 0.028271806 0.00028271806
0.21610969 0.025276127 0.00025276127
0.216226 0.025839506 0.00025839506
0.21641881 0.026782479 0.00026782479
0.21672792 0.025541442 0.00025541442
0.21703704 0.027674613 0.00027674613
0.21734615 0.026351098 0.00026351098
0.21765526 0.02730541 0.0002730541
0.21796437 0.027927812 0.00027927812
0.21827348 0.025078791 0.00025078791
0.21858259 0.025227713 0.00025227713
0.21889169 0.026025797 0.00026025797
0.2192008 0.025667768 0.00025667768
0.2195099 0.02589568 0.0002589568
0.21981901 0.027941351 0.00027941351
0.22012811 0.028825007 0.00028825007
0.22043721 0.025572513 0.00025572513
0.22074631 0.025553148 0.00025553148
0.22105541 0.026067485 0.00026067485
0.2213645 0.022926059 0.00022926059
0.22143535 0.02334688 0.0002334688
0.2216736 0.024792946 0.00024792946
0.22198269 0.023476981 0.00023476981
0.22229179 0.02553862 0.0002553862
0.22260088 0.023649856 0.00023649856
0.22290997 0.027243377 0.00027243377
0.22321906 0.025717629 0.00025717629
0.22352815 0.025275005 0.00025275005
0.22383724 0.025208233 0.00025208233
0.22414632 0.025981841 0.00025981841
0.22445541 0.026030089 0.00026030089
0.22476449 0.027634902 0.00027634902
0.22507357 0.025727861 0.00025727861
0.22538265 0.025307883 0.00025307883
0.22569174 0.02504588 0.0002504588
0.22600081 0.023232543 0.00023232543
0.22630989 0.025877332 0.00025877332
0.22661897 0.024420085 0.00024420085
0.2267702 0.025598002 0.00025598002
0.22692804 0.026812337 0.00026812337
0.22723712 0.026063368 0.00026063368
0.22754619 0.0247372 0.000247372
0.22785526 0.025459137 0.00025459137
0.22816433 0.024043333 0.00024043333
0.2284734 0.023029682 0.00023029682
0.22878247 0.024628588 0.00024628588
0.22909153 0.026095315 0.00026095315
0.2294006 0.023683066 0.00023683066
0.22970966 0.026817183 0.00026817183
0.23001873 0.024053877 0.00024053877
0.23032779 0.024998265 0.00024998265
0.23063685 0.023449771 0.00023449771
0.23094591 0.023190834 0.00023190834
0.23125496 0.024397621 0.00024397621
0.23156402 0.025446294 0.00025446294
0.23187308 0.023831237 0.00023831237
0.23218213 0.024375656 0.00024375656
0.23223358 0.02429415 0.0002429415
0.23249118 0.023889336 0.00023889336
0.23280023 0.024166936 0.00024166936
0.23310928 0.025158096 0.00025158096
0.23341833 0.023688057 0.00023688057
0.23372738 0.023329091 0.00023329091
0.23403643 0.024391742 0.00024391742
0.23434547 0.023310895 0.00023310895
0.23465451 0.024553983 0.00024553983
0.23496356 0.023275228 0.00023275228
0.2352726 0.022980409 0.00022980409
0.23558164 0.022888492 0.00022888492
0.23589068 0.023607055 0.00023607055
0.23619971 0.024053226 0.00024053226
0.23650875 0.023810227 0.00023810227
0.23681778 0.023507376 0.00023507376
0.23712682 0.022817367 0.00022817367
0.23743585 0.024734998 0.00024734998
0.23774488 0.023748832 0.00023748832
0.23782859 0.023436308 0.00023436308
0.23805391 0.02260422 0.0002260422
0.23836294 0.024153926 0.00024153926
0.23867197 0.022549699 0.00022549699
0.23898099 0.024540316 0.00024540316
0.23929002 0.026845086 0.00026845086
0.23959904 0.023385182 0.00023385182
0.23990806 0.021658776 0.00021658776
0.24021708 0.025619978 0.00025619978
0.2405261 0.025032757 0.00025032757
0.24083512 0.025406743 0.00025406743
0.24114413 0.024932992 0.00024932992
0.24145315 0.024246056 0.00024246056
0.24176216 0.023912696 0.00023912696
0.24207118 0.023785019 0.00023785019
0.24238019 0.024863969 0.00024863969
0.2426892 0.022511956 0.00022511956
0.24299821 0.022228754 0.00022228754
0.24330721 0.024159794 0.00024159794
0.24355839 0.024170659 0.00024170659
0.24361622 0.024170459 0.00024170459
0.24392522 0.02552811 0.0002552811
0.24423423 0.024909094 0.00024909094
0.24454323 0.023554994 0.00023554994
0.24485223 0.025025994 0.00025025994
0.24516123 0.024474067 0.00024474067
0.24547023 0.023173236 0.00023173236
0.24577922 0.022980593 0.00022980593
0.24608822 0.021553209 0.00021553209
0.24639721 0.022666312 0.00022666312
0.24670621 0.022386453 0.00022386453
0.2470152 0.02447525 0.0002447525
0.24732419 0.023199841 0.00023199841
0.24763318 0.021525624 0.00021525624
0.24794216 0.025067621 0.00025067621
0.24825115 0.021892323 0.00021892323
0.24856013 0.025743297 0.00025743297
0.24886912 0.026043321 0.00026043321
0.2491781 0.024536181 0.00024536181
0.24942624 0.023017812 0.00023017812
0.24948708 0.022648281 0.00022648281
0.24979606 0.023340217 0.00023340217
0.25010504 0.024510269 0.00024510269
0.25041401 0.023799938 0.00023799938
0.25072299 0.024758364 0.00024758364
0.25103196 0.024352049 0.00024352049
0.25134093 0.023406734 0.00023406734
0.2516499 0.022427275 0.00022427275
0.25195887 0.02330622 0.0002330622
0.25226784 0.021199888 0.00021199888
0.25257681 0.021333929 0.00021333929
0.25288577 0.026299225 0.00026299225
0.25319474 0.022922075 0.00022922075
0.2535037 0.024692523 0.00024692523
0.25381266 0.023322896 0.00023322896
0.25412162 0.024776551 0.00024776551
0.25443058 0.02341874 0.0002341874
0.25473954 0.024385493 0.00024385493
0.25504849 0.022171863 0.00022171863
0.25535745 0.022970815 0.00022970815
0.25543545 0.023746407 0.00023746407
0.2556664 0.026035878 0.00026035878
0.25597535 0.023173407 0.00023173407
0.2562843 0.022940272 0.00022940272
0.25659325 0.024902494 0.00024902494
0.2569022 0.023967215 0.00023967215
0.25721115 0.024457845 0.00024457845
0.25752009 0.025577302 0.00025577302
0.25782903 0.022473777 0.00022473777
0.25813798 0.019485039 0.00019485039
0.25844692 0.024975986 0.00024975986
0.25875585 0.022788761 0.00022788761
0.25906479 0.023138672 0.00023138672
0.25937373 0.024508407 0.00024508407
0.25968266 0.027525307 0.00027525307
0.2599916 0.025276356 0.00025276356
0.26030053 0.022252106 0.00022252106
0.26060946 0.024167218 0.00024167218
0.26091839 0.024702438 0.00024702438
0.26122732 0.027110206 0.00027110206
0.26153624 0.022773434 0.00022773434
0.26158944 0.023177793 0.00023177793
0.26184517 0.025125085 0.00025125085
0.26215409 0.024428296 0.00024428296
0.26246301 0.023234812 0.00023234812
0.26277193 0.024316518 0.00024316518
0.26308085 0.024957757 0.00024957757
0.26338977 0.023490712 0.00023490712
0.26369869 0.023261932 0.00023261932
0.2640076 0.024117084 0.00024117084
0.26431651 0.024208336 0.00024208336
0.26462543 0.022856933 0.00022856933
0.26493434 0.024223434 0.00024223434
0.26524325 0.023694003 0.00023694003
0.26555215 0.027037483 0.00027037483
0.26586106 0.025100473 0.00025100473
0.26616996 0.024278872 0.00024278872
0.26647887 0.02184823 0.0002184823
0.26678777 0.025792107 0.00025792107
0.26709667 0.025183691 0.00025183691
0.26740557 0.023484619 0.00023484619
0.26771447 0.022464786 0.00022464786
0.2678917 0.02328511 0.0002328511
0.26802336 0.023896432 0.00023896432
0.26833226 0.025289102 0.00025289102
0.26864115 0.026310929 0.00026310929
0.26895004 0.0249042 0.000249042
0.26925893 0.023394585 0.00023394585
0.26956782 0.024760428 0.00024760428
0.26987671 0.025703418 0.00025703418
0.27018559 0.027043104 0.00027043104
0.27049448 0.024601848 0.00024601848
0.27080336 0.025489975 0.00025489975
0.27111224 0.024909017 0.00024909017
0.27142112 0.023777622 0.00023777622
0.27173 0.024375673 0.00024375673
0.27203888 0.023753085 0.00023753085
0.27234775 0.025557615 0.00025557615
0.27265663 0.023198732 0.00023198732
0.2729655 0.025914266 0.00025914266
0.27327437 0.024861887 0.00024861887
0.27358324 0.024153547 0.00024153547
0.27389211 0.024306049 0.00024306049
0.27420098 0.023872357 0.00023872357
0.27434578 0.024003285 0.00024003285
0.27450984 0.024154563 0.00024154563
0.2748187 0.020516881 0.00020516881
0.27512757 0.024769552 0.00024769552
0.27543643 0.023474266 0.00023474266
0.27574529 0.024029886 0.00024029886
0.27605414 0.022795682 0.00022795682
0.276363 0.025751349 0.00025751349
0.27667185 0.025776999 0.00025776999
0.27698071 0.024405331 0.00024405331
0.27728956 0.020694065 0.00020694065
0.27759841 0.025573398 0.00025573398
0.27790726 0.02396838 0.0002396838
0.2782161 0.025050331 0.00025050331
0.27852495 0.022199831 0.00022199831
0.27883379 0.026267936 0.00026267936
0.27914264 0.02386635 0.0002386635
0.27945148 0.024145872 0.00024145872
0.27976032 0.023930709 0.00023930709
0.28006915 0.026939759 0.00026939759
0.28037799 0.025372837 0.00025372837
0.28068683 0.026691369 0.00026691369
0.28095536 0.025560423 0.00025560423
0.28099566 0.02538884 0.0002538884
0.28130449 0.026841643 0.00026841643
0.28161332 0.024404666 0.00024404666
0.28192215 0.023124245 0.00023124245
0.28223098 0.024309891 0.00024309891
0.2825398 0.026895619 0.00026895619
0.28284863 0.025940306 0.00025940306
0.28315745 0.024943102 0.00024943102
0.28346627 0.022704623 0.00022704623
0.28377509 0.024547355 0.00024547355
0.28408391 0.026160257 0.00026160257
0.28439272 0.025403118 0.00025403118
0.28470154 0.025860987 0.00025860987
0.28501035 0.025116084 0.00025116084
0.28531916 0.024166812 0.00024166812
0.28562797 0.024921932 0.00024921932
0.28593678 0.025050565 0.00025050565
0.28624559 0.025837703 0.00025837703
0.2865544 0.024316411 0.00024316411
0.2868632 0.025170734 0.00025170734
0.287172 0.024267798 0.00024267798
0.2874808 0.025908586 0.00025908586
0.28772418 0.025002869 0.00025002869
0.2877896 0.024764427 0.00024764427
0.2880984 0.023492715 0.00023492715
0.2884072 0.025053462 0.00025053462
0.28871599 0.025503014 0.00025503014
0.28902478 0.025308173 0.00025308173
0.28933358 0.027531488 0.00027531488
0.28964237 0.028044265 0.00028044265
0.28995115 0.024464429 0.00024464429
0.29025994 0.024990713 0.00024990713
0.29056873 0.025993752 0.00025993752
0.29087751 0.026372212 0.00026372212
0.29118629 0.025741048 0.00025741048
0.29149507 0.021984197 0.00021984197
0.29180385 0.025818958 0.00025818958
0.29211263 0.027053991 0.00027053991
0.2924214 0.024868177 0.00024868177
0.29273018 0.025009535 0.00025009535
0.29303895 0.026954358 0.00026954358
0.29334772 0.028342907 0.00028342907
0.29365649 0.025733915 0.00025733915
0.29396526 0.027504189 0.00027504189
0.29427402 0.025374991 0.00025374991
0.29458279 0.028242443 0.00028242443
0.29465608 0.028098223 0.00028098223
0.29489155 0.027619457 0.00027619457
0.29520031 0.024071074 0.00024071074
0.29550907 0.024262697 0.00024262697
0.29581783 0.024304713 0.00024304713
0.29612659 0.025668834 0.00025668834
0.29643534 0.025755717 0.00025755717
0.2967441 0.024491512 0.00024491512
0.29705285 0.026128452 0.00026128452
0.2973616 0.027165996 0.00027165996
0.29767035 0.026927187 0.00026927187
0.29797909 0.02909694 0.0002909694
0.29828784 0.026938194 0.00026938194
0.29859658 0.030362031 0.00030362031
0.29890532 0.027802158 0.00027802158
0.29921406 0.025129388 0.00025129388
0.2995228 0.027546892 0.00027546892
0.29983154 0.028459584 0.00028459584
