0.010027023 0 1e-06
0.010059664 0 1e-06
0.010268595 0 1e-06
0.010369191 0 1e-06
0.010515988 0 1e-06
0.010678719 0 1e-06
0.010769341 0 1e-06
0.010988246 0 1e-06
0.011028797 0 1e-06
0.011294505 0 1e-06
0.011297773 0 1e-06
0.011566613 0 1e-06
0.0116073 0 1e-06
0.011845278 0 1e-06
0.011916828 0 1e-06
0.012130656 0 1e-06
0.012226355 0 1e-06
0.01242291 0 1e-06
0.012535882 0 1e-06
0.012722205 0 1e-06
0.012845409 0 1e-06
0.01302871 0 1e-06
0.013154936 0 1e-06
0.0133426 0 1e-06
0.013464463 0 1e-06
0.013664051 0 1e-06
0.013773989 0 1e-06
0.013993248 0.014611941 0.00014611941
0.014083516 0.0337607 0.000337607
0.014330375 0.071693864 0.00071693864
0.014393043 0.080662554 0.00080662554
0.014675625 0.10442186 0.0010442186
0.014702569 0.10663473 0.0010663473
0.015012096 0.12914249 0.0012914249
0.015029192 0.13309659 0.0013309659
0.015321622 0.20536362 0.0020536362
0.015391278 0.20243405 0.0020243405
0.015631148 0.18517376 0.0018517376
0.015762087 0.19587324 0.0019587324
0.015940675 0.21415031 0.0021415031
0.01614183 0.2435656 0.002435656
0.016250201 0.25947541 0.0025947541
0.016530721 0.29413764 0.0029413764
0.016559727 0.29744163 0.0029744163
0.016869253 0.31861548 0.0031861548
0.016928982 0.31916898 0.0031916898
0.017178779 0.3217403 0.003217403
0.017336837 0.34738545 0.0034738545
0.017488304 0.37187834 0.0037187834
0.017754519 0.3744955 0.003744955
0.01779783 0.3749661 0.003749661
0.018107355 0.40313366 0.0040313366
0.018182263 0.40545888 0.0040545888
0.018416881 0.41165106 0.0041165106
0.018620313 0.42283364 0.0042283364
0.018726406 0.42901916 0.0042901916
0.019035932 0.4492131 0.004492131
0.019068917 0.4511143 0.004511143
0.019345457 0.46713921 0.0046713921
0.019528328 0.48084584 0.0048084584
0.019654982 0.48974003 0.0048974003
0.019964507 0.49442876 0.0049442876
0.019998807 0.49558459 0.0049558459
0.020274032 0.50469937 0.0050469937
0.020480622 0.5088048 0.005088048
0.020583556 0.51117292 0.0051117292
0.020893081 0.53282119 0.0053282119
0.020974044 0.53310965 0.0053310965
0.021202605 0.53278638 0.0053278638
0.021479354 0.54028434 0.0054028434
0.02151213 0.54113399 0.0054113399
0.021821654 0.53312791 0.0053312791
0.021996838 0.54336216 0.0054336216
0.022131178 0.55240986 0.0055240986
0.022440702 0.5801233 0.005801233
0.022526789 0.57949316 0.0057949316
0.022750226 0.57580694 0.0057580694
0.02305975 0.58169169 0.0058169169
0.023069508 0.58154087 0.0058154087
0.023369274 0.57732714 0.0057732714
0.023625302 0.58916928 0.0058916928
0.023678797 0.59161753 0.0059161753
0.023988321 0.58851754 0.0058851754
0.024194486 0.59501912 0.0059501912
0.024297844 0.5981463 0.005981463
0.024607367 0.59968796 0.0059968796
0.024777383 0.59567157 0.0059567157
0.02491689 0.59286125 0.0059286125
0.025226413 0.60534177 0.0060534177
0.025374324 0.61083669 0.0061083669
0.025535936 0.61648085 0.0061648085
0.025845458 0.61956491 0.0061956491
0.025985646 0.61692944 0.0061692944
0.026154981 0.61409729 0.0061409729
0.026464503 0.62736366 0.0062736366
0.026611696 0.63209776 0.0063209776
0.026774025 0.63686864 0.0063686864
0.027083547 0.62624069 0.0062624069
0.027252829 0.63524873 0.0063524873
0.027393069 0.64280604 0.0064280604
0.027702591 0.63322379 0.0063322379
0.027909409 0.64150549 0.0064150549
0.028012112 0.64562858 0.0064562858
0.028321634 0.65099449 0.0065099449
0.028581806 0.64848145 0.0064848145
0.028631155 0.64785132 0.0064785132
0.028940676 0.65340827 0.0065340827
0.029250197 0.63930247 0.0063930247
0.029270403 0.64045564 0.0064045564
0.029559718 0.65859019 0.0065859019
0.029869238 0.65641121 0.0065641121
0.02997559 0.66002043 0.0066002043
0.030178759 0.66624266 0.0066624266
0.030488279 0.66252523 0.0066252523
0.030697767 0.66317758 0.0066317758
0.030797799 0.66344754 0.0066344754
0.031107319 0.66532794 0.0066532794
0.031416839 0.66369984 0.0066369984
0.031437342 0.66423555 0.0066423555
0.031726359 0.67219716 0.0067219716
0.032035878 0.67392568 0.0067392568
0.032194735 0.67280471 0.0067280471
0.032345397 0.67146432 0.0067146432
0.032654916 0.6765405 0.006765405
0.032964435 0.67169311 0.0067169311
0.032970376 0.67166935 0.0067166935
0.033273954 0.67054554 0.0067054554
0.033583473 0.66423351 0.0066423351
0.033764703 0.67204974 0.0067204974
0.033892991 0.67766026 0.0067766026
0.034202509 0.67099465 0.0067099465
0.034512027 0.67807782 0.0067807782
0.034578168 0.67578403 0.0067578403
0.034821545 0.66724824 0.0066724824
0.035131063 0.67624708 0.0067624708
0.03541123 0.67740274 0.0067740274
0.03544058 0.67752535 0.0067752535
0.035750097 0.67908921 0.0067908921
0.036059614 0.67904036 0.0067904036
0.036264363 0.67930008 0.0067930008
0.036369131 0.67933775 0.0067933775
0.036678648 0.67237475 0.0067237475
0.036988164 0.67271607 0.0067271607
0.037138049 0.67572424 0.0067572424
0.03729768 0.67897175 0.0067897175
0.037607196 0.68581819 0.0068581819
0.037916712 0.67544259 0.0067544259
0.038032785 0.67368318 0.0067368318
0.038226228 0.67101295 0.0067101295
0.038535743 0.67487616 0.0067487616
0.038845259 0.681086 0.00681086
0.038949077 0.68028402 0.0068028402
0.039154774 0.67842028 0.0067842028
0.039464288 0.67590377 0.0067590377
0.039773803 0.67699444 0.0067699444
0.039887444 0.67827591 0.0067827591
0.040083317 0.68044645 0.0068044645
0.040392831 0.6738412 0.006738412
0.040702345 0.67226298 0.0067226298
0.040848418 0.6748458 0.006748458
0.041011859 0.67762424 0.0067762424
0.041321372 0.67310598 0.0067310598
0.041630886 0.66670513 0.0066670513
0.041832544 0.66665936 0.0066665936
0.041940399 0.66675171 0.0066675171
0.042249911 0.66611059 0.0066611059
0.042559424 0.67420488 0.0067420488
0.04284038 0.66590164 0.0066590164
0.042868936 0.66507157 0.0066507157
0.043178448 0.67162123 0.0067162123
0.04348796 0.66311487 0.0066311487
0.043797472 0.66846285 0.0066846285
0.043872497 0.66864225 0.0066864225
0.044106983 0.6691372 0.006691372
0.044416494 0.66331988 0.0066331988
0.044726005 0.66399123 0.0066399123
0.04492948 0.66930867 0.0066930867
0.045035516 0.67192651 0.0067192651
0.045345026 0.66392751 0.0066392751
0.045654536 0.65920649 0.0065920649
0.045964046 0.65879071 0.0065879071
0.046011928 0.65910614 0.0065910614
0.046273556 0.66086659 0.0066086659
0.046583065 0.65823165 0.0065823165
0.046892575 0.65524095 0.0065524095
0.047120454 0.64971824 0.0064971824
0.047202083 0.64786784 0.0064786784
0.047511592 0.65072222 0.0065072222
0.0478211 0.65754745 0.0065754745
0.048130609 0.6558372 0.006558372
0.048255688 0.65249251 0.0065249251
0.048440116 0.647459 0.00647459
0.048749624 0.64871455 0.0064871455
0.049059131 0.65362841 0.0065362841
0.049368638 0.65102885 0.0065102885
0.049418271 0.65086218 0.0065086218
0.049678145 0.64962344 0.0064962344
0.049987652 0.64589196 0.0064589196
0.050297158 0.64569403 0.0064569403
0.050606664 0.6374162 0.006374162
0.050608864 0.63748121 0.0063748121
0.05091617 0.64695887 0.0064695887
0.051225675 0.64426298 0.0064426298
0.05153518 0.64347848 0.0064347848
0.05182814 0.63463374 0.0063463374
0.051844685 0.63415136 0.0063415136
0.05215419 0.64304531 0.0064304531
0.052463694 0.63163643 0.0063163643
0.052773198 0.63380496 0.0063380496
0.053076791 0.64078839 0.0064078839
0.053082702 0.64091841 0.0064091841
0.053392205 0.63588958 0.0063588958
0.053701708 0.63886144 0.0063886144
0.054011211 0.64092215 0.0064092215
0.054320713 0.63906741 0.0063906741
0.054355526 0.63811381 0.0063811381
0.054630216 0.63034884 0.0063034884
0.054939718 0.62808854 0.0062808854
0.055249219 0.63018035 0.0063018035
0.055558721 0.62785701 0.0062785701
0.055665067 0.6273377 0.006273377
0.055868222 0.62646156 0.0062646156
0.056177722 0.62298636 0.0062298636
0.056487223 0.62146821 0.0062146821
0.056796723 0.61822726 0.0061822726
0.057006158 0.62164589 0.0062164589
0.057106223 0.62330131 0.0062330131
0.057415722 0.61593373 0.0061593373
0.057725221 0.61870612 0.0061870612
0.05803472 0.61746775 0.0061746775
0.058344219 0.61868727 0.0061868727
0.058379559 0.61789215 0.0061789215
0.058653717 0.61174848 0.0061174848
0.058963215 0.61163307 0.0061163307
0.059272713 0.61182184 0.0061182184
0.05958221 0.61228889 0.0061228889
0.059786049 0.61494942 0.0061494942
0.059891707 0.61622849 0.0061622849
0.060201203 0.60656553 0.0060656553
0.0605107 0.60285579 0.0060285579
0.060820196 0.60293448 0.0060293448
0.061129691 0.6016923 0.006016923
0.061226423 0.60243346 0.0060243346
0.061439187 0.60429883 0.0060429883
0.061748681 0.60248804 0.0060248804
0.062058176 0.59854937 0.0059854937
0.06236767 0.59934086 0.0059934086
0.062677164 0.60101438 0.0060101438
0.0627015 0.60093008 0.0060093008
0.062986658 0.59964948 0.0059964948
0.063296151 0.5931367 0.005931367
0.063605644 0.59259983 0.0059259983
0.063915137 0.58983492 0.0058983492
0.064212114 0.58861144 0.0058861144
0.064224629 0.58856544 0.0058856544
0.064534121 0.5888365 0.005888365
0.064843612 0.5852869 0.005852869
0.065153103 0.58882918 0.0058882918
0.065462594 0.5855206 0.005855206
0.065759122 0.58078255 0.0058078255
0.065772085 0.5805759 0.005805759
0.066081575 0.57982716 0.0057982716
0.066391064 0.57760817 0.0057760817
0.066700554 0.57844191 0.0057844191
0.067010043 0.57838259 0.0057838259
0.067319531 0.57356877 0.0057356877
0.0673434 0.57314567 0.0057314567
0.06762902 0.56803281 0.0056803281
0.067938508 0.57226368 0.0057226368
0.068247995 0.56619304 0.0056619304
0.068557482 0.56374446 0.0056374446
0.068866969 0.5634682 0.005634682
0.068965848 0.56337498 0.0056337498
0.069176455 0.5632149 0.005632149
0.069485941 0.55834683 0.0055834683
0.069795427 0.55874915 0.0055874915
0.070104912 0.55334267 0.0055334267
0.070414397 0.56328293 0.0056328293
0.070627384 0.55542973 0.0055542973
0.070723882 0.55187841 0.0055187841
0.071033366 0.55283873 0.0055283873
0.07134285 0.55471171 0.0055471171
0.071652333 0.54983062 0.0054983062
0.071961816 0.55030957 0.0055030957
0.072271298 0.54777962 0.0054777962
0.072328949 0.54816271 0.0054816271
0.07258078 0.54973511 0.0054973511
0.072890262 0.5455253 0.005455253
0.073199744 0.54583427 0.0054583427
0.073509225 0.53981316 0.0053981316
0.073818705 0.53621019 0.0053621019
0.074071509 0.53583218 0.0053583218
0.074128185 0.53576054 0.0053576054
0.074437665 0.53310857 0.0053310857
0.074747144 0.53399537 0.0053399537
0.075056623 0.53099166 0.0053099166
0.075366102 0.52924359 0.0052924359
0.07567558 0.52981345 0.0052981345
0.075856051 0.52607439 0.0052607439
0.075985058 0.52344607 0.0052344607
0.076294535 0.52594066 0.0052594066
0.076604012 0.52250539 0.0052250539
0.076913488 0.52325773 0.0052325773
0.077222964 0.51744819 0.0051744819
0.07753244 0.51865847 0.0051865847
0.077683587 0.52046397 0.0052046397
0.077841915 0.52226565 0.0052226565
0.07815139 0.51394709 0.0051394709
0.078460864 0.51293814 0.0051293814
0.078770338 0.507784 0.00507784
0.079079812 0.50935321 0.0050935321
0.079389285 0.50718546 0.0050718546
0.079555152 0.5073221 0.005073221
0.079698757 0.50745918 0.0050745918
0.080008229 0.5041883 0.005041883
0.080317701 0.50390123 0.0050390123
0.080627172 0.50101908 0.0050101908
0.080936643 0.50055933 0.0050055933
0.081246114 0.49604174 0.0049604174
0.081471807 0.49564419 0.0049564419
0.081555584 0.49550604 0.0049550604
0.081865053 0.49250309 0.0049250309
0.082174522 0.49413062 0.0049413062
0.082483991 0.48690961 0.0048690961
0.082793459 0.48623242 0.0048623242
0.083102927 0.48459116 0.0048459116
0.083412394 0.48544767 0.0048544767
0.083434638 0.48517506 0.0048517506
0.083721861 0.48157106 0.0048157106
0.084031327 0.48156143 0.0048156143
0.084340793 0.48348982 0.0048348982
0.084650259 0.47463416 0.0047463416
0.084959724 0.47295066 0.0047295066
0.085269188 0.47304561 0.0047304561
0.085444758 0.47035589 0.0047035589
0.085578652 0.46836239 0.0046836239
0.085888116 0.46869293 0.0046869293
0.086197579 0.46755987 0.0046755987
0.086507042 0.46431431 0.0046431431
0.086816504 0.46486095 0.0046486095
0.087125966 0.46467961 0.0046467961
0.087435427 0.4612062 0.004612062
0.087503306 0.46140149 0.0046140149
0.087744888 0.46202984 0.0046202984
0.088054348 0.45825218 0.0045825218
0.088363808 0.4569436 0.004569436
0.088673267 0.45610247 0.0045610247
0.088982726 0.45083061 0.0045083061
0.089292184 0.45043595 0.0045043595
0.089601642 0.44815542 0.0044815542
0.089611449 0.44811572 0.0044811572
0.089911099 0.44693494 0.0044693494
0.090220556 0.44506665 0.0044506665
0.090530013 0.44120898 0.0044120898
0.090839469 0.44184719 0.0044184719
0.091148924 0.44085536 0.0044085536
0.091458379 0.43979877 0.0043979877
0.091767833 0.43619169 0.0043619169
0.091770381 0.43616558 0.0043616558
0.092077287 0.43300755 0.0043300755
0.092386741 0.4301706 0.004301706
0.092696194 0.42966748 0.0042966748
0.093005646 0.43118988 0.0043118988
0.093315098 0.42680231 0.0042680231
0.093624549 0.42386906 0.0042386906
0.093934 0.4236385 0.004236385
0.093981327 0.42324832 0.0042324832
0.09424345 0.4210436 0.004210436
0.0945529 0.41957132 0.0041957132
0.09486235 0.41866433 0.0041866433
0.095171798 0.41599209 0.0041599209
0.095481247 0.41140508 0.0041140508
0.095790694 0.41226971 0.0041226971
0.096100142 0.40830107 0.0040830107
0.09624554 0.4073681 0.004073681
0.096409588 0.40640662 0.0040640662
0.096719035 0.40718237 0.0040718237
0.09702848 0.40213643 0.0040213643
0.097337925 0.40367115 0.0040367115
0.09764737 0.40333954 0.0040333954
0.097956814 0.39970617 0.0039970617
0.098266257 0.40024013 0.0040024013
0.098564302 0.40009148 0.0040009148
0.0985757 0.40007757 0.0040007757
0.098885143 0.39289661 0.0039289661
0.099194585 0.39327104 0.0039327104
0.099504026 0.39293314 0.0039293314
0.099813467 0.39072421 0.0039072421
0.10012291 0.38643772 0.0038643772
0.10043235 0.38435782 0.0038435782
0.10074179 0.38240828 0.0038240828
0.10093893 0.38070373 0.0038070373
0.10105122 0.37979327 0.0037979327
0.10136066 0.38066079 0.0038066079
0.1016701 0.37707666 0.0037707666
0.10197954 0.37612497 0.0037612497
0.10228897 0.37233121 0.0037233121
0.10259841 0.37080589 0.0037080589
0.10290785 0.36879898 0.0036879898
0.10321728 0.36957973 0.0036957973
0.10337076 0.36996532 0.0036996532
0.10352671 0.37031096 0.0037031096
0.10383615 0.36407504 0.0036407504
0.10414558 0.36526263 0.0036526263
0.10445501 0.36472981 0.0036472981
0.10476445 0.35875699 0.0035875699
0.10507388 0.35652295 0.0035652295
0.10538331 0.35787438 0.0035787438
0.10569274 0.35502727 0.0035502727
0.10586119 0.3538297 0.003538297
0.10600217 0.35282517 0.0035282517
0.1063116 0.35007697 0.0035007697
0.10662102 0.34986692 0.0034986692
0.10693045 0.34832488 0.0034832488
0.10723988 0.34654437 0.0034654437
0.10754931 0.3428879 0.003428879
0.10785873 0.34357271 0.0034357271
0.10816816 0.34128415 0.0034128415
0.10841161 0.33702319 0.0033702319
0.10847758 0.33589167 0.0033589167
0.10878701 0.33796056 0.0033796056
0.10909643 0.33444714 0.0033444714
0.10940585 0.33346344 0.0033346344
0.10971528 0.33091296 0.0033091296
0.1100247 0.32939284 0.0032939284
0.11033412 0.32951367 0.0032951367
0.11064354 0.3267533 0.003267533
0.11095296 0.32602671 0.0032602671
0.11102348 0.32617046 0.0032617046
0.11126238 0.32658487 0.0032658487
0.1115718 0.32124921 0.0032124921
0.11188122 0.32190714 0.0032190714
0.11219064 0.3162058 0.003162058
0.11250005 0.31844067 0.0031844067
0.11280947 0.31432174 0.0031432174
0.11311889 0.31335154 0.0031335154
0.1134283 0.3103926 0.003103926
0.11369828 0.30940651 0.0030940651
0.11373772 0.30927135 0.0030927135
0.11404713 0.30846085 0.0030846085
0.11435654 0.31162321 0.0031162321
0.11466596 0.30339637 0.0030339637
0.11497537 0.30289386 0.0030289386
0.11528478 0.30067439 0.0030067439
0.11559419 0.30180046 0.0030180046
0.1159036 0.30055782 0.0030055782
0.11621301 0.29791329 0.0029791329
0.11643751 0.29655093 0.0029655093
0.11652242 0.29602692 0.0029602692
0.11683183 0.29262054 0.0029262054
0.11714124 0.29227326 0.0029227326
0.11745064 0.28953052 0.0028953052
0.11776005 0.28953749 0.0028953749
0.11806945 0.29028969 0.0029028969
0.11837886 0.28664744 0.0028664744
0.11868826 0.28503449 0.0028503449
0.11899767 0.28011332 0.0028011332
0.11924274 0.28134418 0.0028134418
0.11930707 0.28166646 0.0028166646
0.11961647 0.27809954 0.0027809954
0.11992588 0.27675697 0.0027675697
0.12023528 0.27717226 0.0027717226
0.12054468 0.27337032 0.0027337032
0.12085408 0.27353198 0.0027353198
0.12116348 0.26974979 0.0026974979
0.12147288 0.27212423 0.0027212423
0.12178227 0.26878676 0.0026878676
0.12209167 0.26558772 0.0026558772
0.12211556 0.26554253 0.0026554253
0.12240107 0.26505112 0.0026505112
0.12271046 0.26352024 0.0026352024
0.12301986 0.26238051 0.0026238051
0.12332925 0.25988182 0.0025988182
0.12363865 0.2599424 0.002599424
0.12394804 0.25844309 0.0025844309
0.12425743 0.25475263 0.0025475263
0.12456683 0.2555424 0.002555424
0.12487622 0.25502128 0.0025502128
0.12505758 0.25284615 0.0025284615
0.12518561 0.25129703 0.0025129703
0.125495 0.24973189 0.0024973189
0.12580439 0.25056642 0.0025056642
0.12611377 0.24620254 0.0024620254
0.12642316 0.24535398 0.0024535398
0.12673255 0.2453063 0.002453063
0.12704194 0.24326859 0.0024326859
0.12735132 0.24370671 0.0024370671
0.12766071 0.24244842 0.0024244842
0.12797009 0.23811481 0.0023811481
0.12807049 0.23759374 0.0023759374
0.12827947 0.23652264 0.0023652264
0.12858886 0.23598212 0.0023598212
0.12889824 0.23473243 0.0023473243
0.12920762 0.23406261 0.0023406261
0.129517 0.23118646 0.0023118646
0.12982638 0.22888819 0.0022888819
0.13013576 0.23151908 0.0023151908
0.13044514 0.22595887 0.0022595887
0.13075452 0.22711166 0.0022711166
0.1310639 0.22333325 0.0022333325
0.13115598 0.22337309 0.0022337309
0.13137327 0.22351059 0.0022351059
0.13168265 0.22167878 0.0022167878
0.13199202 0.22073045 0.0022073045
0.1323014 0.21985977 0.0021985977
0.13261077 0.22003513 0.0022003513
0.13292015 0.21695149 0.0021695149
0.13322952 0.21515761 0.0021515761
0.13353889 0.21738671 0.0021738671
0.13384826 0.21443649 0.0021443649
0.13415763 0.21457295 0.0021457295
0.13431581 0.21321343 0.0021321343
0.134467 0.21188461 0.0021188461
0.13477637 0.20895043 0.0020895043
0.13508574 0.20952068 0.0020952068
0.1353951 0.20478433 0.0020478433
0.13570447 0.20449987 0.0020449987
0.13601383 0.2051377 0.002051377
0.1363232 0.20281055 0.0020281055
0.13663256 0.20207248 0.0020207248
0.13694193 0.20102999 0.0020102999
0.13725129 0.19709399 0.0019709399
0.13755177 0.19842081 0.0019842081
0.13756065 0.19846006 0.0019846006
0.13787001 0.19329031 0.0019329031
0.13817937 0.19572021 0.0019572021
0.13848873 0.19325982 0.0019325982
0.13879809 0.19159805 0.0019159805
0.13910745 0.19238304 0.0019238304
0.13941681 0.1909766 0.001909766
0.13972616 0.18871463 0.0018871463
0.14003552 0.18979126 0.0018979126
0.14034488 0.18676834 0.0018676834
0.14065423 0.1843746 0.001843746
0.14086569 0.18336359 0.0018336359
0.14096358 0.18291174 0.0018291174
0.14127294 0.1838747 0.001838747
0.14158229 0.17990559 0.0017990559
0.14189164 0.18028677 0.0018028677
0.14220099 0.17936829 0.0017936829
0.14251034 0.17761687 0.0017761687
0.14281969 0.17537507 0.0017537507
0.14312904 0.17485631 0.0017485631
0.14343838 0.17507466 0.0017507466
0.14374773 0.17527801 0.0017527801
0.14405708 0.17469504 0.0017469504
0.14425945 0.17186335 0.0017186335
0.14436642 0.17035034 0.0017035034
0.14467577 0.16953802 0.0016953802
0.14498511 0.16890279 0.0016890279
0.14529445 0.16733311 0.0016733311
0.14560379 0.16648891 0.0016648891
0.14591314 0.16626357 0.0016626357
0.14622248 0.16491009 0.0016491009
0.14653182 0.16469666 0.0016469666
0.14684115 0.16065247 0.0016065247
0.14715049 0.16108762 0.0016108762
0.14745983 0.15826145 0.0015826145
0.14773497 0.15642005 0.0015642005
0.14776917 0.15619851 0.0015619851
0.1480785 0.15636351 0.0015636351
0.14838784 0.15411609 0.0015411609
0.14869717 0.15708435 0.0015708435
0.1490065 0.15503981 0.0015503981
0.14931583 0.15369675 0.0015369675
0.14962517 0.15431428 0.0015431428
0.1499345 0.15133608 0.0015133608
0.15024383 0.1493338 0.001493338
0.15055316 0.14828138 0.0014828138
0.15086248 0.14903242 0.0014903242
0.15117181 0.14592787 0.0014592787
0.15129422 0.14596064 0.0014596064
0.15148114 0.14603124 0.0014603124
0.15179046 0.1453055 0.001453055
0.15209979 0.1459936 0.001459936
0.15240911 0.14483653 0.0014483653
0.15271844 0.14299286 0.0014299286
0.15302776 0.14318228 0.0014318228
0.15333708 0.14014961 0.0014014961
0.1536464 0.13917348 0.0013917348
0.15395572 0.13982465 0.0013982465
0.15426504 0.13979352 0.0013979352
0.15457436 0.13527868 0.0013527868
0.15488367 0.13844447 0.0013844447
0.15493922 0.13803739 0.0013803739
0.15519299 0.13611882 0.0013611882
0.15550231 0.13289969 0.0013289969
0.15581162 0.13499591 0.0013499591
0.15612093 0.1340311 0.001340311
0.15643025 0.13108725 0.0013108725
0.15673956 0.13241234 0.0013241234
0.15704887 0.12831719 0.0012831719
0.15735818 0.12874137 0.0012874137
0.15766749 0.13015219 0.0013015219
0.1579768 0.12630929 0.0012630929
0.15828611 0.12395643 0.0012395643
0.15859542 0.12415497 0.0012415497
0.15867204 0.1238808 0.001238808
0.15890472 0.12310577 0.0012310577
0.15921403 0.12239722 0.0012239722
0.15952333 0.12093729 0.0012093729
0.15983264 0.12237464 0.0012237464
0.16014194 0.11945885 0.0011945885
0.16045124 0.11967258 0.0011967258
0.16076054 0.11886366 0.0011886366
0.16106984 0.11863067 0.0011863067
0.16137914 0.1178133 0.001178133
0.16168844 0.11757394 0.0011757394
0.16199774 0.11773821 0.0011773821
0.16230703 0.11643387 0.0011643387
0.16249479 0.11594918 0.0011594918
0.16261633 0.11562775 0.0011562775
0.16292562 0.11279505 0.0011279505
0.16323492 0.11209922 0.0011209922
0.16354421 0.11106402 0.0011106402
0.1638535 0.11139736 0.0011139736
0.16416279 0.11016639 0.0011016639
0.16447208 0.11050584 0.0011050584
0.16478137 0.10728228 0.0010728228
0.16509066 0.10836242 0.0010836242
0.16539995 0.10669569 0.0010669569
0.16570924 0.1052101 0.001052101
0.16601852 0.10403729 0.0010403729
0.16632781 0.10704613 0.0010704613
0.16640964 0.10611812 0.0010611812
0.16663709 0.10353401 0.0010353401
0.16694637 0.1044568 0.001044568
0.16725566 0.10156274 0.0010156274
0.16756494 0.10098679 0.0010098679
0.16787422 0.10000718 0.0010000718
0.1681835 0.10078672 0.0010078672
0.16849278 0.097781599 0.00097781599
0.16880205 0.097648016 0.00097648016
0.16911133 0.099653129 0.00099653129
0.16942061 0.096673667 0.00096673667
0.16972988 0.09523838 0.0009523838
0.17003916 0.096818809 0.00096818809
0.17034843 0.095545287 0.00095545287
0.17041881 0.09541822 0.0009541822
0.1706577 0.094999511 0.00094999511
0.17096697 0.093170906 0.00093170906
0.17127624 0.093788516 0.00093788516
0.17158551 0.092020443 0.00092020443
0.17189478 0.089843748 0.00089843748
0.17220405 0.090846545 0.00090846545
0.17251331 0.089122303 0.00089122303
0.17282258 0.089371906 0.00089371906
0.17313184 0.087817097 0.00087817097
0.17344111 0.087985085 0.00087985085
0.17375037 0.086620546 0.00086620546
0.17405963 0.087389291 0.00087389291
0.17436889 0.086208448 0.00086208448
0.17452457 0.085989825 0.00085989825
0.17467815 0.08577384 0.0008577384
0.17498741 0.085471806 0.00085471806
0.17529667 0.085355763 0.00085355763
0.17560593 0.083766451 0.00083766451
0.17591518 0.080083184 0.00080083184
0.17622444 0.083528955 0.00083528955
0.17653369 0.082421748 0.00082421748
0.17684295 0.080898775 0.00080898775
0.1771522 0.079331969 0.00079331969
0.17746145 0.079870027 0.00079870027
0.1777707 0.079474922 0.00079474922
0.17807995 0.076632287 0.00076632287
0.1783892 0.080290873 0.00080290873
0.17869844 0.076050253 0.00076050253
0.17872924 0.076275719 0.00076275719
0.17900769 0.07835379 0.0007835379
0.17931694 0.075819807 0.00075819807
0.17962618 0.075084213 0.00075084213
0.17993542 0.072959528 0.00072959528
0.18024467 0.073128975 0.00073128975
0.18055391 0.07559746 0.0007559746
0.18086315 0.073969574 0.00073969574
0.18117239 0.073957319 0.00073957319
0.18148163 0.072402515 0.00072402515
0.18179086 0.070708231 0.00070708231
0.1821001 0.070891477 0.00070891477
0.18240934 0.072986353 0.00072986353
0.18271857 0.070322898 0.00070322898
0.1830278 0.070640141 0.00070640141
0.18303521 0.070607367 0.00070607367
0.18333704 0.069253612 0.00069253612
0.18364627 0.069113454 0.00069113454
0.1839555 0.068663575 0.00068663575
0.18426473 0.06855506 0.0006855506
0.18457396 0.065839351 0.00065839351
0.18488318 0.068708952 0.00068708952
0.18519241 0.068936312 0.00068936312
0.18550164 0.065262678 0.00065262678
0.18581086 0.06597639 0.0006597639
0.18612009 0.064385687 0.00064385687
0.18642931 0.064556335 0.00064556335
0.18673853 0.064336572 0.00064336572
0.18704775 0.063550278 0.00063550278
0.18735697 0.062530706 0.00062530706
0.18744492 0.062864374 0.00062864374
0.18766619 0.0637267 0.000637267
0.1879754 0.064675516 0.00064675516
0.18828462 0.061433521 0.00061433521
0.18859384 0.062333506 0.00062333506
0.18890305 0.061998405 0.00061998405
0.18921226 0.059606082 0.00059606082
0.18952148 0.059094321 0.00059094321
0.18983069 0.061982532 0.00061982532
0.1901399 0.058962056 0.00058962056
0.19044911 0.058940431 0.00058940431
0.19075832 0.059380974 0.00059380974
0.19106752 0.057298221 0.00057298221
0.19137673 0.059994549 0.00059994549
0.19168593 0.056360657 0.00056360657
0.19196087 0.058183396 0.00058183396
0.19199514 0.058409382 0.00058409382
0.19230434 0.05648505 0.0005648505
0.19261354 0.0565562 0.000565562
0.19292274 0.055554815 0.00055554815
0.19323194 0.055103163 0.00055103163
0.19354114 0.056686271 0.00056686271
0.19385034 0.055448725 0.00055448725
0.19415954 0.054228036 0.00054228036
0.19446873 0.054500235 0.00054500235
0.19477793 0.054358506 0.00054358506
0.19508712 0.051972314 0.00051972314
0.19539631 0.054200443 0.00054200443
0.1957055 0.050448619 0.00050448619
0.19601469 0.052590158 0.00052590158
0.19632388 0.052113502 0.00052113502
0.19658562 0.052309145 0.00052309145
0.19663307 0.052347436 0.00052347436
0.19694226 0.05190084 0.0005190084
0.19725144 0.048987131 0.00048987131
0.19756063 0.0515502 0.000515502
0.19786981 0.054692697 0.00054692697
0.19817899 0.051697096 0.00051697096
0.19848818 0.047542754 0.00047542754
0.19879736 0.049118678 0.00049118678
0.19910654 0.049001334 0.00049001334
0.19941572 0.05174284 0.0005174284
0.19972489 0.049644431 0.00049644431
0.20003407 0.047035072 0.00047035072
0.20034324 0.04746336 0.0004746336
0.20065242 0.046663634 0.00046663634
0.20096159 0.047100896 0.00047100896
0.20127076 0.048377228 0.00048377228
0.2013218 0.048241535 0.00048241535
0.20157993 0.047533399 0.00047533399
0.2018891 0.046551248 0.00046551248
0.20219827 0.04670129 0.0004670129
0.20250744 0.045513713 0.00045513713
0.20281661 0.04309719 0.0004309719
0.20312577 0.044709206 0.00044709206
0.20343493 0.044713609 0.00044713609
0.2037441 0.043602403 0.00043602403
0.20405326 0.046208568 0.00046208568
0.20436242 0.042417091 0.00042417091
0.20467158 0.04358056 0.0004358056
0.20498074 0.041875472 0.00041875472
0.2052899 0.041919303 0.00041919303
0.20559905 0.043399767 0.00043399767
0.20590821 0.041878043 0.00041878043
0.20617207 0.041221802 0.00041221802
0.20621736 0.04111603 0.0004111603
0.20652651 0.041584309 0.00041584309
0.20683567 0.041507922 0.00041507922
0.20714482 0.040676669 0.00040676669
0.20745397 0.040714441 0.00040714441
0.20776312 0.040032891 0.00040032891
0.20807226 0.040695782 0.00040695782
0.20838141 0.042322126 0.00042322126
0.20869055 0.040698234 0.00040698234
0.2089997 0.039267934 0.00039267934
0.20930884 0.039381556 0.00039381556
0.20961798 0.038474865 0.00038474865
0.20992712 0.038941963 0.00038941963
0.21023626 0.038107601 0.00038107601
0.2105454 0.039414426 0.00039414426
0.21085454 0.038892481 0.00038892481
0.2111392 0.039279102 0.00039279102
0.21116367 0.039309695 0.00039309695
0.21147281 0.039876222 0.00039876222
0.21178194 0.037605319 0.00037605319
0.21209107 0.038441226 0.00038441226
0.21240021 0.03690534 0.0003690534
0.21270934 0.036369889 0.00036369889
0.21301846 0.037685901 0.00037685901
0.21332759 0.037254011 0.00037254011
0.21363672 0.038267371 0.00038267371
0.21394584 0.036272318 0.00036272318
0.21425497 0.035143905 0.00035143905
0.21456409 0.035252594 0.00035252594
0.21487321 0.035651975 0.00035651975
0.21518234 0.03505022 0.0003505022
0.21549145 0.034897286 0.00034897286
0.21580057 0.034410705 0.00034410705
0.21610969 0.031663961 0.00031663961
0.216226 0.033464569 0.00033464569
0.21641881 0.036476857 0.00036476857
0.21672792 0.034367651 0.00034367651
0.21703704 0.037393183 0.00037393183
0.21734615 0.034672284 0.00034672284
0.21765526 0.035902156 0.00035902156
0.21796437 0.034115298 0.00034115298
0.21827348 0.031337625 0.00031337625
0.21858259 0.033156189 0.00033156189
0.21889169 0.036734829 0.00036734829
0.2192008 0.034638672 0.00034638672
0.2195099 0.034738456 0.00034738456
0.21981901 0.032219344 0.00032219344
0.22012811 0.03368751 0.0003368751
0.22043721 0.033804051 0.00033804051
0.22074631 0.032373793 0.00032373793
0.22105541 0.033186301 0.00033186301
0.2213645 0.032394376 0.00032394376
0.22143535 0.032637034 0.00032637034
0.2216736 0.033446453 0.00033446453
0.22198269 0.032072667 0.00032072667
0.22229179 0.033902654 0.00033902654
0.22260088 0.0304567 0.000304567
0.22290997 0.031763044 0.00031763044
0.22321906 0.03264799 0.0003264799
0.22352815 0.031938695 0.00031938695
0.22383724 0.031652331 0.00031652331
0.22414632 0.032210958 0.00032210958
0.22445541 0.032352247 0.00032352247
0.22476449 0.032684214 0.00032684214
0.22507357 0.031466183 0.00031466183
0.22538265 0.030253834 0.00030253834
0.22569174 0.031326283 0.00031326283
0.22600081 0.030433634 0.00030433634
0.22630989 0.033262454 0.00033262454
0.22661897 0.031690716 0.00031690716
0.2267702 0.030759698 0.00030759698
0.22692804 0.029788891 0.00029788891
0.22723712 0.030673303 0.00030673303
0.22754619 0.029852051 0.00029852051
0.22785526 0.030854713 0.00030854713
0.22816433 0.028177312 0.00028177312
0.2284734 0.027645647 0.00027645647
0.22878247 0.031462826 0.00031462826
0.22909153 0.030570156 0.00030570156
0.2294006 0.027759714 0.00027759714
0.22970966 0.030775301 0.00030775301
0.23001873 0.028826476 0.00028826476
0.23032779 0.03105732 0.0003105732
0.23063685 0.028901109 0.00028901109
0.23094591 0.029595373 0.00029595373
0.23125496 0.027092794 0.00027092794
0.23156402 0.029126019 0.00029126019
0.23187308 0.028792597 0.00028792597
0.23218213 0.028945798 0.00028945798
0.23223358 0.029055348 0.00029055348
0.23249118 0.029604645 0.00029604645
0.23280023 0.030608606 0.00030608606
0.23310928 0.029567383 0.00029567383
0.23341833 0.02895343 0.0002895343
0.23372738 0.025769133 0.00025769133
0.23403643 0.029123066 0.00029123066
0.23434547 0.026655473 0.00026655473
0.23465451 0.028320888 0.00028320888
0.23496356 0.02601079 0.0002601079
0.2352726 0.028283577 0.00028283577
0.23558164 0.027959339 0.00027959339
0.23589068 0.028049619 0.00028049619
0.23619971 0.027255975 0.00027255975
0.23650875 0.025824579 0.00025824579
0.23681778 0.027249394 0.00027249394
0.23712682 0.027159376 0.00027159376
0.23743585 0.027408597 0.00027408597
0.23774488 0.027865886 0.00027865886
0.23782859 0.027423232 0.00027423232
0.23805391 0.026238526 0.00026238526
0.23836294 0.027322292 0.00027322292
0.23867197 0.02652408 0.0002652408
0.23898099 0.028602574 0.00028602574
0.23929002 0.026623421 0.00026623421
0.23959904 0.02700915 0.0002700915
0.23990806 0.025786261 0.00025786261
0.24021708 0.028196598 0.00028196598
0.2405261 0.02759599 0.0002759599
0.24083512 0.027077385 0.00027077385
0.24114413 0.026164097 0.00026164097
0.24145315 0.028283522 0.00028283522
0.24176216 0.027821805 0.00027821805
0.24207118 0.029769881 0.00029769881
0.24238019 0.028749195 0.00028749195
0.2426892 0.026354054 0.00026354054
0.24299821 0.025380392 0.00025380392
0.24330721 0.025295847 0.00025295847
0.24355839 0.026974812 0.00026974812
0.24361622 0.027359378 0.00027359378
0.24392522 0.02745343 0.0002745343
0.24423423 0.027100575 0.00027100575
0.24454323 0.027228379 0.00027228379
0.24485223 0.026437559 0.00026437559
0.24516123 0.026934711 0.00026934711
0.24547023 0.026916837 0.00026916837
0.24577922 0.026725891 0.00026725891
0.24608822 0.023039591 0.00023039591
0.24639721 0.024865025 0.00024865025
0.24670621 0.02565171 0.0002565171
0.2470152 0.027167217 0.00027167217
0.24732419 0.02533257 0.0002533257
0.24763318 0.025376911 0.00025376911
0.24794216 0.027249937 0.00027249937
0.24825115 0.025168087 0.00025168087
0.24856013 0.027763084 0.00027763084
0.24886912 0.025679371 0.00025679371
0.2491781 0.025912936 0.00025912936
0.24942624 0.025099419 0.00025099419
0.24948708 0.024905537 0.00024905537
0.24979606 0.026323152 0.00026323152
0.25010504 0.02596274 0.0002596274
0.25041401 0.027016952 0.00027016952
0.25072299 0.025624992 0.00025624992
0.25103196 0.02819638 0.0002819638
0.25134093 0.024589746 0.00024589746
0.2516499 0.024720012 0.00024720012
0.25195887 0.02572466 0.0002572466
0.25226784 0.024994729 0.00024994729
0.25257681 0.024536734 0.00024536734
0.25288577 0.028919528 0.00028919528
0.25319474 0.02604616 0.0002604616
0.2535037 0.026649121 0.00026649121
0.25381266 0.02635496 0.0002635496
0.25412162 0.028232921 0.00028232921
0.25443058 0.024318111 0.00024318111
0.25473954 0.026157747 0.00026157747
0.25504849 0.026387093 0.00026387093
0.25535745 0.026830752 0.00026830752
0.25543545 0.027044831 0.00027044831
0.2556664 0.027665212 0.00027665212
0.25597535 0.025793599 0.00025793599
0.2562843 0.024804646 0.00024804646
0.25659325 0.024739915 0.00024739915
0.2569022 0.025661519 0.00025661519
0.25721115 0.027871705 0.00027871705
0.25752009 0.026856995 0.00026856995
0.25782903 0.025563965 0.00025563965
0.25813798 0.024754095 0.00024754095
0.25844692 0.025902559 0.00025902559
0.25875585 0.026721578 0.00026721578
0.25906479 0.025069741 0.00025069741
0.25937373 0.024316125 0.00024316125
0.25968266 0.026395696 0.00026395696
0.2599916 0.027526114 0.00027526114
0.26030053 0.025461746 0.00025461746
0.26060946 0.027779716 0.00027779716
0.26091839 0.026702063 0.00026702063
0.26122732 0.028622772 0.00028622772
0.26153624 0.026528098 0.00026528098
0.26158944 0.026502671 0.00026502671
0.26184517 0.026388042 0.00026388042
0.26215409 0.027672308 0.00027672308
0.26246301 0.026622252 0.00026622252
0.26277193 0.027731677 0.00027731677
0.26308085 0.026019844 0.00026019844
0.26338977 0.02588566 0.0002588566
0.26369869 0.027071407 0.00027071407
0.2640076 0.02554238 0.0002554238
0.26431651 0.026336536 0.00026336536
0.26462543 0.027309057 0.00027309057
0.26493434 0.02784472 0.0002784472
0.26524325 0.026785813 0.00026785813
0.26555215 0.028609167 0.00028609167
0.26586106 0.02897946 0.0002897946
0.26616996 0.028069279 0.00028069279
0.26647887 0.025737785 0.00025737785
0.26678777 0.029408621 0.00029408621
0.26709667 0.026555457 0.00026555457
0.26740557 0.028894334 0.00028894334
0.26771447 0.028870433 0.00028870433
0.2678917 0.027294175 0.00027294175
0.26802336 0.026120876 0.00026120876
0.26833226 0.026561911 0.00026561911
0.26864115 0.027687286 0.00027687286
0.26895004 0.027444541 0.00027444541
0.26925893 0.026716503 0.00026716503
0.26956782 0.02568586 0.0002568586
0.26987671 0.028456237 0.00028456237
0.27018559 0.027501932 0.00027501932
0.27049448 0.025905725 0.00025905725
0.27080336 0.029283015 0.00029283015
0.27111224 0.027292861 0.00027292861
0.27142112 0.025964469 0.00025964469
0.27173 0.028449095 0.00028449095
0.27203888 0.026049346 0.00026049346
0.27234775 0.027771654 0.00027771654
0.27265663 0.026670605 0.00026670605
0.2729655 0.030048292 0.00030048292
0.27327437 0.025500857 0.00025500857
0.27358324 0.025559523 0.00025559523
0.27389211 0.026245482 0.00026245482
0.27420098 0.027536905 0.00027536905
0.27434578 0.027302245 0.00027302245
0.27450984 0.02703503 0.0002703503
0.2748187 0.024278528 0.00024278528
0.27512757 0.027634253 0.00027634253
0.27543643 0.025543941 0.00025543941
0.27574529 0.026751817 0.00026751817
0.27605414 0.028159123 0.00028159123
0.276363 0.029064018 0.00029064018
0.27667185 0.026194496 0.00026194496
0.27698071 0.027447742 0.00027447742
0.27728956 0.02782117 0.0002782117
0.27759841 0.028859682 0.00028859682
0.27790726 0.029201075 0.00029201075
0.2782161 0.028525034 0.00028525034
0.27852495 0.024828698 0.00024828698
0.27883379 0.027324039 0.00027324039
0.27914264 0.025310722 0.00025310722
0.27945148 0.026736856 0.00026736856
0.27976032 0.026199342 0.00026199342
0.28006915 0.026763913 0.00026763913
0.28037799 0.026516811 0.00026516811
0.28068683 0.02826698 0.0002826698
0.28095536 0.026943318 0.00026943318
0.28099566 0.026744585 0.00026744585
0.28130449 0.026944793 0.00026944793
0.28161332 0.027502135 0.00027502135
0.28192215 0.025388543 0.00025388543
0.28223098 0.026554114 0.00026554114
0.2825398 0.026575922 0.00026575922
0.28284863 0.027695854 0.00027695854
0.28315745 0.027885243 0.00027885243
0.28346627 0.025296094 0.00025296094
0.28377509 0.025075789 0.00025075789
0.28408391 0.027170038 0.00027170038
0.28439272 0.025996069 0.00025996069
0.28470154 0.028482546 0.00028482546
0.28501035 0.026318138 0.00026318138
0.28531916 0.027936063 0.00027936063
0.28562797 0.026822267 0.00026822267
0.28593678 0.03069868 0.0003069868
0.28624559 0.027568439 0.00027568439
0.2865544 0.027277696 0.00027277696
0.2868632 0.029365233 0.00029365233
0.287172 0.027221348 0.00027221348
0.2874808 0.027168418 0.00027168418
0.28772418 0.026445622 0.00026445622
0.2877896 0.026254825 0.00026254825
0.2880984 0.027529579 0.00027529579
0.2884072 0.02637741 0.0002637741
0.28871599 0.02902216 0.0002902216
0.28902478 0.027720462 0.00027720462
0.28933358 0.028114987 0.00028114987
0.28964237 0.029441986 0.00029441986
0.28995115 0.027799063 0.00027799063
0.29025994 0.025915283 0.00025915283
0.29056873 0.026942034 0.00026942034
0.29087751 0.027164517 0.00027164517
0.29118629 0.028328509 0.00028328509
0.29149507 0.025844767 0.00025844767
0.29180385 0.030131391 0.00030131391
0.29211263 0.02875105 0.0002875105
0.2924214 0.03128591 0.0003128591
0.29273018 0.027746963 0.00027746963
0.29303895 0.030627208 0.00030627208
0.29334772 0.029086071 0.00029086071
0.29365649 0.027697156 0.00027697156
0.29396526 0.028487862 0.00028487862
0.29427402 0.027838603 0.00027838603
0.29458279 0.02827833 0.0002827833
0.29465608 0.028528848 0.00028528848
0.29489155 0.029335714 0.00029335714
0.29520031 0.024744208 0.00024744208
0.29550907 0.027645667 0.00027645667
0.29581783 0.028047455 0.00028047455
0.29612659 0.027197686 0.00027197686
0.29643534 0.029740543 0.00029740543
0.2967441 0.02965403 0.0002965403
0.29705285 0.029497126 0.00029497126
0.2973616 0.029947546 0.00029947546
0.29767035 0.028216746 0.00028216746
0.29797909 0.030819202 0.00030819202
0.29828784 0.028046928 0.00028046928
0.29859658 0.032904267 0.00032904267
0.29890532 0.0282388 0.000282388
0.29921406 0.027224039 0.00027224039
0.2995228 0.030496357 0.00030496357
0.29983154 0.030161341 0.00030161341
