0.010059664 4.0513004 0.040513004
0.010369191 4.1084745 0.041084745
0.010678719 4.2879245 0.042879245
0.010988246 4.4549964 0.044549964
0.011297773 4.5385777 0.045385777
0.0116073 4.6345018 0.046345018
0.011916828 4.7778753 0.047778753
0.012226355 4.7875636 0.047875636
0.012535882 4.8925778 0.048925778
0.012845409 5.0134253 0.050134253
0.013154936 5.0566768 0.050566768
0.013464463 5.089202 0.05089202
0.013773989 5.1802675 0.051802675
0.014083516 5.223823 0.05223823
0.014393043 5.2321001 0.052321001
0.014702569 5.340723 0.05340723
0.015012096 5.3470846 0.053470846
0.015321622 5.3112393 0.053112393
0.015631148 5.3998748 0.053998748
0.015940675 5.4179739 0.054179739
0.016250201 5.4592477 0.054592477
0.016559727 5.4554735 0.054554735
0.016869253 5.4591084 0.054591084
0.017178779 5.5050654 0.055050654
0.017488304 5.5380223 0.055380223
0.01779783 5.5304868 0.055304868
0.018107355 5.5426294 0.055426294
0.018416881 5.559161 0.05559161
0.018726406 5.531822 0.05531822
0.019035932 5.5559549 0.055559549
0.019345457 5.5780703 0.055780703
0.019654982 5.5656146 0.055656146
0.019964507 5.5719055 0.055719055
0.020274032 5.5634341 0.055634341
0.020583556 5.5844657 0.055844657
0.020893081 5.6063251 0.056063251
0.021202605 5.5830701 0.055830701
0.02151213 5.5712317 0.055712317
0.021821654 5.5901384 0.055901384
0.022131178 5.5797934 0.055797934
0.022440702 5.5749531 0.055749531
0.022750226 5.583794 0.05583794
0.02305975 5.5617526 0.055617526
0.023369274 5.578691 0.05578691
0.023678797 5.5515298 0.055515298
0.023988321 5.5521711 0.055521711
0.024297844 5.5534267 0.055534267
0.024607367 5.5156364 0.055156364
0.02491689 5.5169894 0.055169894
0.025226413 5.5253775 0.055253775
0.025535936 5.5360296 0.055360296
0.025845458 5.5292511 0.055292511
0.026154981 5.4941714 0.054941714
0.026464503 5.5021068 0.055021068
0.026774025 5.5065213 0.055065213
0.027083547 5.4924174 0.054924174
0.027393069 5.4925613 0.054925613
0.027702591 5.5002361 0.055002361
0.028012112 5.4716046 0.054716046
0.028321634 5.4433447 0.054433447
0.028631155 5.4596547 0.054596547
0.028940676 5.4419922 0.054419922
0.029250197 5.4416337 0.054416337
0.029559718 5.4417897 0.054417897
0.029869238 5.423977 0.05423977
0.030178759 5.4355589 0.054355589
0.030488279 5.4142341 0.054142341
0.030797799 5.4129217 0.054129217
0.031107319 5.3850143 0.053850143
0.031416839 5.3806679 0.053806679
0.031726359 5.361199 0.05361199
0.032035878 5.3581149 0.053581149
0.032345397 5.3743191 0.053743191
0.032654916 5.3622326 0.053622326
0.032964435 5.334459 0.05334459
0.033273954 5.3279666 0.053279666
0.033583473 5.323061 0.05323061
0.033892991 5.2923604 0.052923604
0.034202509 5.296927 0.05296927
0.034512027 5.2622924 0.052622924
0.034821545 5.2640535 0.052640535
0.035131063 5.2503537 0.052503537
0.03544058 5.2481887 0.052481887
0.035750097 5.2514985 0.052514985
0.036059614 5.2196541 0.052196541
0.036369131 5.2237003 0.052237003
0.036678648 5.2155676 0.052155676
0.036988164 5.1960938 0.051960938
0.03729768 5.1838232 0.051838232
0.037607196 5.1902499 0.051902499
0.037916712 5.1630365 0.051630365
0.038226228 5.1480423 0.051480423
0.038535743 5.1364725 0.051364725
0.038845259 5.1267693 0.051267693
0.039154774 5.1186804 0.051186804
0.039464288 5.1171028 0.051171028
0.039773803 5.0914564 0.050914564
0.040083317 5.0899399 0.050899399
0.040392831 5.0709859 0.050709859
0.040702345 5.0619505 0.050619505
0.041011859 5.0603818 0.050603818
0.041321372 5.0369203 0.050369203
0.041630886 5.032864 0.05032864
0.041940399 5.0070278 0.050070278
0.042249911 4.9950331 0.049950331
0.042559424 4.9811858 0.049811858
0.042868936 4.9888057 0.049888057
0.043178448 4.9615555 0.049615555
0.04348796 4.9573412 0.049573412
0.043797472 4.9426555 0.049426555
0.044106983 4.9493797 0.049493797
0.044416494 4.9386043 0.049386043
0.044726005 4.9240269 0.049240269
0.045035516 4.9094667 0.049094667
0.045345026 4.9025352 0.049025352
0.045654536 4.8729023 0.048729023
0.045964046 4.8734635 0.048734635
0.046273556 4.85924 0.0485924
0.046583065 4.8418625 0.048418625
0.046892575 4.8178542 0.048178542
0.047202083 4.7896124 0.047896124
0.047511592 4.7798913 0.047798913
0.0478211 4.7807609 0.047807609
0.048130609 4.7832728 0.047832728
0.048440116 4.7561145 0.047561145
0.048749624 4.7461415 0.047461415
0.049059131 4.7316891 0.047316891
0.049368638 4.701185 0.04701185
0.049678145 4.7230236 0.047230236
0.049987652 4.6911504 0.046911504
0.050297158 4.6887765 0.046887765
0.050606664 4.6721602 0.046721602
0.05091617 4.6690627 0.046690627
0.051225675 4.6691348 0.046691348
0.05153518 4.6460035 0.046460035
0.051844685 4.6225075 0.046225075
0.05215419 4.6276538 0.046276538
0.052463694 4.6003549 0.046003549
0.052773198 4.5833304 0.045833304
0.053082702 4.5901645 0.045901645
0.053392205 4.5677275 0.045677275
0.053701708 4.5720811 0.045720811
0.054011211 4.5471277 0.045471277
0.054320713 4.5318002 0.045318002
0.054630216 4.5268488 0.045268488
0.054939718 4.4999661 0.044999661
0.055249219 4.4929296 0.044929296
0.055558721 4.4888122 0.044888122
0.055868222 4.4820386 0.044820386
0.056177722 4.4622009 0.044622009
0.056487223 4.4554258 0.044554258
0.056796723 4.4250114 0.044250114
0.057106223 4.4143526 0.044143526
0.057415722 4.3988815 0.043988815
0.057725221 4.3943251 0.043943251
0.05803472 4.3906194 0.043906194
0.058344219 4.3811808 0.043811808
0.058653717 4.3665611 0.043665611
0.058963215 4.330915 0.04330915
0.059272713 4.3308449 0.043308449
0.05958221 4.3310872 0.043310872
0.059891707 4.3283268 0.043283268
0.060201203 4.3079344 0.043079344
0.0605107 4.2997093 0.042997093
0.060820196 4.2776883 0.042776883
0.061129691 4.257651 0.04257651
0.061439187 4.2621524 0.042621524
0.061748681 4.2498714 0.042498714
0.062058176 4.2426471 0.042426471
0.06236767 4.2170604 0.042170604
0.062677164 4.2150114 0.042150114
0.062986658 4.2101964 0.042101964
0.063296151 4.1825612 0.041825612
0.063605644 4.1818233 0.041818233
0.063915137 4.170339 0.04170339
0.064224629 4.1424789 0.041424789
0.064534121 4.1380392 0.041380392
0.064843612 4.134006 0.04134006
0.065153103 4.1238023 0.041238023
0.065462594 4.1047614 0.041047614
0.065772085 4.0910999 0.040910999
0.066081575 4.0792501 0.040792501
0.066391064 4.0676391 0.040676391
0.066700554 4.0493154 0.040493154
0.067010043 4.0404405 0.040404405
0.067319531 4.0354854 0.040354854
0.06762902 4.0107051 0.040107051
0.067938508 3.999911 0.03999911
0.068247995 4.0020769 0.040020769
0.068557482 3.9825157 0.039825157
0.068866969 3.9658498 0.039658498
0.069176455 3.9560802 0.039560802
0.069485941 3.9407191 0.039407191
0.069795427 3.9299958 0.039299958
0.070104912 3.9070232 0.039070232
0.070414397 3.8987914 0.038987914
0.070723882 3.8918223 0.038918223
0.071033366 3.8827364 0.038827364
0.07134285 3.8604639 0.038604639
0.071652333 3.8520436 0.038520436
0.071961816 3.8356098 0.038356098
0.072271298 3.8262987 0.038262987
0.07258078 3.8214169 0.038214169
0.072890262 3.7977541 0.037977541
0.073199744 3.7925 0.037925
0.073509225 3.7805399 0.037805399
0.073818705 3.762293 0.03762293
0.074128185 3.7506814 0.037506814
0.074437665 3.7377002 0.037377002
0.074747144 3.7155042 0.037155042
0.075056623 3.7124991 0.037124991
0.075366102 3.6999933 0.036999933
0.07567558 3.6920912 0.036920912
0.075985058 3.675368 0.03675368
0.076294535 3.6621904 0.036621904
0.076604012 3.6518649 0.036518649
0.076913488 3.6352448 0.036352448
0.077222964 3.6216666 0.036216666
0.07753244 3.6081053 0.036081053
0.077841915 3.5894696 0.035894696
0.07815139 3.5938534 0.035938534
0.078460864 3.57478 0.0357478
0.078770338 3.5629531 0.035629531
0.079079812 3.5471181 0.035471181
0.079389285 3.5343573 0.035343573
0.079698757 3.5213608 0.035213608
0.080008229 3.5054911 0.035054911
0.080317701 3.4982605 0.034982605
0.080627172 3.4887416 0.034887416
0.080936643 3.4715327 0.034715327
0.081246114 3.4609036 0.034609036
0.081555584 3.4476977 0.034476977
0.081865053 3.4396126 0.034396126
0.082174522 3.4236217 0.034236217
0.082483991 3.4149482 0.034149482
0.082793459 3.3904579 0.033904579
0.083102927 3.3920929 0.033920929
0.083412394 3.3752474 0.033752474
0.083721861 3.3604388 0.033604388
0.084031327 3.3484364 0.033484364
0.084340793 3.3340824 0.033340824
0.084650259 3.3156922 0.033156922
0.084959724 3.3054655 0.033054655
0.085269188 3.2921937 0.032921937
0.085578652 3.2772619 0.032772619
0.085888116 3.2663907 0.032663907
0.086197579 3.2521542 0.032521542
0.086507042 3.250588 0.03250588
0.086816504 3.2301955 0.032301955
0.087125966 3.2230926 0.032230926
0.087435427 3.216627 0.03216627
0.087744888 3.1964176 0.031964176
0.088054348 3.1823861 0.031823861
0.088363808 3.1728867 0.031728867
0.088673267 3.1578628 0.031578628
0.088982726 3.1486298 0.031486298
0.089292184 3.1380798 0.031380798
0.089601642 3.128994 0.03128994
0.089911099 3.1194108 0.031194108
0.090220556 3.0996908 0.030996908
0.090530013 3.0942564 0.030942564
0.090839469 3.0798044 0.030798044
0.091148924 3.0604213 0.030604213
0.091458379 3.0564036 0.030564036
0.091767833 3.0374701 0.030374701
0.092077287 3.0320357 0.030320357
0.092386741 3.010418 0.03010418
0.092696194 3.0052163 0.030052163
0.093005646 2.9945132 0.029945132
0.093315098 2.9750506 0.029750506
0.093624549 2.9681035 0.029681035
0.093934 2.9511493 0.029511493
0.09424345 2.9399731 0.029399731
0.0945529 2.9257157 0.029257157
0.09486235 2.9109949 0.029109949
0.095171798 2.8978087 0.028978087
0.095481247 2.8891405 0.028891405
0.095790694 2.8737351 0.028737351
0.096100142 2.8677979 0.028677979
0.096409588 2.8557314 0.028557314
0.096719035 2.8410337 0.028410337
0.09702848 2.8283209 0.028283209
0.097337925 2.8175848 0.028175848
0.09764737 2.8071766 0.028071766
0.097956814 2.7958256 0.027958256
0.098266257 2.7693062 0.027693062
0.0985757 2.7701228 0.027701228
0.098885143 2.7553931 0.027553931
0.099194585 2.7440643 0.027440643
0.099504026 2.7296138 0.027296138
0.099813467 2.7191723 0.027191723
0.10012291 2.7000299 0.027000299
0.10043235 2.6916375 0.026916375
0.10074179 2.6821135 0.026821135
0.10105122 2.6651409 0.026651409
0.10136066 2.6634575 0.026634575
0.1016701 2.6456036 0.026456036
0.10197954 2.6320872 0.026320872
0.10228897 2.6248003 0.026248003
0.10259841 2.6136018 0.026136018
0.10290785 2.5890288 0.025890288
0.10321728 2.5831532 0.025831532
0.10352671 2.5713813 0.025713813
0.10383615 2.5632226 0.025632226
0.10414558 2.5545942 0.025545942
0.10445501 2.5331807 0.025331807
0.10476445 2.5219282 0.025219282
0.10507388 2.5162625 0.025162625
0.10538331 2.4993942 0.024993942
0.10569274 2.4930422 0.024930422
0.10600217 2.4790704 0.024790704
0.1063116 2.465096 0.02465096
0.10662102 2.4560994 0.024560994
0.10693045 2.4432174 0.024432174
0.10723988 2.4260008 0.024260008
0.10754931 2.4143379 0.024143379
0.10785873 2.4110919 0.024110919
0.10816816 2.3943444 0.023943444
0.10847758 2.3832395 0.023832395
0.10878701 2.3736294 0.023736294
0.10909643 2.3684029 0.023684029
0.10940585 2.3500311 0.023500311
0.10971528 2.3391618 0.023391618
0.1100247 2.3275621 0.023275621
0.11033412 2.3124846 0.023124846
0.11064354 2.2984984 0.022984984
0.11095296 2.2897627 0.022897627
0.11126238 2.2798551 0.022798551
0.1115718 2.2650918 0.022650918
0.11188122 2.2547958 0.022547958
0.11219064 2.240421 0.02240421
0.11250005 2.2329597 0.022329597
0.11280947 2.2227348 0.022227348
0.11311889 2.2087723 0.022087723
0.1134283 2.2007498 0.022007498
0.11373772 2.1825817 0.021825817
0.11404713 2.1727012 0.021727012
0.11435654 2.1622746 0.021622746
0.11466596 2.1550003 0.021550003
0.11497537 2.1417841 0.021417841
0.11528478 2.1287639 0.021287639
0.11559419 2.1178069 0.021178069
0.1159036 2.1067488 0.021067488
0.11621301 2.0997276 0.020997276
0.11652242 2.0870534 0.020870534
0.11683183 2.0753152 0.020753152
0.11714124 2.0627266 0.020627266
0.11745064 2.0542773 0.020542773
0.11776005 2.038736 0.02038736
0.11806945 2.0303976 0.020303976
0.11837886 2.0160226 0.020160226
0.11868826 2.0076927 0.020076927
0.11899767 1.9973945 0.019973945
0.11930707 1.9869263 0.019869263
0.11961647 1.9717632 0.019717632
0.11992588 1.9648103 0.019648103
0.12023528 1.9542463 0.019542463
0.12054468 1.9441974 0.019441974
0.12085408 1.9286782 0.019286782
0.12116348 1.9220496 0.019220496
0.12147288 1.9100607 0.019100607
0.12178227 1.8983999 0.018983999
0.12209167 1.889319 0.01889319
0.12240107 1.8774537 0.018774537
0.12271046 1.8667769 0.018667769
0.12301986 1.8595602 0.018595602
0.12332925 1.8424914 0.018424914
0.12363865 1.8361903 0.018361903
0.12394804 1.8203235 0.018203235
0.12425743 1.8190379 0.018190379
0.12456683 1.8072286 0.018072286
0.12487622 1.7895174 0.017895174
0.12518561 1.781794 0.01781794
0.125495 1.7714271 0.017714271
0.12580439 1.761929 0.01761929
0.12611377 1.7533256 0.017533256
0.12642316 1.7422794 0.017422794
0.12673255 1.735194 0.01735194
0.12704194 1.7196233 0.017196233
0.12735132 1.7104005 0.017104005
0.12766071 1.7003953 0.017003953
0.12797009 1.6939998 0.016939998
0.12827947 1.6809278 0.016809278
0.12858886 1.6691034 0.016691034
0.12889824 1.658464 0.01658464
0.12920762 1.6486731 0.016486731
0.129517 1.6388772 0.016388772
0.12982638 1.6294398 0.016294398
0.13013576 1.6144322 0.016144322
0.13044514 1.6150732 0.016150732
0.13075452 1.5981184 0.015981184
0.1310639 1.5903 0.015903
0.13137327 1.5829433 0.015829433
0.13168265 1.5692486 0.015692486
0.13199202 1.5585518 0.015585518
0.1323014 1.5522779 0.015522779
0.13261077 1.5417314 0.015417314
0.13292015 1.5339877 0.015339877
0.13322952 1.5213503 0.015213503
0.13353889 1.510224 0.01510224
0.13384826 1.5025908 0.015025908
0.13415763 1.4936551 0.014936551
0.134467 1.4838 0.014838
0.13477637 1.4748133 0.014748133
0.13508574 1.4634473 0.014634473
0.1353951 1.4501242 0.014501242
0.13570447 1.4451692 0.014451692
0.13601383 1.433257 0.01433257
0.1363232 1.4230958 0.014230958
0.13663256 1.4218056 0.014218056
0.13694193 1.4057501 0.014057501
0.13725129 1.3999291 0.013999291
0.13756065 1.3898263 0.013898263
0.13787001 1.3768364 0.013768364
0.13817937 1.3705539 0.013705539
0.13848873 1.3559628 0.013559628
0.13879809 1.3520051 0.013520051
0.13910745 1.3437917 0.013437917
0.13941681 1.3369224 0.013369224
0.13972616 1.3259694 0.013259694
0.14003552 1.3133474 0.013133474
0.14034488 1.3068186 0.013068186
0.14065423 1.2990978 0.012990978
0.14096358 1.2902504 0.012902504
0.14127294 1.2815524 0.012815524
0.14158229 1.2696709 0.012696709
0.14189164 1.2654386 0.012654386
0.14220099 1.2540164 0.012540164
0.14251034 1.2444835 0.012444835
0.14281969 1.2379045 0.012379045
0.14312904 1.2273105 0.012273105
0.14343838 1.2162662 0.012162662
0.14374773 1.2108255 0.012108255
0.14405708 1.2015707 0.012015707
0.14436642 1.196046 0.01196046
0.14467577 1.1868425 0.011868425
0.14498511 1.1797714 0.011797714
0.14529445 1.1705132 0.011705132
0.14560379 1.1581662 0.011581662
0.14591314 1.1542883 0.011542883
0.14622248 1.1460532 0.011460532
0.14653182 1.135151 0.01135151
0.14684115 1.1265455 0.011265455
0.14715049 1.1186426 0.011186426
0.14745983 1.1092419 0.011092419
0.14776917 1.0995394 0.010995394
0.1480785 1.0929423 0.010929423
0.14838784 1.0867438 0.010867438
0.14869717 1.0762782 0.010762782
0.1490065 1.0692973 0.010692973
0.14931583 1.0622136 0.010622136
0.14962517 1.0548933 0.010548933
0.1499345 1.0446315 0.010446315
0.15024383 1.0389053 0.010389053
0.15055316 1.0308583 0.010308583
0.15086248 1.0191612 0.010191612
0.15117181 1.0148135 0.010148135
0.15148114 1.0082679 0.010082679
0.15179046 0.99839904 0.0099839904
0.15209979 0.99274559 0.0099274559
0.15240911 0.98283665 0.0098283665
0.15271844 0.97623775 0.0097623775
0.15302776 0.96542426 0.0096542426
0.15333708 0.9595129 0.009595129
0.1536464 0.9540075 0.009540075
0.15395572 0.94688963 0.0094688963
0.15426504 0.94098994 0.0094098994
0.15457436 0.93500379 0.0093500379
0.15488367 0.92419979 0.0092419979
0.15519299 0.91680872 0.0091680872
0.15550231 0.91161794 0.0091161794
0.15581162 0.9032448 0.009032448
0.15612093 0.88730481 0.0088730481
0.15643025 0.88524683 0.0088524683
0.15673956 0.87504035 0.0087504035
0.15704887 0.87408727 0.0087408727
0.15735818 0.86644469 0.0086644469
0.15766749 0.85803316 0.0085803316
0.1579768 0.85230879 0.0085230879
0.15828611 0.84711149 0.0084711149
0.15859542 0.83747954 0.0083747954
0.15890472 0.8304135 0.008304135
0.15921403 0.82646302 0.0082646302
0.15952333 0.81591142 0.0081591142
0.15983264 0.8080866 0.008080866
0.16014194 0.80104707 0.0080104707
0.16045124 0.79697388 0.0079697388
0.16076054 0.78858288 0.0078858288
0.16106984 0.77994656 0.0077994656
0.16137914 0.77608204 0.0077608204
0.16168844 0.76858868 0.0076858868
0.16199774 0.76419065 0.0076419065
0.16230703 0.75926228 0.0075926228
0.16261633 0.75130158 0.0075130158
0.16292562 0.7461635 0.007461635
0.16323492 0.74095541 0.0074095541
0.16354421 0.73192318 0.0073192318
0.1638535 0.72730434 0.0072730434
0.16416279 0.72041309 0.0072041309
0.16447208 0.71109975 0.0071109975
0.16478137 0.7050828 0.007050828
0.16509066 0.69697679 0.0069697679
0.16539995 0.69176288 0.0069176288
0.16570924 0.69067548 0.0069067548
0.16601852 0.6844834 0.006844834
0.16632781 0.67382146 0.0067382146
0.16663709 0.66541965 0.0066541965
0.16694637 0.66667931 0.0066667931
0.16725566 0.65804294 0.0065804294
0.16756494 0.65114018 0.0065114018
0.16787422 0.64591622 0.0064591622
0.1681835 0.63856449 0.0063856449
0.16849278 0.63160719 0.0063160719
0.16880205 0.62849114 0.0062849114
0.16911133 0.62392255 0.0062392255
0.16942061 0.6176814 0.006176814
0.16972988 0.61179332 0.0061179332
0.17003916 0.60571916 0.0060571916
0.17034843 0.59985177 0.0059985177
0.1706577 0.5941092 0.005941092
0.17096697 0.58759071 0.0058759071
0.17127624 0.58638318 0.0058638318
0.17158551 0.57666414 0.0057666414
0.17189478 0.57499935 0.0057499935
0.17220405 0.56731025 0.0056731025
0.17251331 0.56480145 0.0056480145
0.17282258 0.55773633 0.0055773633
0.17313184 0.55007605 0.0055007605
0.17344111 0.54661607 0.0054661607
0.17375037 0.54031617 0.0054031617
0.17405963 0.53342354 0.0053342354
0.17436889 0.53017462 0.0053017462
0.17467815 0.52466001 0.0052466001
0.17498741 0.52296801 0.0052296801
0.17529667 0.51831913 0.0051831913
0.17560593 0.50902915 0.0050902915
0.17591518 0.50702881 0.0050702881
0.17622444 0.50221081 0.0050221081
0.17653369 0.4920739 0.004920739
0.17684295 0.49182473 0.0049182473
0.1771522 0.48636651 0.0048636651
0.17746145 0.48249072 0.0048249072
0.1777707 0.47672521 0.0047672521
0.17807995 0.47122877 0.0047122877
0.1783892 0.46553578 0.0046553578
0.17869844 0.46091269 0.0046091269
0.17900769 0.45624438 0.0045624438
0.17931694 0.45370475 0.0045370475
0.17962618 0.45003825 0.0045003825
0.17993542 0.44237349 0.0044237349
0.18024467 0.43967463 0.0043967463
0.18055391 0.43381953 0.0043381953
0.18086315 0.43164163 0.0043164163
0.18117239 0.42603141 0.0042603141
0.18148163 0.41903285 0.0041903285
0.18179086 0.41675209 0.0041675209
0.1821001 0.41247116 0.0041247116
0.18240934 0.40842309 0.0040842309
0.18271857 0.40219646 0.0040219646
0.1830278 0.40089798 0.0040089798
0.18333704 0.39861234 0.0039861234
0.18364627 0.39184902 0.0039184902
0.1839555 0.39041244 0.0039041244
0.18426473 0.38493792 0.0038493792
0.18457396 0.37795185 0.0037795185
0.18488318 0.37432415 0.0037432415
0.18519241 0.37091659 0.0037091659
0.18550164 0.36834692 0.0036834692
0.18581086 0.36373973 0.0036373973
0.18612009 0.35626497 0.0035626497
0.18642931 0.35236696 0.0035236696
0.18673853 0.34973442 0.0034973442
0.18704775 0.34773732 0.0034773732
0.18735697 0.3404696 0.003404696
0.18766619 0.33900733 0.0033900733
0.1879754 0.33757844 0.0033757844
0.18828462 0.33142064 0.0033142064
0.18859384 0.33135177 0.0033135177
0.18890305 0.32645913 0.0032645913
0.18921226 0.32337614 0.0032337614
0.18952148 0.31668361 0.0031668361
0.18983069 0.3140282 0.003140282
0.1901399 0.30884329 0.0030884329
0.19044911 0.30483431 0.0030483431
0.19075832 0.30057 0.0030057
0.19106752 0.30054159 0.0030054159
0.19137673 0.29751161 0.0029751161
0.19168593 0.2921781 0.002921781
0.19199514 0.28904819 0.0028904819
0.19230434 0.28517821 0.0028517821
0.19261354 0.28268243 0.0028268243
0.19292274 0.28211034 0.0028211034
0.19323194 0.27598671 0.0027598671
0.19354114 0.27220248 0.0027220248
0.19385034 0.27045223 0.0027045223
0.19415954 0.26758455 0.0026758455
0.19446873 0.26422938 0.0026422938
0.19477793 0.26157222 0.0026157222
0.19508712 0.25635538 0.0025635538
0.19539631 0.25196385 0.0025196385
0.1957055 0.24984461 0.0024984461
0.19601469 0.24997287 0.0024997287
0.19632388 0.24602783 0.0024602783
0.19663307 0.24071775 0.0024071775
0.19694226 0.23867571 0.0023867571
0.19725144 0.23665421 0.0023665421
0.19756063 0.2343131 0.002343131
0.19786981 0.2317798 0.002317798
0.19817899 0.2251082 0.002251082
0.19848818 0.22607202 0.0022607202
0.19879736 0.22321716 0.0022321716
0.19910654 0.2190137 0.002190137
0.19941572 0.21605068 0.0021605068
0.19972489 0.21375507 0.0021375507
0.20003407 0.21262326 0.0021262326
0.20034324 0.20779927 0.0020779927
0.20065242 0.2044399 0.002044399
0.20096159 0.20462882 0.0020462882
0.20127076 0.20177996 0.0020177996
0.20157993 0.20022939 0.0020022939
0.2018891 0.19488909 0.0019488909
0.20219827 0.19080336 0.0019080336
0.20250744 0.18914776 0.0018914776
0.20281661 0.18886798 0.0018886798
0.20312577 0.18465633 0.0018465633
0.20343493 0.18059416 0.0018059416
0.2037441 0.17854769 0.0017854769
0.20405326 0.17647171 0.0017647171
0.20436242 0.17326198 0.0017326198
0.20467158 0.17342589 0.0017342589
0.20498074 0.17124123 0.0017124123
0.2052899 0.16936633 0.0016936633
0.20559905 0.16620776 0.0016620776
0.20590821 0.16221876 0.0016221876
0.20621736 0.16201818 0.0016201818
0.20652651 0.15841487 0.0015841487
0.20683567 0.15725606 0.0015725606
0.20714482 0.15179274 0.0015179274
0.20745397 0.15120884 0.0015120884
0.20776312 0.15133124 0.0015133124
0.20807226 0.15005942 0.0015005942
0.20838141 0.14550635 0.0014550635
0.20869055 0.14288407 0.0014288407
0.2089997 0.14209314 0.0014209314
0.20930884 0.1396919 0.001396919
0.20961798 0.14457234 0.0014457234
0.20992712 0.14055208 0.0014055208
0.21023626 0.1342325 0.001342325
0.2105454 0.13179877 0.0013179877
0.21085454 0.13125452 0.0013125452
0.21116367 0.13027587 0.0013027587
0.21147281 0.12650642 0.0012650642
0.21178194 0.12707703 0.0012707703
0.21209107 0.12186064 0.0012186064
0.21240021 0.12517475 0.0012517475
0.21270934 0.12016605 0.0012016605
0.21301846 0.12046358 0.0012046358
0.21332759 0.12039163 0.0012039163
0.21363672 0.11744683 0.0011744683
0.21394584 0.11357676 0.0011357676
0.21425497 0.11171327 0.0011171327
0.21456409 0.1122936 0.001122936
0.21487321 0.10993568 0.0010993568
0.21518234 0.10575459 0.0010575459
0.21549145 0.10375953 0.0010375953
0.21580057 0.10222472 0.0010222472
0.21610969 0.10077421 0.0010077421
0.21641881 0.098566575 0.00098566575
0.21672792 0.099941834 0.00099941834
0.21703704 0.09765093 0.0009765093
0.21734615 0.094773775 0.00094773775
0.21765526 0.093558438 0.00093558438
0.21796437 0.093002365 0.00093002365
0.21827348 0.090192251 0.00090192251
0.21858259 0.08663169 0.0008663169
0.21889169 0.088205416 0.00088205416
0.2192008 0.088887898 0.00088887898
0.2195099 0.087383504 0.00087383504
0.21981901 0.085965856 0.00085965856
0.22012811 0.083641743 0.00083641743
0.22043721 0.085027157 0.00085027157
0.22074631 0.084046264 0.00084046264
0.22105541 0.077998623 0.00077998623
0.2213645 0.077307542 0.00077307542
0.2216736 0.077415387 0.00077415387
0.22198269 0.076180717 0.00076180717
0.22229179 0.074470689 0.00074470689
0.22260088 0.074823369 0.00074823369
0.22290997 0.074747713 0.00074747713
0.22321906 0.073204787 0.00073204787
0.22352815 0.068879174 0.00068879174
0.22383724 0.06737247 0.0006737247
0.22414632 0.065134587 0.00065134587
0.22445541 0.064219438 0.00064219438
0.22476449 0.066402474 0.00066402474
0.22507357 0.064521355 0.00064521355
0.22538265 0.063336712 0.00063336712
0.22569174 0.062755792 0.00062755792
0.22600081 0.060619887 0.00060619887
0.22630989 0.058021265 0.00058021265
0.22661897 0.060872457 0.00060872457
0.22692804 0.06096815 0.0006096815
0.22723712 0.058959103 0.00058959103
0.22754619 0.05221548 0.0005221548
0.22785526 0.056535381 0.00056535381
0.22816433 0.052891122 0.00052891122
0.2284734 0.055558652 0.00055558652
0.22878247 0.055771461 0.00055771461
0.22909153 0.052279471 0.00052279471
0.2294006 0.052534698 0.00052534698
0.22970966 0.049903197 0.00049903197
0.23001873 0.049240419 0.00049240419
0.23032779 0.046375653 0.00046375653
0.23063685 0.048237616 0.00048237616
0.23094591 0.050601205 0.00050601205
0.23125496 0.046348453 0.00046348453
0.23156402 0.045076036 0.00045076036
0.23187308 0.040931723 0.00040931723
0.23218213 0.044367876 0.00044367876
0.23249118 0.042484533 0.00042484533
0.23280023 0.041077583 0.00041077583
0.23310928 0.043124206 0.00043124206
0.23341833 0.040089255 0.00040089255
0.23372738 0.043177837 0.00043177837
0.23403643 0.041509872 0.00041509872
0.23434547 0.037439491 0.00037439491
0.23465451 0.035254635 0.00035254635
0.23496356 0.036563205 0.00036563205
0.2352726 0.040420523 0.00040420523
0.23558164 0.039335553 0.00039335553
0.23589068 0.035439404 0.00035439404
0.23619971 0.03493691 0.0003493691
0.23650875 0.033908242 0.00033908242
0.23681778 0.03076182 0.0003076182
0.23712682 0.032799888 0.00032799888
0.23743585 0.030228521 0.00030228521
0.23774488 0.034106245 0.00034106245
0.23805391 0.031019944 0.00031019944
0.23836294 0.032181833 0.00032181833
0.23867197 0.033353698 0.00033353698
0.23898099 0.027113258 0.00027113258
0.23929002 0.027515825 0.00027515825
0.23959904 0.027885602 0.00027885602
0.23990806 0.032358143 0.00032358143
0.24021708 0.027193799 0.00027193799
0.2405261 0.030288142 0.00030288142
0.24083512 0.025559135 0.00025559135
0.24114413 0.029457625 0.00029457625
0.24145315 0.024989922 0.00024989922
0.24176216 0.027801172 0.00027801172
0.24207118 0.027958655 0.00027958655
0.24238019 0.024171158 0.00024171158
0.2426892 0.026739153 0.00026739153
0.24299821 0.024300252 0.00024300252
0.24330721 0.025047309 0.00025047309
0.24361622 0.027014226 0.00027014226
0.24392522 0.021832883 0.00021832883
0.24423423 0.022074543 0.00022074543
0.24454323 0.021244246 0.00021244246
0.24485223 0.020212909 0.00020212909
0.24516123 0.021899994 0.00021899994
0.24547023 0.022117709 0.00022117709
0.24577922 0.019029834 0.00019029834
0.24608822 0.018294679 0.00018294679
0.24639721 0.021204541 0.00021204541
0.24670621 0.02064252 0.0002064252
0.2470152 0.020632858 0.00020632858
0.24732419 0.0198514 0.000198514
0.24763318 0.020151712 0.00020151712
0.24794216 0.01891511 0.0001891511
0.24825115 0.017349726 0.00017349726
0.24856013 0.018182341 0.00018182341
0.24886912 0.016773473 0.00016773473
0.2491781 0.018989468 0.00018989468
0.24948708 0.01627586 0.0001627586
0.24979606 0.016883967 0.00016883967
0.25010504 0.018844587 0.00018844587
0.25041401 0.018421665 0.00018421665
0.25072299 0.019259381 0.00019259381
0.25103196 0.015348981 0.00015348981
0.25134093 0.016379663 0.00016379663
0.2516499 0.017484164 0.00017484164
0.25195887 0.019276179 0.00019276179
0.25226784 0.01723896 0.0001723896
0.25257681 0.014788683 0.00014788683
0.25288577 0.018187983 0.00018187983
0.25319474 0.019556283 0.00019556283
0.2535037 0.019147849 0.00019147849
0.25381266 0.013273939 0.00013273939
0.25412162 0.016736806 0.00016736806
0.25443058 0.015976278 0.00015976278
0.25473954 0.018217542 0.00018217542
0.25504849 0.013912935 0.00013912935
0.25535745 0.019429849 0.00019429849
0.2556664 0.017499079 0.00017499079
0.25597535 0.016246351 0.00016246351
0.2562843 0.01594548 0.0001594548
0.25659325 0.016202919 0.00016202919
0.2569022 0.017028849 0.00017028849
0.25721115 0.014594093 0.00014594093
0.25752009 0.015068944 0.00015068944
0.25782903 0.012998432 0.00012998432
0.25813798 0.017004392 0.00017004392
0.25844692 0.015261489 0.00015261489
0.25875585 0.0145119 0.000145119
0.25906479 0.01372673 0.0001372673
0.25937373 0.015278579 0.00015278579
0.25968266 0.015336778 0.00015336778
0.2599916 0.013661914 0.00013661914
0.26030053 0.014617507 0.00014617507
0.26060946 0.018084797 0.00018084797
0.26091839 0.013778542 0.00013778542
0.26122732 0.012661745 0.00012661745
0.26153624 0.014257923 0.00014257923
0.26184517 0.014055833 0.00014055833
0.26215409 0.019122774 0.00019122774
0.26246301 0.013925484 0.00013925484
0.26277193 0.016657798 0.00016657798
0.26308085 0.014085498 0.00014085498
0.26338977 0.013281863 0.00013281863
0.26369869 0.015827169 0.00015827169
0.2640076 0.013773535 0.00013773535
0.26431651 0.013761162 0.00013761162
0.26462543 0.017672804 0.00017672804
0.26493434 0.01423726 0.0001423726
0.26524325 0.0095497584 9.5497584e-05
0.26555215 0.012702234 0.00012702234
0.26586106 0.012503465 0.00012503465
0.26616996 0.01304914 0.0001304914
0.26647887 0.014444476 0.00014444476
0.26678777 0.016870795 0.00016870795
0.26709667 0.011741131 0.00011741131
0.26740557 0.012387425 0.00012387425
0.26771447 0.013137407 0.00013137407
0.26802336 0.013861345 0.00013861345
0.26833226 0.013154582 0.00013154582
0.26864115 0.017425588 0.00017425588
0.26895004 0.017830611 0.00017830611
0.26925893 0.014868685 0.00014868685
0.26956782 0.01526461 0.0001526461
0.26987671 0.013175462 0.00013175462
0.27018559 0.015330862 0.00015330862
0.27049448 0.013875862 0.00013875862
0.27080336 0.013883148 0.00013883148
0.27111224 0.014368197 0.00014368197
0.27142112 0.01587351 0.0001587351
0.27173 0.020883994 0.00020883994
0.27203888 0.016205029 0.00016205029
0.27234775 0.016148466 0.00016148466
0.27265663 0.017070419 0.00017070419
0.2729655 0.014497786 0.00014497786
0.27327437 0.015374841 0.00015374841
0.27358324 0.016294552 0.00016294552
0.27389211 0.020559842 0.00020559842
0.27420098 0.013967912 0.00013967912
0.27450984 0.015323165 0.00015323165
0.2748187 0.019594227 0.00019594227
0.27512757 0.016256596 0.00016256596
0.27543643 0.01705447 0.0001705447
0.27574529 0.020441647 0.00020441647
0.27605414 0.013415273 0.00013415273
0.276363 0.018213124 0.00018213124
0.27667185 0.014987615 0.00014987615
0.27698071 0.016858011 0.00016858011
0.27728956 0.01691971 0.0001691971
0.27759841 0.017473567 0.00017473567
0.27790726 0.015760472 0.00015760472
0.2782161 0.017372208 0.00017372208
0.27852495 0.019141113 0.00019141113
0.27883379 0.022625118 0.00022625118
0.27914264 0.020329598 0.00020329598
0.27945148 0.014625031 0.00014625031
0.27976032 0.019256148 0.00019256148
0.28006915 0.01905568 0.0001905568
0.28037799 0.020272937 0.00020272937
0.28068683 0.019173284 0.00019173284
0.28099566 0.016136842 0.00016136842
0.28130449 0.018807452 0.00018807452
0.28161332 0.018485636 0.00018485636
0.28192215 0.018679369 0.00018679369
0.28223098 0.017786504 0.00017786504
0.2825398 0.018515469 0.00018515469
0.28284863 0.017864883 0.00017864883
0.28315745 0.021740794 0.00021740794
0.28346627 0.016237498 0.00016237498
0.28377509 0.018659344 0.00018659344
0.28408391 0.017879099 0.00017879099
0.28439272 0.021438434 0.00021438434
0.28470154 0.016007015 0.00016007015
0.28501035 0.022797706 0.00022797706
0.28531916 0.017334811 0.00017334811
0.28562797 0.019093798 0.00019093798
0.28593678 0.018061584 0.00018061584
0.28624559 0.017477208 0.00017477208
0.2865544 0.015500056 0.00015500056
0.2868632 0.020382746 0.00020382746
0.287172 0.014998667 0.00014998667
0.2874808 0.019795562 0.00019795562
0.2877896 0.022451564 0.00022451564
0.2880984 0.019655134 0.00019655134
0.2884072 0.019129704 0.00019129704
0.28871599 0.019981897 0.00019981897
0.28902478 0.018614821 0.00018614821
0.28933358 0.018289998 0.00018289998
0.28964237 0.025075391 0.00025075391
0.28995115 0.02 0.0002
0.29025994 0.020051202 0.00020051202
0.29056873 0.021206613 0.00021206613
0.29087751 0.025266048 0.00025266048
0.29118629 0.020814845 0.00020814845
0.29149507 0.024635898 0.00024635898
0.29180385 0.021641796 0.00021641796
0.29211263 0.019540483 0.00019540483
0.2924214 0.020087405 0.00020087405
0.29273018 0.023655585 0.00023655585
0.29303895 0.022302237 0.00022302237
0.29334772 0.021614005 0.00021614005
0.29365649 0.023055532 0.00023055532
0.29396526 0.018148019 0.00018148019
0.29427402 0.018453761 0.00018453761
0.29458279 0.023240554 0.00023240554
0.29489155 0.023074835 0.00023074835
0.29520031 0.020736582 0.00020736582
0.29550907 0.020632186 0.00020632186
0.29581783 0.020586248 0.00020586248
0.29612659 0.020948132 0.00020948132
0.29643534 0.024735294 0.00024735294
0.2967441 0.02660221 0.0002660221
0.29705285 0.025616511 0.00025616511
0.2973616 0.0219898 0.000219898
0.29767035 0.021167781 0.00021167781
0.29797909 0.019811748 0.00019811748
0.29828784 0.024402488 0.00024402488
0.29859658 0.023831708 0.00023831708
0.29890532 0.023073746 0.00023073746
0.29921406 0.024536951 0.00024536951
0.2995228 0.022962119 0.00022962119
0.29983154 0.025913601 0.00025913601
