0.010059664 4.0452292 0.040452292
0.010369191 4.1676465 0.041676465
0.010678719 4.3812678 0.043812678
0.010988246 4.5250093 0.045250093
0.011297773 4.5983472 0.045983472
0.0116073 4.6862517 0.046862517
0.011916828 4.8319692 0.048319692
0.012226355 4.8599131 0.048599131
0.012535882 4.9951494 0.049951494
0.012845409 5.1132746 0.051132746
0.013154936 5.1901701 0.051901701
0.013464463 5.2188393 0.052188393
0.013773989 5.2852076 0.052852076
0.014083516 5.3172457 0.053172457
0.014393043 5.3637442 0.053637442
0.014702569 5.4861445 0.054861445
0.015012096 5.5086577 0.055086577
0.015321622 5.4782716 0.054782716
0.015631148 5.5324177 0.055324177
0.015940675 5.5994313 0.055994313
0.016250201 5.6432406 0.056432406
0.016559727 5.6629962 0.056629962
0.016869253 5.6697265 0.056697265
0.017178779 5.6799147 0.056799147
0.017488304 5.7312814 0.057312814
0.01779783 5.7521034 0.057521034
0.018107355 5.7713883 0.057713883
0.018416881 5.793309 0.05793309
0.018726406 5.7570079 0.057570079
0.019035932 5.809447 0.05809447
0.019345457 5.7995201 0.057995201
0.019654982 5.8348702 0.058348702
0.019964507 5.8422192 0.058422192
0.020274032 5.8289851 0.058289851
0.020583556 5.833979 0.05833979
0.020893081 5.8677615 0.058677615
0.021202605 5.8432883 0.058432883
0.02151213 5.8348134 0.058348134
0.021821654 5.8614616 0.058614616
0.022131178 5.859206 0.05859206
0.022440702 5.8746568 0.058746568
0.022750226 5.8689535 0.058689535
0.02305975 5.8416508 0.058416508
0.023369274 5.8391538 0.058391538
0.023678797 5.8556896 0.058556896
0.023988321 5.8611595 0.058611595
0.024297844 5.8417592 0.058417592
0.024607367 5.8132297 0.058132297
0.02491689 5.8356886 0.058356886
0.025226413 5.8419039 0.058419039
0.025535936 5.8427821 0.058427821
0.025845458 5.8235582 0.058235582
0.026154981 5.8206353 0.058206353
0.026464503 5.8139154 0.058139154
0.026774025 5.8183934 0.058183934
0.027083547 5.8047583 0.058047583
0.027393069 5.8155398 0.058155398
0.027702591 5.7776027 0.057776027
0.028012112 5.7991088 0.057991088
0.028321634 5.7740943 0.057740943
0.028631155 5.7913374 0.057913374
0.028940676 5.7825306 0.057825306
0.029250197 5.7660149 0.057660149
0.029559718 5.7663494 0.057663494
0.029869238 5.7519793 0.057519793
0.030178759 5.75276 0.0575276
0.030488279 5.7586054 0.057586054
0.030797799 5.7461511 0.057461511
0.031107319 5.7404405 0.057404405
0.031416839 5.715301 0.05715301
0.031726359 5.7033027 0.057033027
0.032035878 5.7143759 0.057143759
0.032345397 5.7002317 0.057002317
0.032654916 5.6907896 0.056907896
0.032964435 5.6789257 0.056789257
0.033273954 5.6558783 0.056558783
0.033583473 5.6648479 0.056648479
0.033892991 5.6446479 0.056446479
0.034202509 5.6472043 0.056472043
0.034512027 5.6212249 0.056212249
0.034821545 5.616664 0.05616664
0.035131063 5.5996714 0.055996714
0.03544058 5.5946488 0.055946488
0.035750097 5.5925452 0.055925452
0.036059614 5.5652146 0.055652146
0.036369131 5.583744 0.05583744
0.036678648 5.5534941 0.055534941
0.036988164 5.5491702 0.055491702
0.03729768 5.5402902 0.055402902
0.037607196 5.5270699 0.055270699
0.037916712 5.5093116 0.055093116
0.038226228 5.4898506 0.054898506
0.038535743 5.4948927 0.054948927
0.038845259 5.4777115 0.054777115
0.039154774 5.4652048 0.054652048
0.039464288 5.4549257 0.054549257
0.039773803 5.4359715 0.054359715
0.040083317 5.4392785 0.054392785
0.040392831 5.4275459 0.054275459
0.040702345 5.4128132 0.054128132
0.041011859 5.3975925 0.053975925
0.041321372 5.3823656 0.053823656
0.041630886 5.3708448 0.053708448
0.041940399 5.3633737 0.053633737
0.042249911 5.3529046 0.053529046
0.042559424 5.3258595 0.053258595
0.042868936 5.3175785 0.053175785
0.043178448 5.308398 0.05308398
0.04348796 5.3070845 0.053070845
0.043797472 5.2846273 0.052846273
0.044106983 5.2768529 0.052768529
0.044416494 5.279525 0.05279525
0.044726005 5.2715081 0.052715081
0.045035516 5.2419076 0.052419076
0.045345026 5.2409855 0.052409855
0.045654536 5.2206872 0.052206872
0.045964046 5.2075324 0.052075324
0.046273556 5.1763418 0.051763418
0.046583065 5.172818 0.05172818
0.046892575 5.1600793 0.051600793
0.047202083 5.1414211 0.051414211
0.047511592 5.1267672 0.051267672
0.0478211 5.1127354 0.051127354
0.048130609 5.1207999 0.051207999
0.048440116 5.0943413 0.050943413
0.048749624 5.0856344 0.050856344
0.049059131 5.0568078 0.050568078
0.049368638 5.0364118 0.050364118
0.049678145 5.0673494 0.050673494
0.049987652 5.0240331 0.050240331
0.050297158 5.0311054 0.050311054
0.050606664 5.0121162 0.050121162
0.05091617 4.9942121 0.049942121
0.051225675 5.0115021 0.050115021
0.05153518 4.9785903 0.049785903
0.051844685 4.9624186 0.049624186
0.05215419 4.9662413 0.049662413
0.052463694 4.932488 0.04932488
0.052773198 4.9131587 0.049131587
0.053082702 4.9142178 0.049142178
0.053392205 4.897139 0.04897139
0.053701708 4.8916293 0.048916293
0.054011211 4.8807359 0.048807359
0.054320713 4.859774 0.04859774
0.054630216 4.8583179 0.048583179
0.054939718 4.8376918 0.048376918
0.055249219 4.825339 0.04825339
0.055558721 4.8159379 0.048159379
0.055868222 4.8033752 0.048033752
0.056177722 4.790738 0.04790738
0.056487223 4.769041 0.04769041
0.056796723 4.7489342 0.047489342
0.057106223 4.7416288 0.047416288
0.057415722 4.7300733 0.047300733
0.057725221 4.7086085 0.047086085
0.05803472 4.7121842 0.047121842
0.058344219 4.7077026 0.047077026
0.058653717 4.6917094 0.046917094
0.058963215 4.6562242 0.046562242
0.059272713 4.6525887 0.046525887
0.05958221 4.6557252 0.046557252
0.059891707 4.6513134 0.046513134
0.060201203 4.6261545 0.046261545
0.0605107 4.6139636 0.046139636
0.060820196 4.6000282 0.046000282
0.061129691 4.5752516 0.045752516
0.061439187 4.5857908 0.045857908
0.061748681 4.5633102 0.045633102
0.062058176 4.5527562 0.045527562
0.06236767 4.536427 0.04536427
0.062677164 4.5251803 0.045251803
0.062986658 4.5251494 0.045251494
0.063296151 4.5015731 0.045015731
0.063605644 4.4922552 0.044922552
0.063915137 4.4795685 0.044795685
0.064224629 4.4577432 0.044577432
0.064534121 4.4571719 0.044571719
0.064843612 4.446114 0.04446114
0.065153103 4.4350095 0.044350095
0.065462594 4.4178671 0.044178671
0.065772085 4.39231 0.0439231
0.066081575 4.3872583 0.043872583
0.066391064 4.3722359 0.043722359
0.066700554 4.3545741 0.043545741
0.067010043 4.3496956 0.043496956
0.067319531 4.3348619 0.043348619
0.06762902 4.3249923 0.043249923
0.067938508 4.3076618 0.043076618
0.068247995 4.2960645 0.042960645
0.068557482 4.2751607 0.042751607
0.068866969 4.2690413 0.042690413
0.069176455 4.2612919 0.042612919
0.069485941 4.2408756 0.042408756
0.069795427 4.2240364 0.042240364
0.070104912 4.2076383 0.042076383
0.070414397 4.205899 0.04205899
0.070723882 4.1852402 0.041852402
0.071033366 4.1760094 0.041760094
0.07134285 4.1539681 0.041539681
0.071652333 4.14436 0.0414436
0.071961816 4.1315403 0.041315403
0.072271298 4.1148653 0.041148653
0.07258078 4.1038628 0.041038628
0.072890262 4.0930535 0.040930535
0.073199744 4.0837862 0.040837862
0.073509225 4.0660944 0.040660944
0.073818705 4.0550374 0.040550374
0.074128185 4.042664 0.04042664
0.074437665 4.0312874 0.040312874
0.074747144 4.0126931 0.040126931
0.075056623 3.9994908 0.039994908
0.075366102 3.9886053 0.039886053
0.07567558 3.9671571 0.039671571
0.075985058 3.9599489 0.039599489
0.076294535 3.9357647 0.039357647
0.076604012 3.9265838 0.039265838
0.076913488 3.9258038 0.039258038
0.077222964 3.9023447 0.039023447
0.07753244 3.8854287 0.038854287
0.077841915 3.875991 0.03875991
0.07815139 3.8741197 0.038741197
0.078460864 3.8499144 0.038499144
0.078770338 3.836433 0.03836433
0.079079812 3.824689 0.03824689
0.079389285 3.8124096 0.038124096
0.079698757 3.7997802 0.037997802
0.080008229 3.790967 0.03790967
0.080317701 3.7786519 0.037786519
0.080627172 3.7584471 0.037584471
0.080936643 3.7491112 0.037491112
0.081246114 3.7271178 0.037271178
0.081555584 3.7196139 0.037196139
0.081865053 3.7018573 0.037018573
0.082174522 3.6957175 0.036957175
0.082483991 3.6808096 0.036808096
0.082793459 3.6643028 0.036643028
0.083102927 3.6533381 0.036533381
0.083412394 3.630216 0.03630216
0.083721861 3.6323027 0.036323027
0.084031327 3.6071459 0.036071459
0.084340793 3.5944756 0.035944756
0.084650259 3.5813205 0.035813205
0.084959724 3.5730959 0.035730959
0.085269188 3.5535774 0.035535774
0.085578652 3.5360221 0.035360221
0.085888116 3.5315771 0.035315771
0.086197579 3.5219511 0.035219511
0.086507042 3.49788 0.0349788
0.086816504 3.4927189 0.034927189
0.087125966 3.4792571 0.034792571
0.087435427 3.462193 0.03462193
0.087744888 3.4506747 0.034506747
0.088054348 3.4368478 0.034368478
0.088363808 3.4301388 0.034301388
0.088673267 3.4189492 0.034189492
0.088982726 3.4022365 0.034022365
0.089292184 3.3922426 0.033922426
0.089601642 3.3765042 0.033765042
0.089911099 3.3686258 0.033686258
0.090220556 3.3519183 0.033519183
0.090530013 3.3455115 0.033455115
0.090839469 3.3282017 0.033282017
0.091148924 3.3143739 0.033143739
0.091458379 3.3002488 0.033002488
0.091767833 3.2840927 0.032840927
0.092077287 3.2722681 0.032722681
0.092386741 3.2569722 0.032569722
0.092696194 3.252223 0.03252223
0.093005646 3.2323329 0.032323329
0.093315098 3.2213582 0.032213582
0.093624549 3.2068104 0.032068104
0.093934 3.1892124 0.031892124
0.09424345 3.172478 0.03172478
0.0945529 3.159086 0.03159086
0.09486235 3.1504466 0.031504466
0.095171798 3.1385507 0.031385507
0.095481247 3.1256564 0.031256564
0.095790694 3.1092552 0.031092552
0.096100142 3.0978335 0.030978335
0.096409588 3.087768 0.03087768
0.096719035 3.0641099 0.030641099
0.09702848 3.0570837 0.030570837
0.097337925 3.0468954 0.030468954
0.09764737 3.0358979 0.030358979
0.097956814 3.0232515 0.030232515
0.098266257 3.0024815 0.030024815
0.0985757 2.9961494 0.029961494
0.098885143 2.982286 0.02982286
0.099194585 2.9716919 0.029716919
0.099504026 2.9593547 0.029593547
0.099813467 2.9407263 0.029407263
0.10012291 2.926803 0.02926803
0.10043235 2.9154174 0.029154174
0.10074179 2.902056 0.02902056
0.10105122 2.8911168 0.028911168
0.10136066 2.8739932 0.028739932
0.1016701 2.8662553 0.028662553
0.10197954 2.8552486 0.028552486
0.10228897 2.8439258 0.028439258
0.10259841 2.8281278 0.028281278
0.10290785 2.8161215 0.028161215
0.10321728 2.8054721 0.028054721
0.10352671 2.7848542 0.027848542
0.10383615 2.7777146 0.027777146
0.10414558 2.7670236 0.027670236
0.10445501 2.746884 0.02746884
0.10476445 2.7351813 0.027351813
0.10507388 2.7199078 0.027199078
0.10538331 2.713753 0.02713753
0.10569274 2.697888 0.02697888
0.10600217 2.6846731 0.026846731
0.1063116 2.6752493 0.026752493
0.10662102 2.6644788 0.026644788
0.10693045 2.6471783 0.026471783
0.10723988 2.6296134 0.026296134
0.10754931 2.6288586 0.026288586
0.10785873 2.6056392 0.026056392
0.10816816 2.5996089 0.025996089
0.10847758 2.5839454 0.025839454
0.10878701 2.5698893 0.025698893
0.10909643 2.5650745 0.025650745
0.10940585 2.5457744 0.025457744
0.10971528 2.5390795 0.025390795
0.1100247 2.5227921 0.025227921
0.11033412 2.507124 0.02507124
0.11064354 2.4991298 0.024991298
0.11095296 2.4862879 0.024862879
0.11126238 2.4746044 0.024746044
0.1115718 2.4565203 0.024565203
0.11188122 2.4483557 0.024483557
0.11219064 2.4313649 0.024313649
0.11250005 2.4196492 0.024196492
0.11280947 2.4128653 0.024128653
0.11311889 2.3948911 0.023948911
0.1134283 2.3855151 0.023855151
0.11373772 2.3779623 0.023779623
0.11404713 2.3603077 0.023603077
0.11435654 2.3503378 0.023503378
0.11466596 2.3412365 0.023412365
0.11497537 2.3304955 0.023304955
0.11528478 2.3182826 0.023182826
0.11559419 2.3014293 0.023014293
0.1159036 2.2918952 0.022918952
0.11621301 2.2786777 0.022786777
0.11652242 2.2692176 0.022692176
0.11683183 2.2544039 0.022544039
0.11714124 2.2420247 0.022420247
0.11745064 2.232835 0.02232835
0.11776005 2.220486 0.02220486
0.11806945 2.2040879 0.022040879
0.11837886 2.198257 0.02198257
0.11868826 2.1848943 0.021848943
0.11899767 2.1709848 0.021709848
0.11930707 2.1604855 0.021604855
0.11961647 2.1492739 0.021492739
0.11992588 2.1340876 0.021340876
0.12023528 2.1270199 0.021270199
0.12054468 2.1146376 0.021146376
0.12085408 2.096335 0.02096335
0.12116348 2.0917127 0.020917127
0.12147288 2.073103 0.02073103
0.12178227 2.0639343 0.020639343
0.12209167 2.0539423 0.020539423
0.12240107 2.0433419 0.020433419
0.12271046 2.0370287 0.020370287
0.12301986 2.0234483 0.020234483
0.12332925 2.0081801 0.020081801
0.12363865 1.9972802 0.019972802
0.12394804 1.9838586 0.019838586
0.12425743 1.9766861 0.019766861
0.12456683 1.9628781 0.019628781
0.12487622 1.950646 0.01950646
0.12518561 1.9406487 0.019406487
0.125495 1.9310225 0.019310225
0.12580439 1.9179263 0.019179263
0.12611377 1.9079921 0.019079921
0.12642316 1.8948446 0.018948446
0.12673255 1.8924932 0.018924932
0.12704194 1.8730395 0.018730395
0.12735132 1.8566984 0.018566984
0.12766071 1.8510642 0.018510642
0.12797009 1.8417034 0.018417034
0.12827947 1.8326694 0.018326694
0.12858886 1.8230943 0.018230943
0.12889824 1.8086123 0.018086123
0.12920762 1.7991476 0.017991476
0.129517 1.7801007 0.017801007
0.12982638 1.7789914 0.017789914
0.13013576 1.7677794 0.017677794
0.13044514 1.752348 0.01752348
0.13075452 1.7408525 0.017408525
0.1310639 1.7347768 0.017347768
0.13137327 1.7241519 0.017241519
0.13168265 1.7121882 0.017121882
0.13199202 1.7028328 0.017028328
0.1323014 1.6897162 0.016897162
0.13261077 1.6789267 0.016789267
0.13292015 1.6763853 0.016763853
0.13322952 1.6584039 0.016584039
0.13353889 1.64977 0.0164977
0.13384826 1.6387983 0.016387983
0.13415763 1.6326155 0.016326155
0.134467 1.6169789 0.016169789
0.13477637 1.606513 0.01606513
0.13508574 1.5968667 0.015968667
0.1353951 1.5835598 0.015835598
0.13570447 1.5750816 0.015750816
0.13601383 1.5664599 0.015664599
0.1363232 1.5577081 0.015577081
0.13663256 1.5475621 0.015475621
0.13694193 1.5327019 0.015327019
0.13725129 1.5244304 0.015244304
0.13756065 1.5162544 0.015162544
0.13787001 1.5044883 0.015044883
0.13817937 1.5017086 0.015017086
0.13848873 1.4844924 0.014844924
0.13879809 1.479458 0.01479458
0.13910745 1.469643 0.01469643
0.13941681 1.4561516 0.014561516
0.13972616 1.4484548 0.014484548
0.14003552 1.4392948 0.014392948
0.14034488 1.4293251 0.014293251
0.14065423 1.4211728 0.014211728
0.14096358 1.407184 0.01407184
0.14127294 1.4002332 0.014002332
0.14158229 1.3933113 0.013933113
0.14189164 1.3841186 0.013841186
0.14220099 1.3697728 0.013697728
0.14251034 1.3596243 0.013596243
0.14281969 1.3544524 0.013544524
0.14312904 1.341902 0.01341902
0.14343838 1.3308105 0.013308105
0.14374773 1.324616 0.01324616
0.14405708 1.314418 0.01314418
0.14436642 1.3037692 0.013037692
0.14467577 1.2975296 0.012975296
0.14498511 1.2899352 0.012899352
0.14529445 1.2785056 0.012785056
0.14560379 1.2672835 0.012672835
0.14591314 1.2577767 0.012577767
0.14622248 1.2520904 0.012520904
0.14653182 1.2421451 0.012421451
0.14684115 1.2307339 0.012307339
0.14715049 1.2220817 0.012220817
0.14745983 1.2131918 0.012131918
0.14776917 1.2040611 0.012040611
0.1480785 1.1952953 0.011952953
0.14838784 1.1907234 0.011907234
0.14869717 1.1809499 0.011809499
0.1490065 1.1722521 0.011722521
0.14931583 1.1614094 0.011614094
0.14962517 1.1554079 0.011554079
0.1499345 1.1435367 0.011435367
0.15024383 1.1333314 0.011333314
0.15055316 1.1260054 0.011260054
0.15086248 1.1153154 0.011153154
0.15117181 1.1131578 0.011131578
0.15148114 1.1050166 0.011050166
0.15179046 1.094611 0.01094611
0.15209979 1.0863389 0.010863389
0.15240911 1.077106 0.01077106
0.15271844 1.0711479 0.010711479
0.15302776 1.061165 0.01061165
0.15333708 1.0521481 0.010521481
0.1536464 1.0405726 0.010405726
0.15395572 1.0355852 0.010355852
0.15426504 1.0285256 0.010285256
0.15457436 1.0208615 0.010208615
0.15488367 1.0182571 0.010182571
0.15519299 1.0069619 0.010069619
0.15550231 0.99696499 0.0099696499
0.15581162 0.98719076 0.0098719076
0.15612093 0.97441594 0.0097441594
0.15643025 0.97010614 0.0097010614
0.15673956 0.96433624 0.0096433624
0.15704887 0.95739717 0.0095739717
0.15735818 0.9503817 0.009503817
0.15766749 0.93834276 0.0093834276
0.1579768 0.93233882 0.0093233882
0.15828611 0.92350891 0.0092350891
0.15859542 0.91993363 0.0091993363
0.15890472 0.91194468 0.0091194468
0.15921403 0.90380808 0.0090380808
0.15952333 0.89443706 0.0089443706
0.15983264 0.88703701 0.0088703701
0.16014194 0.88272197 0.0088272197
0.16045124 0.87285199 0.0087285199
0.16076054 0.86704578 0.0086704578
0.16106984 0.85734099 0.0085734099
0.16137914 0.85374792 0.0085374792
0.16168844 0.84220572 0.0084220572
0.16199774 0.83892666 0.0083892666
0.16230703 0.83079756 0.0083079756
0.16261633 0.82412893 0.0082412893
0.16292562 0.81666219 0.0081666219
0.16323492 0.81166176 0.0081166176
0.16354421 0.80379786 0.0080379786
0.1638535 0.798225 0.00798225
0.16416279 0.7860108 0.007860108
0.16447208 0.7813647 0.007813647
0.16478137 0.77321736 0.0077321736
0.16509066 0.76947039 0.0076947039
0.16539995 0.75943718 0.0075943718
0.16570924 0.75708461 0.0075708461
0.16601852 0.7503392 0.007503392
0.16632781 0.74202663 0.0074202663
0.16663709 0.73093769 0.0073093769
0.16694637 0.72980934 0.0072980934
0.16725566 0.71987144 0.0071987144
0.16756494 0.71628006 0.0071628006
0.16787422 0.71001854 0.0071001854
0.1681835 0.70416595 0.0070416595
0.16849278 0.69308685 0.0069308685
0.16880205 0.68862326 0.0068862326
0.16911133 0.68643383 0.0068643383
0.16942061 0.6784094 0.006784094
0.16972988 0.66985481 0.0066985481
0.17003916 0.6656661 0.006656661
0.17034843 0.65712667 0.0065712667
0.1706577 0.65159267 0.0065159267
0.17096697 0.64419635 0.0064419635
0.17127624 0.64187563 0.0064187563
0.17158551 0.63232677 0.0063232677
0.17189478 0.62560837 0.0062560837
0.17220405 0.62433702 0.0062433702
0.17251331 0.62022852 0.0062022852
0.17282258 0.61199104 0.0061199104
0.17313184 0.60568617 0.0060568617
0.17344111 0.60293737 0.0060293737
0.17375037 0.59132755 0.0059132755
0.17405963 0.58927888 0.0058927888
0.17436889 0.58167166 0.0058167166
0.17467815 0.5766309 0.005766309
0.17498741 0.57346709 0.0057346709
0.17529667 0.56376542 0.0056376542
0.17560593 0.55711376 0.0055711376
0.17591518 0.55594846 0.0055594846
0.17622444 0.54900087 0.0054900087
0.17653369 0.54530281 0.0054530281
0.17684295 0.54176701 0.0054176701
0.1771522 0.53290534 0.0053290534
0.17746145 0.52873839 0.0052873839
0.1777707 0.52396545 0.0052396545
0.17807995 0.5204969 0.005204969
0.1783892 0.51469552 0.0051469552
0.17869844 0.50907656 0.0050907656
0.17900769 0.49957709 0.0049957709
0.17931694 0.49631471 0.0049631471
0.17962618 0.49346041 0.0049346041
0.17993542 0.48650813 0.0048650813
0.18024467 0.48187693 0.0048187693
0.18055391 0.47861209 0.0047861209
0.18086315 0.47323151 0.0047323151
0.18117239 0.46831658 0.0046831658
0.18148163 0.46035466 0.0046035466
0.18179086 0.45827817 0.0045827817
0.1821001 0.45351723 0.0045351723
0.18240934 0.44816923 0.0044816923
0.18271857 0.44333193 0.0044333193
0.1830278 0.43859876 0.0043859876
0.18333704 0.43378324 0.0043378324
0.18364627 0.42667852 0.0042667852
0.1839555 0.42575004 0.0042575004
0.18426473 0.42159091 0.0042159091
0.18457396 0.41877932 0.0041877932
0.18488318 0.41145224 0.0041145224
0.18519241 0.4078447 0.004078447
0.18550164 0.39975149 0.0039975149
0.18581086 0.39792195 0.0039792195
0.18612009 0.38921477 0.0038921477
0.18642931 0.38888699 0.0038888699
0.18673853 0.38351472 0.0038351472
0.18704775 0.37964105 0.0037964105
0.18735697 0.37524202 0.0037524202
0.18766619 0.37163981 0.0037163981
0.1879754 0.36963233 0.0036963233
0.18828462 0.36127967 0.0036127967
0.18859384 0.3617361 0.003617361
0.18890305 0.36110613 0.0036110613
0.18921226 0.35393763 0.0035393763
0.18952148 0.34969538 0.0034969538
0.18983069 0.34378906 0.0034378906
0.1901399 0.3402599 0.003402599
0.19044911 0.33647765 0.0033647765
0.19075832 0.33170865 0.0033170865
0.19106752 0.32816152 0.0032816152
0.19137673 0.32493967 0.0032493967
0.19168593 0.31910549 0.0031910549
0.19199514 0.31647805 0.0031647805
0.19230434 0.31144437 0.0031144437
0.19261354 0.30884151 0.0030884151
0.19292274 0.30795884 0.0030795884
0.19323194 0.30343923 0.0030343923
0.19354114 0.29886526 0.0029886526
0.19385034 0.29537991 0.0029537991
0.19415954 0.29329236 0.0029329236
0.19446873 0.29016985 0.0029016985
0.19477793 0.28410239 0.0028410239
0.19508712 0.27927659 0.0027927659
0.19539631 0.2772403 0.002772403
0.1957055 0.27475599 0.0027475599
0.19601469 0.27278101 0.0027278101
0.19632388 0.26741526 0.0026741526
0.19663307 0.2614141 0.002614141
0.19694226 0.25660474 0.0025660474
0.19725144 0.25986786 0.0025986786
0.19756063 0.25364352 0.0025364352
0.19786981 0.25328469 0.0025328469
0.19817899 0.24859261 0.0024859261
0.19848818 0.24443674 0.0024443674
0.19879736 0.24319463 0.0024319463
0.19910654 0.24057235 0.0024057235
0.19941572 0.23542964 0.0023542964
0.19972489 0.23129268 0.0023129268
0.20003407 0.23052498 0.0023052498
0.20034324 0.2298403 0.002298403
0.20065242 0.22559688 0.0022559688
0.20096159 0.22261548 0.0022261548
0.20127076 0.2174173 0.002174173
0.20157993 0.21878856 0.0021878856
0.2018891 0.21458667 0.0021458667
0.20219827 0.21052438 0.0021052438
0.20250744 0.20929613 0.0020929613
0.20281661 0.20614744 0.0020614744
0.20312577 0.20415961 0.0020415961
0.20343493 0.19789962 0.0019789962
0.2037441 0.19587834 0.0019587834
0.20405326 0.19388868 0.0019388868
0.20436242 0.18996349 0.0018996349
0.20467158 0.19043779 0.0019043779
0.20498074 0.18662641 0.0018662641
0.2052899 0.18433084 0.0018433084
0.20559905 0.18108305 0.0018108305
0.20590821 0.17907286 0.0017907286
0.20621736 0.17801456 0.0017801456
0.20652651 0.17347122 0.0017347122
0.20683567 0.16964585 0.0016964585
0.20714482 0.16611042 0.0016611042
0.20745397 0.16716329 0.0016716329
0.20776312 0.16474222 0.0016474222
0.20807226 0.16433605 0.0016433605
0.20838141 0.16043387 0.0016043387
0.20869055 0.15659611 0.0015659611
0.2089997 0.15408522 0.0015408522
0.20930884 0.15324283 0.0015324283
0.20961798 0.15255392 0.0015255392
0.20992712 0.14972143 0.0014972143
0.21023626 0.14650124 0.0014650124
0.2105454 0.14243876 0.0014243876
0.21085454 0.14215383 0.0014215383
0.21116367 0.13868563 0.0013868563
0.21147281 0.13904992 0.0013904992
0.21178194 0.13711945 0.0013711945
0.21209107 0.13312117 0.0013312117
0.21240021 0.13352651 0.0013352651
0.21270934 0.13028392 0.0013028392
0.21301846 0.12872344 0.0012872344
0.21332759 0.1298504 0.001298504
0.21363672 0.127506 0.00127506
0.21394584 0.12331837 0.0012331837
0.21425497 0.12252557 0.0012252557
0.21456409 0.12154081 0.0012154081
0.21487321 0.11816186 0.0011816186
0.21518234 0.11324742 0.0011324742
0.21549145 0.11094117 0.0011094117
0.21580057 0.10839942 0.0010839942
0.21610969 0.10993667 0.0010993667
0.21641881 0.10557258 0.0010557258
0.21672792 0.10771729 0.0010771729
0.21703704 0.10290577 0.0010290577
0.21734615 0.10413778 0.0010413778
0.21765526 0.10408429 0.0010408429
0.21796437 0.10192411 0.0010192411
0.21827348 0.099020748 0.00099020748
0.21858259 0.09693432 0.0009693432
0.21889169 0.094263882 0.00094263882
0.2192008 0.095596789 0.00095596789
0.2195099 0.090042733 0.00090042733
0.21981901 0.090994342 0.00090994342
0.22012811 0.093107322 0.00093107322
0.22043721 0.09175782 0.0009175782
0.22074631 0.087368706 0.00087368706
0.22105541 0.084732735 0.00084732735
0.2213645 0.083115157 0.00083115157
0.2216736 0.083418121 0.00083418121
0.22198269 0.08063705 0.0008063705
0.22229179 0.079208193 0.00079208193
0.22260088 0.080453859 0.00080453859
0.22290997 0.07936369 0.0007936369
0.22321906 0.075463494 0.00075463494
0.22352815 0.075351171 0.00075351171
0.22383724 0.070747746 0.00070747746
0.22414632 0.070462319 0.00070462319
0.22445541 0.069849541 0.00069849541
0.22476449 0.068270446 0.00068270446
0.22507357 0.066625943 0.00066625943
0.22538265 0.067158524 0.00067158524
0.22569174 0.065871514 0.00065871514
0.22600081 0.062624384 0.00062624384
0.22630989 0.062851739 0.00062851739
0.22661897 0.066664247 0.00066664247
0.22692804 0.061898891 0.00061898891
0.22723712 0.063146719 0.00063146719
0.22754619 0.057190604 0.00057190604
0.22785526 0.057089688 0.00057089688
0.22816433 0.057082874 0.00057082874
0.2284734 0.056317155 0.00056317155
0.22878247 0.059679477 0.00059679477
0.22909153 0.055275367 0.00055275367
0.2294006 0.056901356 0.00056901356
0.22970966 0.051462715 0.00051462715
0.23001873 0.051774734 0.00051774734
0.23032779 0.052231188 0.00052231188
0.23063685 0.052666146 0.00052666146
0.23094591 0.051732406 0.00051732406
0.23125496 0.050030616 0.00050030616
0.23156402 0.046524825 0.00046524825
0.23187308 0.046729829 0.00046729829
0.23218213 0.04671845 0.0004671845
0.23249118 0.044785809 0.00044785809
0.23280023 0.045738431 0.00045738431
0.23310928 0.043478682 0.00043478682
0.23341833 0.040612688 0.00040612688
0.23372738 0.042247951 0.00042247951
0.23403643 0.045396186 0.00045396186
0.23434547 0.038704902 0.00038704902
0.23465451 0.040794798 0.00040794798
0.23496356 0.037425212 0.00037425212
0.2352726 0.041733801 0.00041733801
0.23558164 0.037815279 0.00037815279
0.23589068 0.034346159 0.00034346159
0.23619971 0.036135064 0.00036135064
0.23650875 0.03748365 0.0003748365
0.23681778 0.033088825 0.00033088825
0.23712682 0.031820694 0.00031820694
0.23743585 0.033028606 0.00033028606
0.23774488 0.0321564 0.000321564
0.23805391 0.031083926 0.00031083926
0.23836294 0.034421093 0.00034421093
0.23867197 0.033087302 0.00033087302
0.23898099 0.02948678 0.0002948678
0.23929002 0.028604593 0.00028604593
0.23959904 0.027831219 0.00027831219
0.23990806 0.033166727 0.00033166727
0.24021708 0.026692403 0.00026692403
0.2405261 0.029193809 0.00029193809
0.24083512 0.026122006 0.00026122006
0.24114413 0.031244605 0.00031244605
0.24145315 0.026326015 0.00026326015
0.24176216 0.026818745 0.00026818745
0.24207118 0.027416547 0.00027416547
0.24238019 0.026730325 0.00026730325
0.2426892 0.027604512 0.00027604512
0.24299821 0.025585355 0.00025585355
0.24330721 0.024263803 0.00024263803
0.24361622 0.025289756 0.00025289756
0.24392522 0.022277967 0.00022277967
0.24423423 0.022719005 0.00022719005
0.24454323 0.021633603 0.00021633603
0.24485223 0.020570564 0.00020570564
0.24516123 0.022546821 0.00022546821
0.24547023 0.02016323 0.0002016323
0.24577922 0.019804428 0.00019804428
0.24608822 0.019332944 0.00019332944
0.24639721 0.017799675 0.00017799675
0.24670621 0.019484891 0.00019484891
0.2470152 0.019613623 0.00019613623
0.24732419 0.020794983 0.00020794983
0.24763318 0.019168335 0.00019168335
0.24794216 0.019221692 0.00019221692
0.24825115 0.0175876 0.000175876
0.24856013 0.018646756 0.00018646756
0.24886912 0.018220658 0.00018220658
0.2491781 0.02117445 0.0002117445
0.24948708 0.015489874 0.00015489874
0.24979606 0.019140596 0.00019140596
0.25010504 0.020899503 0.00020899503
0.25041401 0.019693189 0.00019693189
0.25072299 0.019106879 0.00019106879
0.25103196 0.016779355 0.00016779355
0.25134093 0.017609815 0.00017609815
0.2516499 0.017804668 0.00017804668
0.25195887 0.016646058 0.00016646058
0.25226784 0.014852903 0.00014852903
0.25257681 0.014865043 0.00014865043
0.25288577 0.016341753 0.00016341753
0.25319474 0.016054352 0.00016054352
0.2535037 0.016326296 0.00016326296
0.25381266 0.013636762 0.00013636762
0.25412162 0.018184937 0.00018184937
0.25443058 0.015372011 0.00015372011
0.25473954 0.014818371 0.00014818371
0.25504849 0.013951492 0.00013951492
0.25535745 0.020274622 0.00020274622
0.2556664 0.014729779 0.00014729779
0.25597535 0.016405478 0.00016405478
0.2562843 0.017723559 0.00017723559
0.25659325 0.013631647 0.00013631647
0.2569022 0.016436977 0.00016436977
0.25721115 0.016347976 0.00016347976
0.25752009 0.016482878 0.00016482878
0.25782903 0.012192189 0.00012192189
0.25813798 0.015059197 0.00015059197
0.25844692 0.01225458 0.0001225458
0.25875585 0.015567913 0.00015567913
0.25906479 0.013334076 0.00013334076
0.25937373 0.015865033 0.00015865033
0.25968266 0.0099242619 9.9242619e-05
0.2599916 0.015973664 0.00015973664
0.26030053 0.013494594 0.00013494594
0.26060946 0.014649028 0.00014649028
0.26091839 0.013203477 0.00013203477
0.26122732 0.010939554 0.00010939554
0.26153624 0.0086195327 8.6195327e-05
0.26184517 0.014245651 0.00014245651
0.26215409 0.013110805 0.00013110805
0.26246301 0.012193861 0.00012193861
0.26277193 0.014920767 0.00014920767
0.26308085 0.01238357 0.0001238357
0.26338977 0.013172243 0.00013172243
0.26369869 0.012808805 0.00012808805
0.2640076 0.0099977055 9.9977055e-05
0.26431651 0.011068523 0.00011068523
0.26462543 0.013535932 0.00013535932
0.26493434 0.016728558 0.00016728558
0.26524325 0.010633497 0.00010633497
0.26555215 0.012916146 0.00012916146
0.26586106 0.015924173 0.00015924173
0.26616996 0.013158874 0.00013158874
0.26647887 0.01298943 0.0001298943
0.26678777 0.012059481 0.00012059481
0.26709667 0.0093963251 9.3963251e-05
0.26740557 0.014157326 0.00014157326
0.26771447 0.011829697 0.00011829697
0.26802336 0.011999615 0.00011999615
0.26833226 0.013964009 0.00013964009
0.26864115 0.01894659 0.0001894659
0.26895004 0.015904648 0.00015904648
0.26925893 0.015270342 0.00015270342
0.26956782 0.013780105 0.00013780105
0.26987671 0.012441372 0.00012441372
0.27018559 0.013289681 0.00013289681
0.27049448 0.014369908 0.00014369908
0.27080336 0.015943807 0.00015943807
0.27111224 0.015164855 0.00015164855
0.27142112 0.01218937 0.0001218937
0.27173 0.015529985 0.00015529985
0.27203888 0.013142458 0.00013142458
0.27234775 0.014619738 0.00014619738
0.27265663 0.015089588 0.00015089588
0.2729655 0.013461546 0.00013461546
0.27327437 0.017553492 0.00017553492
0.27358324 0.014176115 0.00014176115
0.27389211 0.018235073 0.00018235073
0.27420098 0.012111846 0.00012111846
0.27450984 0.016097305 0.00016097305
0.2748187 0.015100484 0.00015100484
0.27512757 0.017835689 0.00017835689
0.27543643 0.015300428 0.00015300428
0.27574529 0.020191032 0.00020191032
0.27605414 0.01239379 0.0001239379
0.276363 0.014869965 0.00014869965
0.27667185 0.015330745 0.00015330745
0.27698071 0.01694529 0.0001694529
0.27728956 0.017208448 0.00017208448
0.27759841 0.017728302 0.00017728302
0.27790726 0.019242312 0.00019242312
0.2782161 0.016347685 0.00016347685
0.27852495 0.014677285 0.00014677285
0.27883379 0.018334592 0.00018334592
0.27914264 0.022660741 0.00022660741
0.27945148 0.014789507 0.00014789507
0.27976032 0.016550005 0.00016550005
0.28006915 0.013931216 0.00013931216
0.28037799 0.018050341 0.00018050341
0.28068683 0.017458691 0.00017458691
0.28099566 0.01863054 0.0001863054
0.28130449 0.02003239 0.0002003239
0.28161332 0.018585814 0.00018585814
0.28192215 0.018537979 0.00018537979
0.28223098 0.016107859 0.00016107859
0.2825398 0.01900996 0.0001900996
0.28284863 0.020807956 0.00020807956
0.28315745 0.01810768 0.0001810768
0.28346627 0.021036241 0.00021036241
0.28377509 0.016414582 0.00016414582
0.28408391 0.018197002 0.00018197002
0.28439272 0.017956041 0.00017956041
0.28470154 0.016920357 0.00016920357
0.28501035 0.017465618 0.00017465618
0.28531916 0.017520474 0.00017520474
0.28562797 0.024037307 0.00024037307
0.28593678 0.018017527 0.00018017527
0.28624559 0.01748271 0.0001748271
0.2865544 0.014528427 0.00014528427
0.2868632 0.01660419 0.0001660419
0.287172 0.017189209 0.00017189209
0.2874808 0.019834199 0.00019834199
0.2877896 0.020120577 0.00020120577
0.2880984 0.016451064 0.00016451064
0.2884072 0.021527587 0.00021527587
0.28871599 0.017555349 0.00017555349
0.28902478 0.015883258 0.00015883258
0.28933358 0.017423834 0.00017423834
0.28964237 0.018589594 0.00018589594
0.28995115 0.02 0.0002
0.29025994 0.017095917 0.00017095917
0.29056873 0.021974071 0.00021974071
0.29087751 0.019677345 0.00019677345
0.29118629 0.024148363 0.00024148363
0.29149507 0.019491325 0.00019491325
0.29180385 0.019880328 0.00019880328
0.29211263 0.019299379 0.00019299379
0.2924214 0.018041764 0.00018041764
0.29273018 0.022175136 0.00022175136
0.29303895 0.020549328 0.00020549328
0.29334772 0.023702332 0.00023702332
0.29365649 0.019230056 0.00019230056
0.29396526 0.017888365 0.00017888365
0.29427402 0.021017319 0.00021017319
0.29458279 0.019877874 0.00019877874
0.29489155 0.021443591 0.00021443591
0.29520031 0.023801833 0.00023801833
0.29550907 0.019100071 0.00019100071
0.29581783 0.017219488 0.00017219488
0.29612659 0.026040023 0.00026040023
0.29643534 0.022104917 0.00022104917
0.2967441 0.023475729 0.00023475729
0.29705285 0.024475039 0.00024475039
0.2973616 0.021612169 0.00021612169
0.29767035 0.020791047 0.00020791047
0.29797909 0.021277183 0.00021277183
0.29828784 0.026941044 0.00026941044
0.29859658 0.023500829 0.00023500829
0.29890532 0.024272053 0.00024272053
0.29921406 0.022746498 0.00022746498
0.2995228 0.023041129 0.00023041129
0.29983154 0.021696672 0.00021696672
