0.010059664 29.355557 0.29355557
0.010369191 27.071868 0.27071868
0.010678719 24.861754 0.24861754
0.010988246 23.159265 0.23159265
0.011297773 21.502418 0.21502418
0.0116073 20.198601 0.20198601
0.011916828 18.899585 0.18899585
0.012226355 17.666644 0.17666644
0.012535882 16.711664 0.16711664
0.012845409 15.843466 0.15843466
0.013154936 14.909743 0.14909743
0.013464463 14.115225 0.14115225
0.013773989 13.539189 0.13539189
0.014083516 12.917182 0.12917182
0.014393043 12.255517 0.12255517
0.014702569 11.741937 0.11741937
0.015012096 11.202355 0.11202355
0.015321622 10.833591 0.10833591
0.015631148 10.455952 0.10455952
0.015940675 10.045488 0.10045488
0.016250201 9.6977643 0.096977643
0.016559727 9.3038551 0.093038551
0.016869253 9.1036993 0.091036993
0.017178779 8.80875 0.0880875
0.017488304 8.4573651 0.084573651
0.01779783 8.2720073 0.082720073
0.018107355 8.0008173 0.080008173
0.018416881 7.7804161 0.077804161
0.018726406 7.6102828 0.076102828
0.019035932 7.4161097 0.074161097
0.019345457 7.2158327 0.072158327
0.019654982 6.9797516 0.069797516
0.019964507 6.8534821 0.068534821
0.020274032 6.6781314 0.066781314
0.020583556 6.601832 0.06601832
0.020893081 6.4011619 0.064011619
0.021202605 6.2691196 0.062691196
0.02151213 6.1510514 0.061510514
0.021821654 6.0586636 0.060586636
0.022131178 5.9367641 0.059367641
0.022440702 5.8424282 0.058424282
0.022750226 5.8415139 0.058415139
0.02305975 5.713278 0.05713278
0.023369274 5.6352006 0.056352006
0.023678797 5.5435241 0.055435241
0.023988321 5.4662241 0.054662241
0.024297844 5.4184109 0.054184109
0.024607367 5.3452308 0.053452308
0.02491689 5.2206354 0.052206354
0.025226413 5.1923622 0.051923622
0.025535936 5.1152364 0.051152364
0.025845458 5.054501 0.05054501
0.026154981 4.9418424 0.049418424
0.026464503 4.8685244 0.048685244
0.026774025 4.8096655 0.048096655
0.027083547 4.738791 0.04738791
0.027393069 4.6858512 0.046858512
0.027702591 4.5807249 0.045807249
0.028012112 4.5231547 0.045231547
0.028321634 4.4506948 0.044506948
0.028631155 4.3769681 0.043769681
0.028940676 4.2620802 0.042620802
0.029250197 4.2370751 0.042370751
0.029559718 4.144335 0.04144335
0.029869238 4.0984197 0.040984197
0.030178759 4.0543446 0.040543446
0.030488279 3.9844423 0.039844423
0.030797799 3.9393896 0.039393896
0.031107319 3.8764937 0.038764937
0.031416839 3.8456478 0.038456478
0.031726359 3.826224 0.03826224
0.032035878 3.7857545 0.037857545
0.032345397 3.762649 0.03762649
0.032654916 3.7169428 0.037169428
0.032964435 3.6885991 0.036885991
0.033273954 3.6280768 0.036280768
0.033583473 3.5899382 0.035899382
0.033892991 3.6073606 0.036073606
0.034202509 3.5561719 0.035561719
0.034512027 3.516819 0.03516819
0.034821545 3.4718905 0.034718905
0.035131063 3.4385708 0.034385708
0.03544058 3.4353091 0.034353091
0.035750097 3.3934468 0.033934468
0.036059614 3.3315895 0.033315895
0.036369131 3.3489876 0.033489876
0.036678648 3.3082622 0.033082622
0.036988164 3.2969453 0.032969453
0.03729768 3.289503 0.03289503
0.037607196 3.2615195 0.032615195
0.037916712 3.2510688 0.032510688
0.038226228 3.2000863 0.032000863
0.038535743 3.1820485 0.031820485
0.038845259 3.1754126 0.031754126
0.039154774 3.1356324 0.031356324
0.039464288 3.1485414 0.031485414
0.039773803 3.1016806 0.031016806
0.040083317 3.0780279 0.030780279
0.040392831 3.0428281 0.030428281
0.040702345 3.0340538 0.030340538
0.041011859 3.0046534 0.030046534
0.041321372 2.9982165 0.029982165
0.041630886 2.9727615 0.029727615
0.041940399 2.947144 0.02947144
0.042249911 2.9358139 0.029358139
0.042559424 2.903177 0.02903177
0.042868936 2.8881644 0.028881644
0.043178448 2.8585721 0.028585721
0.04348796 2.8616078 0.028616078
0.043797472 2.8196397 0.028196397
0.044106983 2.7869358 0.027869358
0.044416494 2.7786722 0.027786722
0.044726005 2.7681001 0.027681001
0.045035516 2.7513813 0.027513813
0.045345026 2.7269307 0.027269307
0.045654536 2.7015107 0.027015107
0.045964046 2.6851997 0.026851997
0.046273556 2.6537867 0.026537867
0.046583065 2.652434 0.02652434
0.046892575 2.6265821 0.026265821
0.047202083 2.605035 0.02605035
0.047511592 2.598836 0.02598836
0.0478211 2.5870968 0.025870968
0.048130609 2.5753168 0.025753168
0.048440116 2.5526218 0.025526218
0.048749624 2.5456401 0.025456401
0.049059131 2.5354659 0.025354659
0.049368638 2.4911284 0.024911284
0.049678145 2.5073907 0.025073907
0.049987652 2.4717122 0.024717122
0.050297158 2.4614561 0.024614561
0.050606664 2.4652973 0.024652973
0.05091617 2.454779 0.02454779
0.051225675 2.4323369 0.024323369
0.05153518 2.4100168 0.024100168
0.051844685 2.3972008 0.023972008
0.05215419 2.3852351 0.023852351
0.052463694 2.3863647 0.023863647
0.052773198 2.3550188 0.023550188
0.053082702 2.3630447 0.023630447
0.053392205 2.3623433 0.023623433
0.053701708 2.337125 0.02337125
0.054011211 2.3310308 0.023310308
0.054320713 2.317973 0.02317973
0.054630216 2.2962046 0.022962046
0.054939718 2.2832818 0.022832818
0.055249219 2.2667204 0.022667204
0.055558721 2.2593289 0.022593289
0.055868222 2.2529184 0.022529184
0.056177722 2.2443088 0.022443088
0.056487223 2.2299666 0.022299666
0.056796723 2.2223501 0.022223501
0.057106223 2.2125503 0.022125503
0.057415722 2.1934116 0.021934116
0.057725221 2.1788102 0.021788102
0.05803472 2.1900917 0.021900917
0.058344219 2.1770553 0.021770553
0.058653717 2.1632105 0.021632105
0.058963215 2.1333185 0.021333185
0.059272713 2.1323783 0.021323783
0.05958221 2.110621 0.02110621
0.059891707 2.1153956 0.021153956
0.060201203 2.0826324 0.020826324
0.0605107 2.0917638 0.020917638
0.060820196 2.0733606 0.020733606
0.061129691 2.0715259 0.020715259
0.061439187 2.0698807 0.020698807
0.061748681 2.055973 0.02055973
0.062058176 2.0491456 0.020491456
0.06236767 2.0200688 0.020200688
0.062677164 2.0242362 0.020242362
0.062986658 2.0148889 0.020148889
0.063296151 2.0103183 0.020103183
0.063605644 2.0146528 0.020146528
0.063915137 1.9847944 0.019847944
0.064224629 1.9706389 0.019706389
0.064534121 1.9779648 0.019779648
0.064843612 1.9584102 0.019584102
0.065153103 1.9445188 0.019445188
0.065462594 1.9488939 0.019488939
0.065772085 1.9432198 0.019432198
0.066081575 1.9262015 0.019262015
0.066391064 1.923492 0.01923492
0.066700554 1.9098988 0.019098988
0.067010043 1.9015457 0.019015457
0.067319531 1.892007 0.01892007
0.06762902 1.8800015 0.018800015
0.067938508 1.8665224 0.018665224
0.068247995 1.870949 0.01870949
0.068557482 1.8537683 0.018537683
0.068866969 1.8373689 0.018373689
0.069176455 1.8295928 0.018295928
0.069485941 1.8186636 0.018186636
0.069795427 1.8074351 0.018074351
0.070104912 1.8012034 0.018012034
0.070414397 1.8021589 0.018021589
0.070723882 1.7887517 0.017887517
0.071033366 1.7864193 0.017864193
0.07134285 1.7684693 0.017684693
0.071652333 1.7694869 0.017694869
0.071961816 1.7579558 0.017579558
0.072271298 1.7465063 0.017465063
0.07258078 1.7392778 0.017392778
0.072890262 1.7397054 0.017397054
0.073199744 1.7211336 0.017211336
0.073509225 1.7200759 0.017200759
0.073818705 1.7045636 0.017045636
0.074128185 1.7057979 0.017057979
0.074437665 1.6971064 0.016971064
0.074747144 1.6834454 0.016834454
0.075056623 1.6746476 0.016746476
0.075366102 1.6658694 0.016658694
0.07567558 1.6533311 0.016533311
0.075985058 1.6478652 0.016478652
0.076294535 1.6541788 0.016541788
0.076604012 1.6362624 0.016362624
0.076913488 1.6358739 0.016358739
0.077222964 1.6189328 0.016189328
0.07753244 1.6145925 0.016145925
0.077841915 1.5949085 0.015949085
0.07815139 1.6027062 0.016027062
0.078460864 1.5849359 0.015849359
0.078770338 1.5843001 0.015843001
0.079079812 1.5780284 0.015780284
0.079389285 1.5635544 0.015635544
0.079698757 1.564866 0.01564866
0.080008229 1.5614003 0.015614003
0.080317701 1.5501743 0.015501743
0.080627172 1.5315637 0.015315637
0.080936643 1.531623 0.01531623
0.081246114 1.5319791 0.015319791
0.081555584 1.516742 0.01516742
0.081865053 1.5048256 0.015048256
0.082174522 1.5049096 0.015049096
0.082483991 1.4921441 0.014921441
0.082793459 1.4766151 0.014766151
0.083102927 1.4730692 0.014730692
0.083412394 1.4720837 0.014720837
0.083721861 1.4660794 0.014660794
0.084031327 1.4597778 0.014597778
0.084340793 1.455 0.01455
0.084650259 1.4454045 0.014454045
0.084959724 1.4329815 0.014329815
0.085269188 1.4364926 0.014364926
0.085578652 1.4150401 0.014150401
0.085888116 1.4005438 0.014005438
0.086197579 1.402759 0.01402759
0.086507042 1.3936399 0.013936399
0.086816504 1.3890635 0.013890635
0.087125966 1.3868675 0.013868675
0.087435427 1.3762854 0.013762854
0.087744888 1.3690211 0.013690211
0.088054348 1.3631699 0.013631699
0.088363808 1.3634333 0.013634333
0.088673267 1.3548398 0.013548398
0.088982726 1.3455453 0.013455453
0.089292184 1.3357731 0.013357731
0.089601642 1.3243484 0.013243484
0.089911099 1.3302933 0.013302933
0.090220556 1.3217857 0.013217857
0.090530013 1.3132018 0.013132018
0.090839469 1.3058223 0.013058223
0.091148924 1.2935394 0.012935394
0.091458379 1.3022717 0.013022717
0.091767833 1.281193 0.01281193
0.092077287 1.2793137 0.012793137
0.092386741 1.2704732 0.012704732
0.092696194 1.2575674 0.012575674
0.093005646 1.2532381 0.012532381
0.093315098 1.2472725 0.012472725
0.093624549 1.2495084 0.012495084
0.093934 1.2447927 0.012447927
0.09424345 1.236718 0.01236718
0.0945529 1.221373 0.01221373
0.09486235 1.2194242 0.012194242
0.095171798 1.216852 0.01216852
0.095481247 1.2142207 0.012142207
0.095790694 1.2073448 0.012073448
0.096100142 1.1932232 0.011932232
0.096409588 1.1936789 0.011936789
0.096719035 1.1946142 0.011946142
0.09702848 1.1775685 0.011775685
0.097337925 1.1594435 0.011594435
0.09764737 1.167711 0.01167711
0.097956814 1.163817 0.01163817
0.098266257 1.1636169 0.011636169
0.0985757 1.1458564 0.011458564
0.098885143 1.1443926 0.011443926
0.099194585 1.1365678 0.011365678
0.099504026 1.1327096 0.011327096
0.099813467 1.1185139 0.011185139
0.10012291 1.1231455 0.011231455
0.10043235 1.1096516 0.011096516
0.10074179 1.1042056 0.011042056
0.10105122 1.0975606 0.010975606
0.10136066 1.087481 0.01087481
0.1016701 1.0866345 0.010866345
0.10197954 1.0871804 0.010871804
0.10228897 1.0751039 0.010751039
0.10259841 1.0765522 0.010765522
0.10290785 1.0613833 0.010613833
0.10321728 1.0622378 0.010622378
0.10352671 1.0517743 0.010517743
0.10383615 1.0595689 0.010595689
0.10414558 1.044299 0.01044299
0.10445501 1.0356521 0.010356521
0.10476445 1.0361707 0.010361707
0.10507388 1.0239038 0.010239038
0.10538331 1.0158654 0.010158654
0.10569274 1.0134488 0.010134488
0.10600217 1.0032091 0.010032091
0.1063116 1.0025233 0.010025233
0.10662102 0.99823613 0.0099823613
0.10693045 0.99729757 0.0099729757
0.10723988 0.98859831 0.0098859831
0.10754931 0.98375144 0.0098375144
0.10785873 0.97364018 0.0097364018
0.10816816 0.97857003 0.0097857003
0.10847758 0.97495225 0.0097495225
0.10878701 0.96489397 0.0096489397
0.10909643 0.96520037 0.0096520037
0.10940585 0.95345667 0.0095345667
0.10971528 0.95111288 0.0095111288
0.1100247 0.95638793 0.0095638793
0.11033412 0.93888158 0.0093888158
0.11064354 0.944598 0.00944598
0.11095296 0.93814421 0.0093814421
0.11126238 0.94286644 0.0094286644
0.1115718 0.94941142 0.0094941142
0.11188122 0.97981412 0.0097981412
0.11219064 1.082954 0.01082954
0.11250005 1.5538737 0.015538737
0.11280947 2.9058281 0.029058281
0.11311889 3.931337 0.03931337
0.1134283 2.1839822 0.021839822
0.11373772 1.2356532 0.012356532
0.11404713 0.96310396 0.0096310396
0.11435654 0.90051049 0.0090051049
0.11466596 0.87718747 0.0087718747
0.11497537 0.86383389 0.0086383389
0.11528478 0.84802922 0.0084802922
0.11559419 0.85048145 0.0085048145
0.1159036 0.83857524 0.0083857524
0.11621301 0.83938882 0.0083938882
0.11652242 0.82824836 0.0082824836
0.11683183 0.82116405 0.0082116405
0.11714124 0.81494407 0.0081494407
0.11745064 0.80922223 0.0080922223
0.11776005 0.81231221 0.0081231221
0.11806945 0.80483908 0.0080483908
0.11837886 0.79791399 0.0079791399
0.11868826 0.79442818 0.0079442818
0.11899767 0.79079212 0.0079079212
0.11930707 0.78338067 0.0078338067
0.11961647 0.78117933 0.0078117933
0.11992588 0.77494392 0.0077494392
0.12023528 0.76872175 0.0076872175
0.12054468 0.76704644 0.0076704644
0.12085408 0.76268082 0.0076268082
0.12116348 0.75919741 0.0075919741
0.12147288 0.74388106 0.0074388106
0.12178227 0.74833114 0.0074833114
0.12209167 0.74241208 0.0074241208
0.12240107 0.74066682 0.0074066682
0.12271046 0.73464603 0.0073464603
0.12301986 0.73525653 0.0073525653
0.12332925 0.73481383 0.0073481383
0.12363865 0.72857602 0.0072857602
0.12394804 0.71690651 0.0071690651
0.12425743 0.70530378 0.0070530378
0.12456683 0.70901959 0.0070901959
0.12487622 0.71059036 0.0071059036
0.12518561 0.69996925 0.0069996925
0.125495 0.69705776 0.0069705776
0.12580439 0.69407727 0.0069407727
0.12611377 0.69008772 0.0069008772
0.12642316 0.68731894 0.0068731894
0.12673255 0.68749054 0.0068749054
0.12704194 0.67375213 0.0067375213
0.12735132 0.6714497 0.006714497
0.12766071 0.66720065 0.0066720065
0.12797009 0.65828993 0.0065828993
0.12827947 0.65611239 0.0065611239
0.12858886 0.65538101 0.0065538101
0.12889824 0.65072506 0.0065072506
0.12920762 0.63997953 0.0063997953
0.129517 0.63723859 0.0063723859
0.12982638 0.63785514 0.0063785514
0.13013576 0.6276761 0.006276761
0.13044514 0.63024455 0.0063024455
0.13075452 0.62773271 0.0062773271
0.1310639 0.62249379 0.0062249379
0.13137327 0.62342286 0.0062342286
0.13168265 0.61578267 0.0061578267
0.13199202 0.60839668 0.0060839668
0.1323014 0.60638999 0.0060638999
0.13261077 0.60195383 0.0060195383
0.13292015 0.6032536 0.006032536
0.13322952 0.59321793 0.0059321793
0.13353889 0.59834472 0.0059834472
0.13384826 0.58782035 0.0058782035
0.13415763 0.58126421 0.0058126421
0.134467 0.57654387 0.0057654387
0.13477637 0.57466331 0.0057466331
0.13508574 0.57490656 0.0057490656
0.1353951 0.56607517 0.0056607517
0.13570447 0.56062358 0.0056062358
0.13601383 0.56414717 0.0056414717
0.1363232 0.55483081 0.0055483081
0.13663256 0.55959758 0.0055959758
0.13694193 0.54877721 0.0054877721
0.13725129 0.54170298 0.0054170298
0.13756065 0.55017474 0.0055017474
0.13787001 0.53844654 0.0053844654
0.13817937 0.53453218 0.0053453218
0.13848873 0.53131361 0.0053131361
0.13879809 0.53098789 0.0053098789
0.13910745 0.52266926 0.0052266926
0.13941681 0.52921216 0.0052921216
0.13972616 0.5158664 0.005158664
0.14003552 0.51491898 0.0051491898
0.14034488 0.50600717 0.0050600717
0.14065423 0.50405196 0.0050405196
0.14096358 0.50471665 0.0050471665
0.14127294 0.50209482 0.0050209482
0.14158229 0.49689077 0.0049689077
0.14189164 0.49303593 0.0049303593
0.14220099 0.49224929 0.0049224929
0.14251034 0.48554029 0.0048554029
0.14281969 0.48595029 0.0048595029
0.14312904 0.48304914 0.0048304914
0.14343838 0.47640966 0.0047640966
0.14374773 0.47456108 0.0047456108
0.14405708 0.47325957 0.0047325957
0.14436642 0.46396149 0.0046396149
0.14467577 0.46216826 0.0046216826
0.14498511 0.46445209 0.0046445209
0.14529445 0.45646059 0.0045646059
0.14560379 0.45488615 0.0045488615
0.14591314 0.4524298 0.004524298
0.14622248 0.45146927 0.0045146927
0.14653182 0.44666482 0.0044666482
0.14684115 0.44410301 0.0044410301
0.14715049 0.43762343 0.0043762343
0.14745983 0.43947883 0.0043947883
0.14776917 0.4277284 0.004277284
0.1480785 0.42994141 0.0042994141
0.14838784 0.42761791 0.0042761791
0.14869717 0.42557734 0.0042557734
0.1490065 0.42268615 0.0042268615
0.14931583 0.42202882 0.0042202882
0.14962517 0.41403492 0.0041403492
0.1499345 0.41840887 0.0041840887
0.15024383 0.40898828 0.0040898828
0.15055316 0.41225737 0.0041225737
0.15086248 0.40640677 0.0040640677
0.15117181 0.40761191 0.0040761191
0.15148114 0.39899181 0.0039899181
0.15179046 0.39298609 0.0039298609
0.15209979 0.39572167 0.0039572167
0.15240911 0.38771705 0.0038771705
0.15271844 0.38713527 0.0038713527
0.15302776 0.38407576 0.0038407576
0.15333708 0.38333264 0.0038333264
0.1536464 0.38216595 0.0038216595
0.15395572 0.37806982 0.0037806982
0.15426504 0.38316133 0.0038316133
0.15457436 0.37424288 0.0037424288
0.15488367 0.36713058 0.0036713058
0.15519299 0.37603411 0.0037603411
0.15550231 0.37128929 0.0037128929
0.15581162 0.36520938 0.0036520938
0.15612093 0.36475693 0.0036475693
0.15643025 0.35858108 0.0035858108
0.15673956 0.35981644 0.0035981644
0.15704887 0.35290228 0.0035290228
0.15735818 0.3566459 0.003566459
0.15766749 0.36450624 0.0036450624
0.1579768 0.37249825 0.0037249825
0.15828611 0.3718831 0.003718831
0.15859542 0.39636907 0.0039636907
0.15890472 0.4619836 0.004619836
0.15921403 0.79155923 0.0079155923
0.15952333 1.8088397 0.018088397
0.15983264 2.9378249 0.029378249
0.16014194 2.5317028 0.025317028
0.16045124 1.1354334 0.011354334
0.16076054 0.52490779 0.0052490779
0.16106984 0.38946595 0.0038946595
0.16137914 0.35687806 0.0035687806
0.16168844 0.33532331 0.0033532331
0.16199774 0.32744519 0.0032744519
0.16230703 0.32272227 0.0032272227
0.16261633 0.31355692 0.0031355692
0.16292562 0.31669681 0.0031669681
0.16323492 0.30253531 0.0030253531
0.16354421 0.30160435 0.0030160435
0.1638535 0.29773275 0.0029773275
0.16416279 0.29486182 0.0029486182
0.16447208 0.29916163 0.0029916163
0.16478137 0.29152835 0.0029152835
0.16509066 0.29092182 0.0029092182
0.16539995 0.28668363 0.0028668363
0.16570924 0.28925371 0.0028925371
0.16601852 0.28453937 0.0028453937
0.16632781 0.28489153 0.0028489153
0.16663709 0.27836358 0.0027836358
0.16694637 0.27636777 0.0027636777
0.16725566 0.27353543 0.0027353543
0.16756494 0.27941623 0.0027941623
0.16787422 0.26888134 0.0026888134
0.1681835 0.26726676 0.0026726676
0.16849278 0.26231625 0.0026231625
0.16880205 0.2673105 0.002673105
0.16911133 0.26121959 0.0026121959
0.16942061 0.2571865 0.002571865
0.16972988 0.25750482 0.0025750482
0.17003916 0.25594191 0.0025594191
0.17034843 0.25483177 0.0025483177
0.1706577 0.25523906 0.0025523906
0.17096697 0.25058802 0.0025058802
0.17127624 0.24675534 0.0024675534
0.17158551 0.24597583 0.0024597583
0.17189478 0.24037823 0.0024037823
0.17220405 0.24122255 0.0024122255
0.17251331 0.23948022 0.0023948022
0.17282258 0.24132176 0.0024132176
0.17313184 0.24032759 0.0024032759
0.17344111 0.24374472 0.0024374472
0.17375037 0.23585504 0.0023585504
0.17405963 0.23622193 0.0023622193
0.17436889 0.23314698 0.0023314698
0.17467815 0.23287624 0.0023287624
0.17498741 0.23335036 0.0023335036
0.17529667 0.23381913 0.0023381913
0.17560593 0.23933247 0.0023933247
0.17591518 0.23885415 0.0023885415
0.17622444 0.24782442 0.0024782442
0.17653369 0.24484415 0.0024484415
0.17684295 0.26182723 0.0026182723
0.1771522 0.28545695 0.0028545695
0.17746145 0.3418845 0.003418845
0.1777707 0.49785763 0.0049785763
0.17807995 1.20148 0.0120148
0.1783892 3.4773606 0.034773606
0.17869844 6.315302 0.06315302
0.17900769 5.1649772 0.051649772
0.17931694 2.0874391 0.020874391
0.17962618 0.70007787 0.0070007787
0.17993542 0.3696585 0.003696585
0.18024467 0.28559656 0.0028559656
0.18055391 0.25537318 0.0025537318
0.18086315 0.23773285 0.0023773285
0.18117239 0.22951246 0.0022951246
0.18148163 0.22205821 0.0022205821
0.18179086 0.23063334 0.0023063334
0.1821001 0.24756335 0.0024756335
0.18240934 0.29415244 0.0029415244
0.18271857 0.50797683 0.0050797683
0.1830278 1.1015253 0.011015253
0.18333704 1.7203238 0.017203238
0.18364627 1.2692029 0.012692029
0.1839555 0.5621336 0.005621336
0.18426473 0.27883428 0.0027883428
0.18457396 0.21865424 0.0021865424
0.18488318 0.1986832 0.001986832
0.18519241 0.18666105 0.0018666105
0.18550164 0.17877081 0.0017877081
0.18581086 0.17742922 0.0017742922
0.18612009 0.17327172 0.0017327172
0.18642931 0.17117512 0.0017117512
0.18673853 0.1666465 0.001666465
0.18704775 0.16247074 0.0016247074
0.18735697 0.15926778 0.0015926778
0.18766619 0.15965427 0.0015965427
0.1879754 0.15712655 0.0015712655
0.18828462 0.15121535 0.0015121535
0.18859384 0.15416311 0.0015416311
0.18890305 0.1562788 0.001562788
0.18921226 0.15207169 0.0015207169
0.18952148 0.15111138 0.0015111138
0.18983069 0.14863806 0.0014863806
0.1901399 0.14983338 0.0014983338
0.19044911 0.14720687 0.0014720687
0.19075832 0.14326841 0.0014326841
0.19106752 0.14875134 0.0014875134
0.19137673 0.14082941 0.0014082941
0.19168593 0.13969936 0.0013969936
0.19199514 0.14107208 0.0014107208
0.19230434 0.14509458 0.0014509458
0.19261354 0.13886484 0.0013886484
0.19292274 0.14065481 0.0014065481
0.19323194 0.13620769 0.0013620769
0.19354114 0.1347519 0.001347519
0.19385034 0.13576155 0.0013576155
0.19415954 0.1293389 0.001293389
0.19446873 0.13742156 0.0013742156
0.19477793 0.13056881 0.0013056881
0.19508712 0.13389664 0.0013389664
0.19539631 0.13337169 0.0013337169
0.1957055 0.13757875 0.0013757875
0.19601469 0.13432468 0.0013432468
0.19632388 0.12701668 0.0012701668
0.19663307 0.1345185 0.001345185
0.19694226 0.13423477 0.0013423477
0.19725144 0.13492276 0.0013492276
0.19756063 0.14132524 0.0014132524
0.19786981 0.14955171 0.0014955171
0.19817899 0.16246748 0.0016246748
0.19848818 0.18688389 0.0018688389
0.19879736 0.23803598 0.0023803598
0.19910654 0.3868107 0.003868107
0.19941572 0.98619844 0.0098619844
0.19972489 2.5686151 0.025686151
0.20003407 3.6612429 0.036612429
0.20034324 2.8223553 0.028223553
0.20065242 1.0654646 0.010654646
0.20096159 0.38178734 0.0038178734
0.20127076 0.22086207 0.0022086207
0.20157993 0.16637121 0.0016637121
0.2018891 0.14550014 0.0014550014
0.20219827 0.12881809 0.0012881809
0.20250744 0.12316985 0.0012316985
0.20281661 0.11574165 0.0011574165
0.20312577 0.1094316 0.001094316
0.20343493 0.10694423 0.0010694423
0.2037441 0.10298796 0.0010298796
0.20405326 0.099750534 0.00099750534
0.20436242 0.10098575 0.0010098575
0.20467158 0.096292289 0.00096292289
0.20498074 0.095030655 0.00095030655
0.2052899 0.094878335 0.00094878335
0.20559905 0.091987546 0.00091987546
0.20590821 0.087039633 0.00087039633
0.20621736 0.089999258 0.00089999258
0.20652651 0.084556313 0.00084556313
0.20683567 0.08565225 0.0008565225
0.20714482 0.088601298 0.00088601298
0.20745397 0.084539753 0.00084539753
0.20776312 0.081920331 0.00081920331
0.20807226 0.084696508 0.00084696508
0.20838141 0.081063762 0.00081063762
0.20869055 0.080443767 0.00080443767
0.2089997 0.077914919 0.00077914919
0.20930884 0.079456149 0.00079456149
0.20961798 0.077086097 0.00077086097
0.20992712 0.075399106 0.00075399106
0.21023626 0.079304223 0.00079304223
0.2105454 0.069865455 0.00069865455
0.21085454 0.076644089 0.00076644089
0.21116367 0.069717161 0.00069717161
0.21147281 0.075409242 0.00075409242
0.21178194 0.074475586 0.00074475586
0.21209107 0.06956064 0.0006956064
0.21240021 0.071302669 0.00071302669
0.21270934 0.06874753 0.0006874753
0.21301846 0.0680129 0.000680129
0.21332759 0.071172052 0.00071172052
0.21363672 0.075670062 0.00075670062
0.21394584 0.068214629 0.00068214629
0.21425497 0.069687452 0.00069687452
0.21456409 0.063730458 0.00063730458
0.21487321 0.064681096 0.00064681096
0.21518234 0.063612654 0.00063612654
0.21549145 0.063388476 0.00063388476
0.21580057 0.062182517 0.00062182517
0.21610969 0.063782679 0.00063782679
0.21641881 0.058387343 0.00058387343
0.21672792 0.05784887 0.0005784887
0.21703704 0.056606014 0.00056606014
0.21734615 0.057183151 0.00057183151
0.21765526 0.065055406 0.00065055406
0.21796437 0.060892875 0.00060892875
0.21827348 0.056268199 0.00056268199
0.21858259 0.059663275 0.00059663275
0.21889169 0.058318 0.00058318
0.2192008 0.057500393 0.00057500393
0.2195099 0.056956067 0.00056956067
0.21981901 0.053101577 0.00053101577
0.22012811 0.060581219 0.00060581219
0.22043721 0.057601967 0.00057601967
0.22074631 0.052368077 0.00052368077
0.22105541 0.054878056 0.00054878056
0.2213645 0.053935574 0.00053935574
0.2216736 0.055987461 0.00055987461
0.22198269 0.055730786 0.00055730786
0.22229179 0.047451521 0.00047451521
0.22260088 0.051607881 0.00051607881
0.22290997 0.055101569 0.00055101569
0.22321906 0.057428662 0.00057428662
0.22352815 0.052487245 0.00052487245
0.22383724 0.054517267 0.00054517267
0.22414632 0.058361128 0.00058361128
0.22445541 0.062922542 0.00062922542
0.22476449 0.06896872 0.0006896872
0.22507357 0.090087335 0.00090087335
0.22538265 0.17280946 0.0017280946
0.22569174 0.42999825 0.0042999825
0.22600081 0.83256499 0.0083256499
0.22630989 0.81050466 0.0081050466
0.22661897 0.34820378 0.0034820378
0.22692804 0.12490412 0.0012490412
0.22723712 0.07396475 0.0007396475
0.22754619 0.059520286 0.00059520286
0.22785526 0.054376629 0.00054376629
0.22816433 0.051951984 0.00051951984
0.2284734 0.042684582 0.00042684582
0.22878247 0.046960596 0.00046960596
0.22909153 0.049948061 0.00049948061
0.2294006 0.05984406 0.0005984406
0.22970966 0.073381953 0.00073381953
0.23001873 0.062673398 0.00062673398
0.23032779 0.046043494 0.00046043494
0.23063685 0.038216682 0.00038216682
0.23094591 0.037318512 0.00037318512
0.23125496 0.043128013 0.00043128013
0.23156402 0.03731934 0.0003731934
0.23187308 0.040836018 0.00040836018
0.23218213 0.035254139 0.00035254139
0.23249118 0.036998495 0.00036998495
0.23280023 0.035746963 0.00035746963
0.23310928 0.037498526 0.00037498526
0.23341833 0.032532714 0.00032532714
0.23372738 0.033236964 0.00033236964
0.23403643 0.035271951 0.00035271951
0.23434547 0.031656256 0.00031656256
0.23465451 0.033118214 0.00033118214
0.23496356 0.034238618 0.00034238618
0.2352726 0.034071516 0.00034071516
0.23558164 0.031937036 0.00031937036
0.23589068 0.032469718 0.00032469718
0.23619971 0.031898792 0.00031898792
0.23650875 0.029405079 0.00029405079
0.23681778 0.028200504 0.00028200504
0.23712682 0.031875098 0.00031875098
0.23743585 0.026699446 0.00026699446
0.23774488 0.028437461 0.00028437461
0.23805391 0.032323271 0.00032323271
0.23836294 0.030182191 0.00030182191
0.23867197 0.034075309 0.00034075309
0.23898099 0.030203204 0.00030203204
0.23929002 0.036866332 0.00036866332
0.23959904 0.031256492 0.00031256492
0.23990806 0.033334092 0.00033334092
0.24021708 0.031889871 0.00031889871
0.2405261 0.036263613 0.00036263613
0.24083512 0.039972715 0.00039972715
0.24114413 0.039270181 0.00039270181
0.24145315 0.047956458 0.00047956458
0.24176216 0.062317082 0.00062317082
0.24207118 0.07652708 0.0007652708
0.24238019 0.15215412 0.0015215412
0.2426892 0.42555151 0.0042555151
0.24299821 1.0800232 0.010800232
0.24330721 1.6928263 0.016928263
0.24361622 1.0055049 0.010055049
0.24392522 0.30846496 0.0030846496
0.24423423 0.11051259 0.0011051259
0.24454323 0.066625702 0.00066625702
0.24485223 0.049267455 0.00049267455
0.24516123 0.038015206 0.00038015206
0.24547023 0.029378773 0.00029378773
0.24577922 0.032130593 0.00032130593
0.24608822 0.032858521 0.00032858521
0.24639721 0.031996374 0.00031996374
0.24670621 0.026925824 0.00026925824
0.2470152 0.027935851 0.00027935851
0.24732419 0.023332021 0.00023332021
0.24763318 0.02328732 0.0002328732
0.24794216 0.021628561 0.00021628561
0.24825115 0.021415007 0.00021415007
0.24856013 0.017185412 0.00017185412
0.24886912 0.022216461 0.00022216461
0.2491781 0.0252298 0.000252298
0.24948708 0.021417928 0.00021417928
0.24979606 0.023789139 0.00023789139
0.25010504 0.026873186 0.00026873186
0.25041401 0.033844182 0.00033844182
0.25072299 0.02891651 0.0002891651
0.25103196 0.029939012 0.00029939012
0.25134093 0.034444389 0.00034444389
0.2516499 0.05310186 0.0005310186
0.25195887 0.11529346 0.0011529346
0.25226784 0.35522749 0.0035522749
0.25257681 0.83066971 0.0083066971
0.25288577 1.2521804 0.012521804
0.25319474 0.57284523 0.0057284523
0.2535037 0.16677618 0.0016677618
0.25381266 0.071326075 0.00071326075
0.25412162 0.046377796 0.00046377796
0.25443058 0.034938439 0.00034938439
0.25473954 0.027677764 0.00027677764
0.25504849 0.025684889 0.00025684889
0.25535745 0.023845216 0.00023845216
0.2556664 0.020629321 0.00020629321
0.25597535 0.023226373 0.00023226373
0.2562843 0.019683158 0.00019683158
0.25659325 0.023333919 0.00023333919
0.2569022 0.018571051 0.00018571051
0.25721115 0.02283839 0.0002283839
0.25752009 0.024042831 0.00024042831
0.25782903 0.021025414 0.00021025414
0.25813798 0.017407584 0.00017407584
0.25844692 0.020430522 0.00020430522
0.25875585 0.016093504 0.00016093504
0.25906479 0.016996972 0.00016996972
0.25937373 0.01770999 0.0001770999
0.25968266 0.015686937 0.00015686937
0.2599916 0.019441174 0.00019441174
0.26030053 0.013260985 0.00013260985
0.26060946 0.019607171 0.00019607171
0.26091839 0.014730037 0.00014730037
0.26122732 0.011692492 0.00011692492
0.26153624 0.014456487 0.00014456487
0.26184517 0.014909251 0.00014909251
0.26215409 0.018545276 0.00018545276
0.26246301 0.016570809 0.00016570809
0.26277193 0.015123838 0.00015123838
0.26308085 0.013403928 0.00013403928
0.26338977 0.013542977 0.00013542977
0.26369869 0.026460568 0.00026460568
0.2640076 0.015727768 0.00015727768
0.26431651 0.01353847 0.0001353847
0.26462543 0.0224569 0.000224569
0.26493434 0.021877074 0.00021877074
0.26524325 0.017164179 0.00017164179
0.26555215 0.016213035 0.00016213035
0.26586106 0.017222248 0.00017222248
0.26616996 0.022514519 0.00022514519
0.26647887 0.015350511 0.00015350511
0.26678777 0.017924073 0.00017924073
0.26709667 0.019018931 0.00019018931
0.26740557 0.015202684 0.00015202684
0.26771447 0.019603259 0.00019603259
0.26802336 0.018191114 0.00018191114
0.26833226 0.015555344 0.00015555344
0.26864115 0.016106786 0.00016106786
0.26895004 0.020150926 0.00020150926
0.26925893 0.016244515 0.00016244515
0.26956782 0.017861199 0.00017861199
0.26987671 0.018171151 0.00018171151
0.27018559 0.012136223 0.00012136223
0.27049448 0.014254183 0.00014254183
0.27080336 0.018205392 0.00018205392
0.27111224 0.016999886 0.00016999886
0.27142112 0.01716788 0.0001716788
0.27173 0.018836013 0.00018836013
0.27203888 0.013161215 0.00013161215
0.27234775 0.016536261 0.00016536261
0.27265663 0.020281805 0.00020281805
0.2729655 0.014389447 0.00014389447
0.27327437 0.016329903 0.00016329903
0.27358324 0.012678589 0.00012678589
0.27389211 0.018155408 0.00018155408
0.27420098 0.016489836 0.00016489836
0.27450984 0.014450584 0.00014450584
0.2748187 0.017495096 0.00017495096
0.27512757 0.024938481 0.00024938481
0.27543643 0.020130975 0.00020130975
0.27574529 0.019874386 0.00019874386
0.27605414 0.017262603 0.00017262603
0.276363 0.019890945 0.00019890945
0.27667185 0.026766452 0.00026766452
0.27698071 0.033335132 0.00033335132
0.27728956 0.028164481 0.00028164481
0.27759841 0.0366046 0.000366046
0.27790726 0.038252931 0.00038252931
0.2782161 0.055742738 0.00055742738
0.27852495 0.078006873 0.00078006873
0.27883379 0.12568299 0.0012568299
0.27914264 0.26934584 0.0026934584
0.27945148 0.84934694 0.0084934694
0.27976032 2.6517031 0.026517031
0.28006915 3.2062098 0.032062098
0.28037799 1.2441414 0.012441414
0.28068683 0.31304345 0.0031304345
0.28099566 0.12388475 0.0012388475
0.28130449 0.070378417 0.00070378417
0.28161332 0.054223403 0.00054223403
0.28192215 0.040551716 0.00040551716
0.28223098 0.03509717 0.0003509717
0.2825398 0.026582799 0.00026582799
0.28284863 0.02409471 0.0002409471
0.28315745 0.027307036 0.00027307036
0.28346627 0.019642202 0.00019642202
0.28377509 0.022959837 0.00022959837
0.28408391 0.01852862 0.0001852862
0.28439272 0.021388406 0.00021388406
0.28470154 0.013603835 0.00013603835
0.28501035 0.019487805 0.00019487805
0.28531916 0.014931063 0.00014931063
0.28562797 0.018374515 0.00018374515
0.28593678 0.018025113 0.00018025113
0.28624559 0.027313027 0.00027313027
0.2865544 0.029996764 0.00029996764
0.2868632 0.032998367 0.00032998367
0.287172 0.036318933 0.00036318933
0.2874808 0.0564726 0.000564726
0.2877896 0.18360079 0.0018360079
0.2880984 0.4685741 0.004685741
0.2884072 0.60306148 0.0060306148
0.28871599 0.28226381 0.0028226381
0.28902478 0.066091876 0.00066091876
0.28933358 0.037355381 0.00037355381
0.28964237 0.020731104 0.00020731104
0.28995115 0.02 0.0002
0.29025994 0.023750697 0.00023750697
0.29056873 0.025957474 0.00025957474
0.29087751 0.030053516 0.00030053516
0.29118629 0.038179947 0.00038179947
0.29149507 0.028657277 0.00028657277
0.29180385 0.015109219 0.00015109219
0.29211263 0.018259179 0.00018259179
0.2924214 0.011609521 0.00011609521
0.29273018 0.018967343 0.00018967343
0.29303895 0.020105589 0.00020105589
0.29334772 0.0099904246 9.9904246e-05
0.29365649 0.0087671271 8.7671271e-05
0.29396526 0.018410021 0.00018410021
0.29427402 0.016120738 0.00016120738
0.29458279 0.022395314 0.00022395314
0.29489155 0.015130724 0.00015130724
0.29520031 0.012685909 0.00012685909
0.29550907 0.0091324124 9.1324124e-05
0.29581783 0.013222571 0.00013222571
0.29612659 0.011963548 0.00011963548
0.29643534 0.012891397 0.00012891397
0.2967441 0.016106911 0.00016106911
0.29705285 0.014475317 0.00014475317
0.2973616 0.017485932 0.00017485932
0.29767035 0.013826836 0.00013826836
0.29797909 0.022138568 0.00022138568
0.29828784 0.024575411 0.00024575411
0.29859658 0.017977603 0.00017977603
0.29890532 0.018346614 0.00018346614
0.29921406 0.019979217 0.00019979217
0.2995228 0.02421741 0.0002421741
0.29983154 0.030282711 0.00030282711
