0.010027023 3.7089578 0.037089578
0.010059664 3.6791858 0.036791858
0.010268595 3.4655485 0.034655485
0.010369191 3.3649276 0.033649276
0.010515988 3.2626938 0.032626938
0.010678719 3.1526999 0.031526999
0.010769341 3.0951009 0.030951009
0.010988246 2.958189 0.02958189
0.011028797 2.9453453 0.029453453
0.011294505 2.8710464 0.028710464
0.011297773 2.8699541 0.028699541
0.011566613 2.6982481 0.026982481
0.0116073 2.6733578 0.026733578
0.011845278 2.5727035 0.025727035
0.011916828 2.5420717 0.025420717
0.012130656 2.4462834 0.024462834
0.012226355 2.4044323 0.024044323
0.01242291 2.3393645 0.023393645
0.012535882 2.3012554 0.023012554
0.012722205 2.2245903 0.022245903
0.012845409 2.1736367 0.021736367
0.01302871 2.1059103 0.021059103
0.013154936 2.0604294 0.020604294
0.0133426 2.0109964 0.020109964
0.013464463 1.9797019 0.019797019
0.013664051 1.9363602 0.019363602
0.013773989 1.912562 0.01912562
0.013993248 1.8588225 0.018588225
0.014083516 1.8370351 0.018370351
0.014330375 1.7924686 0.017924686
0.014393043 1.780418 0.01780418
0.014675625 1.7057506 0.017057506
0.014702569 1.6989093 0.016989093
0.015012096 1.6474622 0.016474622
0.015029192 1.6438216 0.016438216
0.015321622 1.5809926 0.015809926
0.015391278 1.5749539 0.015749539
0.015631148 1.554053 0.01554053
0.015762087 1.5147993 0.015147993
0.015940675 1.4602203 0.014602203
0.01614183 1.4420893 0.014420893
0.016250201 1.4344515 0.014344515
0.016530721 1.4175793 0.014175793
0.016559727 1.4153848 0.014153848
0.016869253 1.3617662 0.013617662
0.016928982 1.353748 0.01353748
0.017178779 1.3210747 0.013210747
0.017336837 1.3038602 0.013038602
0.017488304 1.2878381 0.012878381
0.017754519 1.2651064 0.012651064
0.01779783 1.2611349 0.012611349
0.018107355 1.2201906 0.012201906
0.018182263 1.2104502 0.012104502
0.018416881 1.1815117 0.011815117
0.018620313 1.1717856 0.011717856
0.018726406 1.1662802 0.011662802
0.019035932 1.1287074 0.011287074
0.019068917 1.1275365 0.011275365
0.019345457 1.1193326 0.011193326
0.019528328 1.1022787 0.011022787
0.019654982 1.0896163 0.010896163
0.019964507 1.0577473 0.010577473
0.019998807 1.0577665 0.010577665
0.020274032 1.0602323 0.010602323
0.020480622 1.0393819 0.010393819
0.020583556 1.0286494 0.010286494
0.020893081 1.0193987 0.010193987
0.020974044 1.0128315 0.010128315
0.021202605 0.99329001 0.0099329001
0.021479354 0.97357267 0.0097357267
0.02151213 0.97130025 0.0097130025
0.021821654 0.9563841 0.009563841
0.021996838 0.94494176 0.0094494176
0.022131178 0.93644139 0.0093644139
0.022440702 0.92483773 0.0092483773
0.022526789 0.92619634 0.0092619634
0.022750226 0.93005492 0.0093005492
0.02305975 0.9148309 0.009148309
0.023069508 0.91476817 0.0091476817
0.023369274 0.9125146 0.009125146
0.023625302 0.89731813 0.0089731813
0.023678797 0.89404647 0.0089404647
0.023988321 0.88468941 0.0088468941
0.024194486 0.8762868 0.008762868
0.024297844 0.87209221 0.0087209221
0.024607367 0.85644027 0.0085644027
0.024777383 0.85657979 0.0085657979
0.02491689 0.85596223 0.0085596223
0.025226413 0.81747722 0.0081747722
0.025374324 0.81577793 0.0081577793
0.025535936 0.81522537 0.0081522537
0.025845458 0.81295057 0.0081295057
0.025985646 0.80819761 0.0080819761
0.026154981 0.8022098 0.008022098
0.026464503 0.8061553 0.008061553
0.026611696 0.79463687 0.0079463687
0.026774025 0.78170216 0.0078170216
0.027083547 0.7940151 0.007940151
0.027252829 0.77743321 0.0077743321
0.027393069 0.76328487 0.0076328487
0.027702591 0.76368909 0.0076368909
0.027909409 0.74718156 0.0074718156
0.028012112 0.73929349 0.0073929349
0.028321634 0.74472445 0.0074472445
0.028581806 0.72821424 0.0072821424
0.028631155 0.72530398 0.0072530398
0.028940676 0.72762182 0.0072762182
0.029250197 0.73280613 0.0073280613
0.029270403 0.73228112 0.0073228112
0.029559718 0.72276886 0.0072276886
0.029869238 0.71365008 0.0071365008
0.02997559 0.70676947 0.0070676947
0.030178759 0.6941312 0.006941312
0.030488279 0.70130031 0.0070130031
0.030697767 0.69325136 0.0069325136
0.030797799 0.68964417 0.0068964417
0.031107319 0.68463633 0.0068463633
0.031416839 0.69517335 0.0069517335
0.031437342 0.69385925 0.0069385925
0.031726359 0.67381595 0.0067381595
0.032035878 0.66634616 0.0066634616
0.032194735 0.66995663 0.0066995663
0.032345397 0.67349076 0.0067349076
0.032654916 0.66768849 0.0066768849
0.032964435 0.64872206 0.0064872206
0.032970376 0.64875739 0.0064875739
0.033273954 0.65155 0.0065155
0.033583473 0.6479467 0.006479467
0.033764703 0.64624252 0.0064624252
0.033892991 0.64491769 0.0064491769
0.034202509 0.64531046 0.0064531046
0.034512027 0.64133366 0.0064133366
0.034578168 0.63982825 0.0063982825
0.034821545 0.63435807 0.0063435807
0.035131063 0.62668603 0.0062668603
0.03541123 0.63476417 0.0063476417
0.03544058 0.63550945 0.0063550945
0.035750097 0.6186095 0.006186095
0.036059614 0.61399592 0.0061399592
0.036264363 0.61256035 0.0061256035
0.036369131 0.61203325 0.0061203325
0.036678648 0.61169225 0.0061169225
0.036988164 0.60419145 0.0060419145
0.037138049 0.60174518 0.0060174518
0.03729768 0.5991804 0.005991804
0.037607196 0.60094965 0.0060094965
0.037916712 0.59405346 0.0059405346
0.038032785 0.59307592 0.0059307592
0.038226228 0.59155776 0.0059155776
0.038535743 0.59193967 0.0059193967
0.038845259 0.5921869 0.005921869
0.038949077 0.58863008 0.0058863008
0.039154774 0.58122648 0.0058122648
0.039464288 0.58154948 0.0058154948
0.039773803 0.5735407 0.005735407
0.039887444 0.57273855 0.0057273855
0.040083317 0.57172086 0.0057172086
0.040392831 0.56801381 0.0056801381
0.040702345 0.57228265 0.0057228265
0.040848418 0.56925767 0.0056925767
0.041011859 0.56555518 0.0056555518
0.041321372 0.56506117 0.0056506117
0.041630886 0.56040315 0.0056040315
0.041832544 0.55416606 0.0055416606
0.041940399 0.5509627 0.005509627
0.042249911 0.55593363 0.0055593363
0.042559424 0.54467236 0.0054467236
0.04284038 0.54759237 0.0054759237
0.042868936 0.54790746 0.0054790746
0.043178448 0.54758628 0.0054758628
0.04348796 0.54733453 0.0054733453
0.043797472 0.54574015 0.0054574015
0.043872497 0.54448155 0.0054448155
0.044106983 0.54034639 0.0054034639
0.044416494 0.53553914 0.0053553914
0.044726005 0.53539423 0.0053539423
0.04492948 0.53717299 0.0053717299
0.045035516 0.53805579 0.0053805579
0.045345026 0.53004401 0.0053004401
0.045654536 0.5253718 0.005253718
0.045964046 0.52575672 0.0052575672
0.046011928 0.525438 0.00525438
0.046273556 0.52372858 0.0052372858
0.046583065 0.51559836 0.0051559836
0.046892575 0.5178248 0.005178248
0.047120454 0.51578036 0.0051578036
0.047202083 0.51506864 0.0051506864
0.047511592 0.514117 0.00514117
0.0478211 0.51329428 0.0051329428
0.048130609 0.51162742 0.0051162742
0.048255688 0.50799381 0.0050799381
0.048440116 0.50266557 0.0050266557
0.048749624 0.50111366 0.0050111366
0.049059131 0.50208675 0.0050208675
0.049368638 0.50188045 0.0050188045
0.049418271 0.5014224 0.005014224
0.049678145 0.49864487 0.0049864487
0.049987652 0.49482028 0.0049482028
0.050297158 0.49274683 0.0049274683
0.050606664 0.48536994 0.0048536994
0.050608864 0.48539633 0.0048539633
0.05091617 0.4895516 0.004895516
0.051225675 0.48641681 0.0048641681
0.05153518 0.48595261 0.0048595261
0.05182814 0.48148891 0.0048148891
0.051844685 0.48124244 0.0048124244
0.05215419 0.4832174 0.004832174
0.052463694 0.47839088 0.0047839088
0.052773198 0.47794393 0.0047794393
0.053076791 0.47933377 0.0047933377
0.053082702 0.47935453 0.0047935453
0.053392205 0.4772853 0.004772853
0.053701708 0.47085609 0.0047085609
0.054011211 0.46854987 0.0046854987
0.054320713 0.46843198 0.0046843198
0.054355526 0.46828111 0.0046828111
0.054630216 0.46721085 0.0046721085
0.054939718 0.46158633 0.0046158633
0.055249219 0.45756364 0.0045756364
0.055558721 0.46301448 0.0046301448
0.055665067 0.46150509 0.0046150509
0.055868222 0.45866365 0.0045866365
0.056177722 0.45876281 0.0045876281
0.056487223 0.456039 0.00456039
0.056796723 0.45450155 0.0045450155
0.057006158 0.45693884 0.0045693884
0.057106223 0.45802524 0.0045802524
0.057415722 0.44490062 0.0044490062
0.057725221 0.44511344 0.0044511344
0.05803472 0.44742268 0.0044742268
0.058344219 0.44570422 0.0044570422
0.058379559 0.44582149 0.0044582149
0.058653717 0.44689925 0.0044689925
0.058963215 0.44112855 0.0044112855
0.059272713 0.4415697 0.004415697
0.05958221 0.44287215 0.0044287215
0.059786049 0.44009717 0.0044009717
0.059891707 0.43860331 0.0043860331
0.060201203 0.43063633 0.0043063633
0.0605107 0.43813594 0.0043813594
0.060820196 0.42608351 0.0042608351
0.061129691 0.42992746 0.0042992746
0.061226423 0.4286467 0.004286467
0.061439187 0.4260531 0.004260531
0.061748681 0.42661339 0.0042661339
0.062058176 0.43001878 0.0043001878
0.06236767 0.42847061 0.0042847061
0.062677164 0.42948335 0.0042948335
0.0627015 0.42914611 0.0042914611
0.062986658 0.42465765 0.0042465765
0.063296151 0.41955702 0.0041955702
0.063605644 0.42167148 0.0042167148
0.063915137 0.4134278 0.004134278
0.064212114 0.40939711 0.0040939711
0.064224629 0.40925217 0.0040925217
0.064534121 0.41381876 0.0041381876
0.064843612 0.41227124 0.0041227124
0.065153103 0.41041736 0.0041041736
0.065462594 0.41231412 0.0041231412
0.065759122 0.41028158 0.0041028158
0.065772085 0.41017398 0.0041017398
0.066081575 0.40292515 0.0040292515
0.066391064 0.40670492 0.0040670492
0.066700554 0.40387779 0.0040387779
0.067010043 0.39997393 0.0039997393
0.067319531 0.39651413 0.0039651413
0.0673434 0.39702737 0.0039702737
0.06762902 0.4034561 0.004034561
0.067938508 0.39960388 0.0039960388
0.068247995 0.39000131 0.0039000131
0.068557482 0.3967708 0.003967708
0.068866969 0.39599005 0.0039599005
0.068965848 0.39406816 0.0039406816
0.069176455 0.38982786 0.0038982786
0.069485941 0.38850717 0.0038850717
0.069795427 0.38798063 0.0038798063
0.070104912 0.3890218 0.003890218
0.070414397 0.38278847 0.0038278847
0.070627384 0.38247812 0.0038247812
0.070723882 0.38234577 0.0038234577
0.071033366 0.3812141 0.003812141
0.07134285 0.37957054 0.0037957054
0.071652333 0.37928491 0.0037928491
0.071961816 0.37885068 0.0037885068
0.072271298 0.37339612 0.0037339612
0.072328949 0.37315959 0.0037315959
0.07258078 0.372218 0.00372218
0.072890262 0.37298459 0.0037298459
0.073199744 0.37067976 0.0037067976
0.073509225 0.3673023 0.003673023
0.073818705 0.36838155 0.0036838155
0.074071509 0.36746083 0.0036746083
0.074128185 0.36722402 0.0036722402
0.074437665 0.36602438 0.0036602438
0.074747144 0.3677349 0.003677349
0.075056623 0.36108786 0.0036108786
0.075366102 0.35760202 0.0035760202
0.07567558 0.35554343 0.0035554343
0.075856051 0.35544619 0.0035544619
0.075985058 0.35540769 0.0035540769
0.076294535 0.35488377 0.0035488377
0.076604012 0.35332625 0.0035332625
0.076913488 0.35406956 0.0035406956
0.077222964 0.3479233 0.003479233
0.07753244 0.34473185 0.0034473185
0.077683587 0.34631634 0.0034631634
0.077841915 0.34801732 0.0034801732
0.07815139 0.34693666 0.0034693666
0.078460864 0.34310275 0.0034310275
0.078770338 0.33974579 0.0033974579
0.079079812 0.34242547 0.0034242547
0.079389285 0.34031856 0.0034031856
0.079555152 0.34016413 0.0034016413
0.079698757 0.33997545 0.0033997545
0.080008229 0.34008632 0.0034008632
0.080317701 0.33889905 0.0033889905
0.080627172 0.33771909 0.0033771909
0.080936643 0.33325182 0.0033325182
0.081246114 0.33130299 0.0033130299
0.081471807 0.32976114 0.0032976114
0.081555584 0.32923052 0.0032923052
0.081865053 0.32873255 0.0032873255
0.082174522 0.32790999 0.0032790999
0.082483991 0.32636356 0.0032636356
0.082793459 0.32440495 0.0032440495
0.083102927 0.32330663 0.0032330663
0.083412394 0.32583433 0.0032583433
0.083434638 0.32544133 0.0032544133
0.083721861 0.32014557 0.0032014557
0.084031327 0.31785694 0.0031785694
0.084340793 0.32010185 0.0032010185
0.084650259 0.31539703 0.0031539703
0.084959724 0.31227039 0.0031227039
0.085269188 0.31205903 0.0031205903
0.085444758 0.31063855 0.0031063855
0.085578652 0.30962958 0.0030962958
0.085888116 0.31083937 0.0031083937
0.086197579 0.30901196 0.0030901196
0.086507042 0.3078111 0.003078111
0.086816504 0.30596022 0.0030596022
0.087125966 0.30335902 0.0030335902
0.087435427 0.30422632 0.0030422632
0.087503306 0.30317654 0.0030317654
0.087744888 0.29938255 0.0029938255
0.088054348 0.30159612 0.0030159612
0.088363808 0.29892877 0.0029892877
0.088673267 0.29819357 0.0029819357
0.088982726 0.29545117 0.0029545117
0.089292184 0.29374294 0.0029374294
0.089601642 0.29307746 0.0029307746
0.089611449 0.29299682 0.0029299682
0.089911099 0.29059023 0.0029059023
0.090220556 0.29344323 0.0029344323
0.090530013 0.28509876 0.0028509876
0.090839469 0.28620748 0.0028620748
0.091148924 0.28521566 0.0028521566
0.091458379 0.28425571 0.0028425571
0.091767833 0.2849153 0.002849153
0.091770381 0.28490501 0.0028490501
0.092077287 0.28360341 0.0028360341
0.092386741 0.28036889 0.0028036889
0.092696194 0.27927938 0.0027927938
0.093005646 0.28096293 0.0028096293
0.093315098 0.2771049 0.002771049
0.093624549 0.27496729 0.0027496729
0.093934 0.27446368 0.0027446368
0.093981327 0.27425902 0.0027425902
0.09424345 0.27316976 0.0027316976
0.0945529 0.27423292 0.0027423292
0.09486235 0.26882096 0.0026882096
0.095171798 0.27046772 0.0027046772
0.095481247 0.26931416 0.0026931416
0.095790694 0.26585631 0.0026585631
0.096100142 0.26768097 0.0026768097
0.09624554 0.26596402 0.0026596402
0.096409588 0.26398727 0.0026398727
0.096719035 0.26380537 0.0026380537
0.09702848 0.26093969 0.0026093969
0.097337925 0.25733928 0.0025733928
0.09764737 0.25786662 0.0025786662
0.097956814 0.25550878 0.0025550878
0.098266257 0.25773713 0.0025773713
0.098564302 0.25398079 0.0025398079
0.0985757 0.25383696 0.0025383696
0.098885143 0.2529097 0.002529097
0.099194585 0.25200386 0.0025200386
0.099504026 0.24991748 0.0024991748
0.099813467 0.24760575 0.0024760575
0.10012291 0.24802277 0.0024802277
0.10043235 0.24596635 0.0024596635
0.10074179 0.24322777 0.0024322777
0.10093893 0.24124796 0.0024124796
0.10105122 0.24015967 0.0024015967
0.10136066 0.2399217 0.002399217
0.1016701 0.24045218 0.0024045218
0.10197954 0.24282906 0.0024282906
0.10228897 0.23774862 0.0023774862
0.10259841 0.23898124 0.0023898124
0.10290785 0.23586185 0.0023586185
0.10321728 0.23736853 0.0023736853
0.10337076 0.23427918 0.0023427918
0.10352671 0.23111338 0.0023111338
0.10383615 0.23442775 0.0023442775
0.10414558 0.23235317 0.0023235317
0.10445501 0.23213706 0.0023213706
0.10476445 0.22880129 0.0022880129
0.10507388 0.22851256 0.0022851256
0.10538331 0.22547463 0.0022547463
0.10569274 0.22435734 0.0022435734
0.10586119 0.22423199 0.0022423199
0.10600217 0.22415179 0.0022415179
0.1063116 0.22551343 0.0022551343
0.10662102 0.22157384 0.0022157384
0.10693045 0.22000586 0.0022000586
0.10723988 0.22058077 0.0022058077
0.10754931 0.21937753 0.0021937753
0.10785873 0.21625032 0.0021625032
0.10816816 0.21672618 0.0021672618
0.10841161 0.21703779 0.0021703779
0.10847758 0.21708939 0.0021708939
0.10878701 0.21391256 0.0021391256
0.10909643 0.21081688 0.0021081688
0.10940585 0.21070311 0.0021070311
0.10971528 0.20958274 0.0020958274
0.1100247 0.20941663 0.0020941663
0.11033412 0.20660822 0.0020660822
0.11064354 0.2082019 0.002082019
0.11095296 0.20155047 0.0020155047
0.11102348 0.20157283 0.0020157283
0.11126238 0.20172246 0.0020172246
0.1115718 0.19916834 0.0019916834
0.11188122 0.20223894 0.0020223894
0.11219064 0.19798728 0.0019798728
0.11250005 0.19963836 0.0019963836
0.11280947 0.19788906 0.0019788906
0.11311889 0.19516957 0.0019516957
0.1134283 0.19226466 0.0019226466
0.11369828 0.19081444 0.0019081444
0.11373772 0.19060702 0.0019060702
0.11404713 0.1915307 0.001915307
0.11435654 0.18883568 0.0018883568
0.11466596 0.18831179 0.0018831179
0.11497537 0.1899093 0.001899093
0.11528478 0.18755377 0.0018755377
0.11559419 0.18689798 0.0018689798
0.1159036 0.18617919 0.0018617919
0.11621301 0.18074076 0.0018074076
0.11643751 0.18196559 0.0018196559
0.11652242 0.18243215 0.0018243215
0.11683183 0.18223206 0.0018223206
0.11714124 0.18278528 0.0018278528
0.11745064 0.17721443 0.0017721443
0.11776005 0.17859809 0.0017859809
0.11806945 0.17541765 0.0017541765
0.11837886 0.17693407 0.0017693407
0.11868826 0.17559246 0.0017559246
0.11899767 0.17402803 0.0017402803
0.11924274 0.17404947 0.0017404947
0.11930707 0.17404955 0.0017404955
0.11961647 0.17396923 0.0017396923
0.11992588 0.17161621 0.0017161621
0.12023528 0.17148418 0.0017148418
0.12054468 0.16816375 0.0016816375
0.12085408 0.16529086 0.0016529086
0.12116348 0.16674413 0.0016674413
0.12147288 0.16454487 0.0016454487
0.12178227 0.16390695 0.0016390695
0.12209167 0.16396156 0.0016396156
0.12211556 0.16388512 0.0016388512
0.12240107 0.1629921 0.001629921
0.12271046 0.16198056 0.0016198056
0.12301986 0.15946322 0.0015946322
0.12332925 0.15953627 0.0015953627
0.12363865 0.15800313 0.0015800313
0.12394804 0.15631509 0.0015631509
0.12425743 0.15704095 0.0015704095
0.12456683 0.1550244 0.001550244
0.12487622 0.1550255 0.001550255
0.12505758 0.15539654 0.0015539654
0.12518561 0.1556351 0.001556351
0.125495 0.15048058 0.0015048058
0.12580439 0.1520171 0.001520171
0.12611377 0.14910406 0.0014910406
0.12642316 0.15013216 0.0015013216
0.12673255 0.14730005 0.0014730005
0.12704194 0.14488255 0.0014488255
0.12735132 0.14778004 0.0014778004
0.12766071 0.14422912 0.0014422912
0.12797009 0.14301614 0.0014301614
0.12807049 0.14327032 0.0014327032
0.12827947 0.14383162 0.0014383162
0.12858886 0.1413987 0.001413987
0.12889824 0.14291614 0.0014291614
0.12920762 0.14056146 0.0014056146
0.129517 0.14088355 0.0014088355
0.12982638 0.1402279 0.001402279
0.13013576 0.13756986 0.0013756986
0.13044514 0.1369409 0.001369409
0.13075452 0.13602897 0.0013602897
0.1310639 0.13254707 0.0013254707
0.13115598 0.13354486 0.0013354486
0.13137327 0.13590308 0.0013590308
0.13168265 0.13252052 0.0013252052
0.13199202 0.13009564 0.0013009564
0.1323014 0.1316981 0.001316981
0.13261077 0.12910157 0.0012910157
0.13292015 0.12935723 0.0012935723
0.13322952 0.12771056 0.0012771056
0.13353889 0.12738429 0.0012738429
0.13384826 0.12440572 0.0012440572
0.13415763 0.12509393 0.0012509393
0.13431581 0.12425149 0.0012425149
0.134467 0.1234431 0.001234431
0.13477637 0.12287879 0.0012287879
0.13508574 0.12017847 0.0012017847
0.1353951 0.1203307 0.001203307
0.13570447 0.11963634 0.0011963634
0.13601383 0.1182835 0.001182835
0.1363232 0.1181156 0.001181156
0.13663256 0.11776963 0.0011776963
0.13694193 0.11694005 0.0011694005
0.13725129 0.11334263 0.0011334263
0.13755177 0.11460565 0.0011460565
0.13756065 0.11464303 0.0011464303
0.13787001 0.11346853 0.0011346853
0.13817937 0.11223352 0.0011223352
0.13848873 0.11357088 0.0011357088
0.13879809 0.11160237 0.0011160237
0.13910745 0.1132254 0.001132254
0.13941681 0.11098052 0.0011098052
0.13972616 0.10636177 0.0010636177
0.14003552 0.10815977 0.0010815977
0.14034488 0.10703422 0.0010703422
0.14065423 0.10500667 0.0010500667
0.14086569 0.10485285 0.0010485285
0.14096358 0.1047948 0.001047948
0.14127294 0.10490181 0.0010490181
0.14158229 0.10511873 0.0010511873
0.14189164 0.10437229 0.0010437229
0.14220099 0.10297483 0.0010297483
0.14251034 0.099303907 0.00099303907
0.14281969 0.10225929 0.0010225929
0.14312904 0.09948991 0.0009948991
0.14343838 0.099593404 0.00099593404
0.14374773 0.10177891 0.0010177891
0.14405708 0.097429746 0.00097429746
0.14425945 0.097635349 0.00097635349
0.14436642 0.097743035 0.00097743035
0.14467577 0.097378023 0.00097378023
0.14498511 0.096473239 0.00096473239
0.14529445 0.094165251 0.00094165251
0.14560379 0.093333728 0.00093333728
0.14591314 0.092852552 0.00092852552
0.14622248 0.091983529 0.00091983529
0.14653182 0.092223473 0.00092223473
0.14684115 0.089581913 0.00089581913
0.14715049 0.09196803 0.0009196803
0.14745983 0.090787943 0.00090787943
0.14773497 0.090506565 0.00090506565
0.14776917 0.090469843 0.00090469843
0.1480785 0.086816278 0.00086816278
0.14838784 0.086889556 0.00086889556
0.14869717 0.087853521 0.00087853521
0.1490065 0.086484496 0.00086484496
0.14931583 0.085920624 0.00085920624
0.14962517 0.085734131 0.00085734131
0.1499345 0.0875362 0.000875362
0.15024383 0.08415627 0.0008415627
0.15055316 0.082323005 0.00082323005
0.15086248 0.081272859 0.00081272859
0.15117181 0.081419868 0.00081419868
0.15129422 0.081731311 0.00081731311
0.15148114 0.082222881 0.00082222881
0.15179046 0.078386571 0.00078386571
0.15209979 0.078636622 0.00078636622
0.15240911 0.077780774 0.00077780774
0.15271844 0.07720655 0.0007720655
0.15302776 0.078083166 0.00078083166
0.15333708 0.075298024 0.00075298024
0.1536464 0.07694405 0.0007694405
0.15395572 0.076602559 0.00076602559
0.15426504 0.076131278 0.00076131278
0.15457436 0.076067459 0.00076067459
0.15488367 0.075257426 0.00075257426
0.15493922 0.074829633 0.00074829633
0.15519299 0.072874887 0.00072874887
0.15550231 0.071579864 0.00071579864
0.15581162 0.071187127 0.00071187127
0.15612093 0.07216611 0.0007216611
0.15643025 0.070198415 0.00070198415
0.15673956 0.071933818 0.00071933818
0.15704887 0.070690147 0.00070690147
0.15735818 0.070512156 0.00070512156
0.15766749 0.070094893 0.00070094893
0.1579768 0.068410493 0.00068410493
0.15828611 0.068759311 0.00068759311
0.15859542 0.067762314 0.00067762314
0.15867204 0.067562646 0.00067562646
0.15890472 0.066941881 0.00066941881
0.15921403 0.06572504 0.0006572504
0.15952333 0.063678482 0.00063678482
0.15983264 0.064746588 0.00064746588
0.16014194 0.063911509 0.00063911509
0.16045124 0.063569105 0.00063569105
0.16076054 0.062368991 0.00062368991
0.16106984 0.061724494 0.00061724494
0.16137914 0.061200724 0.00061200724
0.16168844 0.061542274 0.00061542274
0.16199774 0.061414022 0.00061414022
0.16230703 0.061466371 0.00061466371
0.16249479 0.059190844 0.00059190844
0.16261633 0.057734532 0.00057734532
0.16292562 0.058287076 0.00058287076
0.16323492 0.058915788 0.00058915788
0.16354421 0.05617779 0.0005617779
0.1638535 0.058378154 0.00058378154
0.16416279 0.056957514 0.00056957514
0.16447208 0.055886123 0.00055886123
0.16478137 0.055330319 0.00055330319
0.16509066 0.056087729 0.00056087729
0.16539995 0.054808638 0.00054808638
0.16570924 0.055913768 0.00055913768
0.16601852 0.054606868 0.00054606868
0.16632781 0.054161902 0.00054161902
0.16640964 0.053861584 0.00053861584
0.16663709 0.053012519 0.00053012519
0.16694637 0.051464444 0.00051464444
0.16725566 0.051788513 0.00051788513
0.16756494 0.051056826 0.00051056826
0.16787422 0.050389067 0.00050389067
0.1681835 0.051129929 0.00051129929
0.16849278 0.051269733 0.00051269733
0.16880205 0.050401379 0.00050401379
0.16911133 0.046970115 0.00046970115
0.16942061 0.0463782 0.000463782
0.16972988 0.046684004 0.00046684004
0.17003916 0.047571999 0.00047571999
0.17034843 0.046475449 0.00046475449
0.17041881 0.046991771 0.00046991771
0.1706577 0.048766997 0.00048766997
0.17096697 0.046010893 0.00046010893
0.17127624 0.04634684 0.0004634684
0.17158551 0.046479253 0.00046479253
0.17189478 0.044333932 0.00044333932
0.17220405 0.044262184 0.00044262184
0.17251331 0.045566377 0.00045566377
0.17282258 0.043952479 0.00043952479
0.17313184 0.042139761 0.00042139761
0.17344111 0.042241394 0.00042241394
0.17375037 0.043014317 0.00043014317
0.17405963 0.040880436 0.00040880436
0.17436889 0.043332939 0.00043332939
0.17452457 0.042634086 0.00042634086
0.17467815 0.041935691 0.00041935691
0.17498741 0.0422343 0.000422343
0.17529667 0.040561364 0.00040561364
0.17560593 0.039666397 0.00039666397
0.17591518 0.041144145 0.00041144145
0.17622444 0.040163031 0.00040163031
0.17653369 0.038620675 0.00038620675
0.17684295 0.038757071 0.00038757071
0.1771522 0.037138584 0.00037138584
0.17746145 0.038755613 0.00038755613
0.1777707 0.039425538 0.00039425538
0.17807995 0.036930092 0.00036930092
0.1783892 0.038511491 0.00038511491
0.17869844 0.036748338 0.00036748338
0.17872924 0.036806882 0.00036806882
0.17900769 0.037378693 0.00037378693
0.17931694 0.03717813 0.0003717813
0.17962618 0.038285974 0.00038285974
0.17993542 0.034671332 0.00034671332
0.18024467 0.034878879 0.00034878879
0.18055391 0.035752118 0.00035752118
0.18086315 0.034226293 0.00034226293
0.18117239 0.032739327 0.00032739327
0.18148163 0.034692975 0.00034692975
0.18179086 0.034026599 0.00034026599
0.1821001 0.033547246 0.00033547246
0.18240934 0.031398675 0.00031398675
0.18271857 0.034175838 0.00034175838
0.1830278 0.034869457 0.00034869457
0.18303521 0.03471851 0.0003471851
0.18333704 0.028524957 0.00028524957
0.18364627 0.033558076 0.00033558076
0.1839555 0.034391375 0.00034391375
0.18426473 0.030487025 0.00030487025
0.18457396 0.032881484 0.00032881484
0.18488318 0.030446754 0.00030446754
0.18519241 0.030784806 0.00030784806
0.18550164 0.029235896 0.00029235896
0.18581086 0.029019056 0.00029019056
0.18612009 0.03092063 0.0003092063
0.18642931 0.029261863 0.00029261863
0.18673853 0.030788689 0.00030788689
0.18704775 0.02831005 0.0002831005
0.18735697 0.028582846 0.00028582846
0.18744492 0.028614681 0.00028614681
0.18766619 0.028706768 0.00028706768
0.1879754 0.027569471 0.00027569471
0.18828462 0.026104313 0.00026104313
0.18859384 0.027483927 0.00027483927
0.18890305 0.027479597 0.00027479597
0.18921226 0.026034226 0.00026034226
0.18952148 0.025482378 0.00025482378
0.18983069 0.025666742 0.00025666742
0.1901399 0.024640352 0.00024640352
0.19044911 0.026041385 0.00026041385
0.19075832 0.025916973 0.00025916973
0.19106752 0.022725727 0.00022725727
0.19137673 0.022125087 0.00022125087
0.19168593 0.025482923 0.00025482923
0.19196087 0.024201269 0.00024201269
0.19199514 0.024042152 0.00024042152
0.19230434 0.02487446 0.0002487446
0.19261354 0.021816732 0.00021816732
0.19292274 0.022978034 0.00022978034
0.19323194 0.024046815 0.00024046815
0.19354114 0.021846994 0.00021846994
0.19385034 0.020635807 0.00020635807
0.19415954 0.022507368 0.00022507368
0.19446873 0.024609767 0.00024609767
0.19477793 0.024599333 0.00024599333
0.19508712 0.021712587 0.00021712587
0.19539631 0.02195407 0.0002195407
0.1957055 0.020112549 0.00020112549
0.19601469 0.022686779 0.00022686779
0.19632388 0.021074518 0.00021074518
0.19658562 0.020308065 0.00020308065
0.19663307 0.020173415 0.00020173415
0.19694226 0.022686255 0.00022686255
0.19725144 0.020178367 0.00020178367
0.19756063 0.020242668 0.00020242668
0.19786981 0.019901623 0.00019901623
0.19817899 0.021198249 0.00021198249
0.19848818 0.019174869 0.00019174869
0.19879736 0.019593903 0.00019593903
0.19910654 0.019385367 0.00019385367
0.19941572 0.019239759 0.00019239759
0.19972489 0.02063533 0.0002063533
0.20003407 0.019028582 0.00019028582
0.20034324 0.017701767 0.00017701767
0.20065242 0.021349602 0.00021349602
0.20096159 0.01912437 0.0001912437
0.20127076 0.019206918 0.00019206918
0.2013218 0.018850777 0.00018850777
0.20157993 0.017037696 0.00017037696
0.2018891 0.018311071 0.00018311071
0.20219827 0.018650419 0.00018650419
0.20250744 0.018296233 0.00018296233
0.20281661 0.017888744 0.00017888744
0.20312577 0.015914058 0.00015914058
0.20343493 0.017469522 0.00017469522
0.2037441 0.016530301 0.00016530301
0.20405326 0.016716788 0.00016716788
0.20436242 0.017938491 0.00017938491
0.20467158 0.016397238 0.00016397238
0.20498074 0.015455881 0.00015455881
0.2052899 0.015568931 0.00015568931
0.20559905 0.015570549 0.00015570549
0.20590821 0.015172316 0.00015172316
0.20617207 0.016207108 0.00016207108
0.20621736 0.016387101 0.00016387101
0.20652651 0.015914388 0.00015914388
0.20683567 0.015022483 0.00015022483
0.20714482 0.014481316 0.00014481316
0.20745397 0.015990079 0.00015990079
0.20776312 0.016741051 0.00016741051
0.20807226 0.015014448 0.00015014448
0.20838141 0.015834344 0.00015834344
0.20869055 0.015451569 0.00015451569
0.2089997 0.012954551 0.00012954551
0.20930884 0.013931514 0.00013931514
0.20961798 0.013729793 0.00013729793
0.20992712 0.013194272 0.00013194272
0.21023626 0.013298026 0.00013298026
0.2105454 0.015127824 0.00015127824
0.21085454 0.013943981 0.00013943981
0.2111392 0.015044291 0.00015044291
0.21116367 0.015137285 0.00015137285
0.21147281 0.015142339 0.00015142339
0.21178194 0.012713537 0.00012713537
0.21209107 0.01411536 0.0001411536
0.21240021 0.012865634 0.00012865634
0.21270934 0.011601084 0.00011601084
0.21301846 0.014356804 0.00014356804
0.21332759 0.012886056 0.00012886056
0.21363672 0.015406633 0.00015406633
0.21394584 0.011238912 0.00011238912
0.21425497 0.012663721 0.00012663721
0.21456409 0.011605704 0.00011605704
0.21487321 0.0092969953 9.2969953e-05
0.21518234 0.014290628 0.00014290628
0.21549145 0.014262133 0.00014262133
0.21580057 0.011020087 0.00011020087
0.21610969 0.01147585 0.0001147585
0.216226 0.01183014 0.0001183014
0.21641881 0.012428257 0.00012428257
0.21672792 0.01197517 0.0001197517
0.21703704 0.013635423 0.00013635423
0.21734615 0.012575627 0.00012575627
0.21765526 0.013377434 0.00013377434
0.21796437 0.011629314 0.00011629314
0.21827348 0.012140128 0.00012140128
0.21858259 0.010591067 0.00010591067
0.21889169 0.010283436 0.00010283436
0.2192008 0.012311425 0.00012311425
0.2195099 0.012203604 0.00012203604
0.21981901 0.010560832 0.00010560832
0.22012811 0.0096432292 9.6432292e-05
0.22043721 0.011420425 0.00011420425
0.22074631 0.011651781 0.00011651781
0.22105541 0.010286479 0.00010286479
0.2213645 0.010487064 0.00010487064
0.22143535 0.010825187 0.00010825187
0.2216736 0.011959886 0.00011959886
0.22198269 0.0091249418 9.1249418e-05
0.22229179 0.010369864 0.00010369864
0.22260088 0.011876994 0.00011876994
0.22290997 0.011667604 0.00011667604
0.22321906 0.00884579 8.84579e-05
0.22352815 0.011063853 0.00011063853
0.22383724 0.010042016 0.00010042016
0.22414632 0.012178709 0.00012178709
0.22445541 0.011420607 0.00011420607
0.22476449 0.008553457 8.553457e-05
0.22507357 0.0082371572 8.2371572e-05
0.22538265 0.010024336 0.00010024336
0.22569174 0.008952325 8.952325e-05
0.22600081 0.0085964288 8.5964288e-05
0.22630989 0.0084123791 8.4123791e-05
0.22661897 0.0095652258 9.5652258e-05
0.2267702 0.0092951068 9.2951068e-05
0.22692804 0.0090199122 9.0199122e-05
0.22723712 0.011623349 0.00011623349
0.22754619 0.0076716544 7.6716544e-05
0.22785526 0.010601235 0.00010601235
0.22816433 0.010811723 0.00010811723
0.2284734 0.009718283 9.718283e-05
0.22878247 0.0086515777 8.6515777e-05
0.22909153 0.0099954126 9.9954126e-05
0.2294006 0.0086226873 8.6226873e-05
0.22970966 0.010317493 0.00010317493
0.23001873 0.011103247 0.00011103247
0.23032779 0.0092162828 9.2162828e-05
0.23063685 0.010438281 0.00010438281
0.23094591 0.0094164973 9.4164973e-05
0.23125496 0.011793886 0.00011793886
0.23156402 0.0096650766 9.6650766e-05
0.23187308 0.0078826265 7.8826265e-05
0.23218213 0.0093894804 9.3894804e-05
0.23223358 0.0092622708 9.2622708e-05
0.23249118 0.0086146945 8.6146945e-05
0.23280023 0.0082961611 8.2961611e-05
0.23310928 0.011303341 0.00011303341
0.23341833 0.010086925 0.00010086925
0.23372738 0.0087489377 8.7489377e-05
0.23403643 0.0087432011 8.7432011e-05
0.23434547 0.0089646613 8.9646613e-05
0.23465451 0.0089802411 8.9802411e-05
0.23496356 0.0098796748 9.8796748e-05
0.2352726 0.0080623607 8.0623607e-05
0.23558164 0.0065641484 6.5641484e-05
0.23589068 0.009084322 9.084322e-05
0.23619971 0.009962465 9.962465e-05
0.23650875 0.0093357756 9.3357756e-05
0.23681778 0.0080514996 8.0514996e-05
0.23712682 0.008086117 8.086117e-05
0.23743585 0.0065176713 6.5176713e-05
0.23774488 0.0074676934 7.4676934e-05
0.23782859 0.0077315555 7.7315555e-05
0.23805391 0.0084686435 8.4686435e-05
0.23836294 0.0099802539 9.9802539e-05
0.23867197 0.0086342217 8.6342217e-05
0.23898099 0.010310273 0.00010310273
0.23929002 0.0098689158 9.8689158e-05
0.23959904 0.0077638287 7.7638287e-05
0.23990806 0.0099183986 9.9183986e-05
0.24021708 0.010636153 0.00010636153
0.2405261 0.0092500086 9.2500086e-05
0.24083512 0.008279979 8.279979e-05
0.24114413 0.0074410153 7.4410153e-05
0.24145315 0.0095254923 9.5254923e-05
0.24176216 0.0079782693 7.9782693e-05
0.24207118 0.010026447 0.00010026447
0.24238019 0.0098101724 9.8101724e-05
0.2426892 0.0086545242 8.6545242e-05
0.24299821 0.011007986 0.00011007986
0.24330721 0.010134127 0.00010134127
0.24355839 0.010392756 0.00010392756
0.24361622 0.010445626 0.00010445626
0.24392522 0.011779835 0.00011779835
0.24423423 0.0099046311 9.9046311e-05
0.24454323 0.010731243 0.00010731243
0.24485223 0.011994546 0.00011994546
0.24516123 0.0089212105 8.9212105e-05
0.24547023 0.0075277959 7.5277959e-05
0.24577922 0.0083025727 8.3025727e-05
0.24608822 0.0084894221 8.4894221e-05
0.24639721 0.0083555829 8.3555829e-05
0.24670621 0.010803877 0.00010803877
0.2470152 0.0091325004 9.1325004e-05
0.24732419 0.0093402808 9.3402808e-05
0.24763318 0.012637415 0.00012637415
0.24794216 0.0077623832 7.7623832e-05
0.24825115 0.0092712773 9.2712773e-05
0.24856013 0.0094856639 9.4856639e-05
0.24886912 0.010981705 0.00010981705
0.2491781 0.009973794 9.973794e-05
0.24942624 0.0093385958 9.3385958e-05
0.24948708 0.0091854554 9.1854554e-05
0.24979606 0.0079123726 7.9123726e-05
0.25010504 0.0083582266 8.3582266e-05
0.25041401 0.011392989 0.00011392989
0.25072299 0.0089670965 8.9670965e-05
0.25103196 0.010814967 0.00010814967
0.25134093 0.0096027369 9.6027369e-05
0.2516499 0.0092156198 9.2156198e-05
0.25195887 0.010114187 0.00010114187
0.25226784 0.011369956 0.00011369956
0.25257681 0.0084448573 8.4448573e-05
0.25288577 0.0098842214 9.8842214e-05
0.25319474 0.0081139107 8.1139107e-05
0.2535037 0.009409072 9.409072e-05
0.25381266 0.010508789 0.00010508789
0.25412162 0.011760952 0.00011760952
0.25443058 0.010701446 0.00010701446
0.25473954 0.0091989113 9.1989113e-05
0.25504849 0.0093857089 9.3857089e-05
0.25535745 0.0093953346 9.3953346e-05
0.25543545 0.0091536568 9.1536568e-05
0.2556664 0.0084573289 8.4573289e-05
0.25597535 0.010102313 0.00010102313
0.2562843 0.0104634 0.000104634
0.25659325 0.0094424757 9.4424757e-05
0.2569022 0.0079185849 7.9185849e-05
0.25721115 0.0099609179 9.9609179e-05
0.25752009 0.011325566 0.00011325566
0.25782903 0.0092473149 9.2473149e-05
0.25813798 0.0096617433 9.6617433e-05
0.25844692 0.011851334 0.00011851334
0.25875585 0.012126465 0.00012126465
0.25906479 0.012884704 0.00012884704
0.25937373 0.011652702 0.00011652702
0.25968266 0.013466416 0.00013466416
0.2599916 0.012286559 0.00012286559
0.26030053 0.01147836 0.0001147836
0.26060946 0.011351465 0.00011351465
0.26091839 0.012781939 0.00012781939
0.26122732 0.0088253471 8.8253471e-05
0.26153624 0.013712869 0.00013712869
0.26158944 0.013496898 0.00013496898
0.26184517 0.012426261 0.00012426261
0.26215409 0.01143863 0.0001143863
0.26246301 0.012423801 0.00012423801
0.26277193 0.0088457356 8.8457356e-05
0.26308085 0.01110709 0.0001110709
0.26338977 0.011605369 0.00011605369
0.26369869 0.012257342 0.00012257342
0.2640076 0.0091025357 9.1025357e-05
0.26431651 0.010575057 0.00010575057
0.26462543 0.011340242 0.00011340242
0.26493434 0.012527063 0.00012527063
0.26524325 0.01203662 0.0001203662
0.26555215 0.010641601 0.00010641601
0.26586106 0.013187019 0.00013187019
0.26616996 0.011458616 0.00011458616
0.26647887 0.011860712 0.00011860712
0.26678777 0.014081712 0.00014081712
0.26709667 0.009135432 9.135432e-05
0.26740557 0.013414183 0.00013414183
0.26771447 0.011401346 0.00011401346
0.2678917 0.012089232 0.00012089232
0.26802336 0.012604114 0.00012604114
0.26833226 0.010028859 0.00010028859
0.26864115 0.013587866 0.00013587866
0.26895004 0.011974034 0.00011974034
0.26925893 0.013353886 0.00013353886
0.26956782 0.010167277 0.00010167277
0.26987671 0.01286131 0.0001286131
0.27018559 0.0088251288 8.8251288e-05
0.27049448 0.01301779 0.0001301779
0.27080336 0.013199639 0.00013199639
0.27111224 0.011341239 0.00011341239
0.27142112 0.010872403 0.00010872403
0.27173 0.011406218 0.00011406218
0.27203888 0.010371602 0.00010371602
0.27234775 0.010868877 0.00010868877
0.27265663 0.01338871 0.0001338871
0.2729655 0.012219124 0.00012219124
0.27327437 0.013461484 0.00013461484
0.27358324 0.013457225 0.00013457225
0.27389211 0.013293609 0.00013293609
0.27420098 0.012601373 0.00012601373
0.27434578 0.012015067 0.00012015067
0.27450984 0.01136494 0.0001136494
0.2748187 0.01432122 0.0001432122
0.27512757 0.011141246 0.00011141246
0.27543643 0.014028005 0.00014028005
0.27574529 0.011753352 0.00011753352
0.27605414 0.014330953 0.00014330953
0.276363 0.011380997 0.00011380997
0.27667185 0.014459942 0.00014459942
0.27698071 0.013402678 0.00013402678
0.27728956 0.012814925 0.00012814925
0.27759841 0.012839833 0.00012839833
0.27790726 0.016733151 0.00016733151
0.2782161 0.012181594 0.00012181594
0.27852495 0.016018464 0.00016018464
0.27883379 0.01569624 0.0001569624
0.27914264 0.01424719 0.0001424719
0.27945148 0.013549059 0.00013549059
0.27976032 0.015544536 0.00015544536
0.28006915 0.013350097 0.00013350097
0.28037799 0.015707586 0.00015707586
0.28068683 0.015591214 0.00015591214
0.28095536 0.01576825 0.0001576825
0.28099566 0.015791397 0.00015791397
0.28130449 0.016950402 0.00016950402
0.28161332 0.01399162 0.0001399162
0.28192215 0.017459992 0.00017459992
0.28223098 0.014002665 0.00014002665
0.2825398 0.015929323 0.00015929323
0.28284863 0.013156986 0.00013156986
0.28315745 0.016268946 0.00016268946
0.28346627 0.015901847 0.00015901847
0.28377509 0.014642437 0.00014642437
0.28408391 0.017716136 0.00017716136
0.28439272 0.014833368 0.00014833368
0.28470154 0.013972437 0.00013972437
0.28501035 0.013766925 0.00013766925
0.28531916 0.015648159 0.00015648159
0.28562797 0.018663695 0.00018663695
0.28593678 0.016725025 0.00016725025
0.28624559 0.014836852 0.00014836852
0.2865544 0.016920351 0.00016920351
0.2868632 0.015320672 0.00015320672
0.287172 0.01581038 0.0001581038
0.2874808 0.013844174 0.00013844174
0.28772418 0.015696605 0.00015696605
0.2877896 0.016195986 0.00016195986
0.2880984 0.01237473 0.0001237473
0.2884072 0.014705931 0.00014705931
0.28871599 0.017153692 0.00017153692
0.28902478 0.014658866 0.00014658866
0.28933358 0.015123234 0.00015123234
0.28964237 0.015172465 0.00015172465
0.28995115 0.014883656 0.00014883656
0.29025994 0.017283345 0.00017283345
0.29056873 0.016237226 0.00016237226
0.29087751 0.017849756 0.00017849756
0.29118629 0.014442893 0.00014442893
0.29149507 0.014965982 0.00014965982
0.29180385 0.014066925 0.00014066925
0.29211263 0.017117886 0.00017117886
0.2924214 0.017458825 0.00017458825
0.29273018 0.017011806 0.00017011806
0.29303895 0.015097011 0.00015097011
0.29334772 0.016785988 0.00016785988
0.29365649 0.017140462 0.00017140462
0.29396526 0.017144961 0.00017144961
0.29427402 0.018491692 0.00018491692
0.29458279 0.01701704 0.0001701704
0.29465608 0.016754912 0.00016754912
0.29489155 0.015913122 0.00015913122
0.29520031 0.020389391 0.00020389391
0.29550907 0.016009225 0.00016009225
0.29581783 0.017667676 0.00017667676
0.29612659 0.018411256 0.00018411256
0.29643534 0.01728968 0.0001728968
0.2967441 0.017979864 0.00017979864
0.29705285 0.015806316 0.00015806316
0.2973616 0.018390315 0.00018390315
0.29767035 0.017715337 0.00017715337
0.29797909 0.017610055 0.00017610055
0.29828784 0.018274277 0.00018274277
0.29859658 0.015975381 0.00015975381
0.29890532 0.017228803 0.00017228803
0.29921406 0.016001371 0.00016001371
0.2995228 0.017334336 0.00017334336
0.29983154 0.018497186 0.00018497186
