0.01005966 1.99538 0.0199538
0.01036919 1.95493 0.0195493
0.01067872 1.91948 0.0191948
0.01098825 1.93331 0.0193331
0.01129777 1.85839 0.0185839
0.0116073 1.8848 0.018848
0.01191683 1.81885 0.0181885
0.01222635 1.7984 0.017984
0.01253588 1.774964 0.01774964
0.01284541 1.76613 0.0176613
0.01315494 1.714643 0.01714643
0.01346446 1.672461 0.01672461
0.01377399 1.676387 0.01676387
0.01408352 1.653021 0.01653021
0.01439304 1.59241 0.0159241
0.01470257 1.578834 0.01578834
0.0150121 1.555195 0.01555195
0.01532162 1.531478 0.01531478
0.01563115 1.506842 0.01506842
0.01594068 1.50974 0.0150974
0.0162502 1.492377 0.01492377
0.01655973 1.458989 0.01458989
0.01686925 1.443577 0.01443577
0.01717878 1.424378 0.01424378
0.0174883 1.365859 0.01365859
0.01779783 1.38557 0.0138557
0.01810735 1.387488 0.01387488
0.01841688 1.34999 0.0134999
0.01872641 1.321828 0.01321828
0.01903593 1.308377 0.01308377
0.01934546 1.292218 0.01292218
0.01965498 1.275653 0.01275653
0.01996451 1.264163 0.01264163
0.02027403 1.248759 0.01248759
0.02058356 1.250318 0.01250318
0.02089308 1.233301 0.01233301
0.0212026 1.20479 0.0120479
0.02151213 1.202249 0.01202249
0.02182165 1.197381 0.01197381
0.02213118 1.186528 0.01186528
0.0224407 1.171432 0.01171432
0.02275023 1.17285 0.0117285
0.02305975 1.163327 0.01163327
0.02336927 1.153423 0.01153423
0.0236788 1.145215 0.01145215
0.02398832 1.118659 0.01118659
0.02429784 1.129429 0.01129429
0.02460737 1.111772 0.01111772
0.02491689 1.097349 0.01097349
0.02522641 1.09653 0.0109653
0.02553594 1.080672 0.01080672
0.02584546 1.071126 0.01071126
0.02615498 1.070984 0.01070984
0.0264645 1.068502 0.01068502
0.02677402 1.056727 0.01056727
0.02708355 1.028847 0.01028847
0.02739307 1.0389 0.010389
0.02770259 1.03397 0.0103397
0.02801211 1.020304 0.01020304
0.02832163 1.006163 0.01006163
0.02863115 1.004126 0.01004126
0.02894068 0.993205 0.00993205
0.0292502 0.98159 0.0098159
0.02955972 0.982022 0.00982022
0.02986924 0.966235 0.00966235
0.03017876 0.964707 0.00964707
0.03048828 0.956901 0.00956901
0.0307978 0.952297 0.00952297
0.03110732 0.93893 0.0093893
0.03141684 0.945074 0.00945074
0.03172636 0.929346 0.00929346
0.03203588 0.937866 0.00937866
0.0323454 0.926063 0.00926063
0.03265492 0.920091 0.00920091
0.03296444 0.917269 0.00917269
0.03327395 0.910489 0.00910489
0.03358347 0.899726 0.00899726
0.03389299 0.900053 0.00900053
0.03420251 0.89242 0.0089242
0.03451203 0.895668 0.00895668
0.03482155 0.879016 0.00879016
0.03513106 0.872645 0.00872645
0.03544058 0.867514 0.00867514
0.0357501 0.872501 0.00872501
0.03605961 0.859297 0.00859297
0.03636913 0.865822 0.00865822
0.03667865 0.855976 0.00855976
0.03698816 0.853796 0.00853796
0.03729768 0.846443 0.00846443
0.0376072 0.842286 0.00842286
0.03791671 0.837476 0.00837476
0.03822623 0.834942 0.00834942
0.03853574 0.83328 0.0083328
0.03884526 0.8184 0.008184
0.03915477 0.824309 0.00824309
0.03946429 0.824029 0.00824029
0.0397738 0.808539 0.00808539
0.04008332 0.807066 0.00807066
0.04039283 0.807273 0.00807273
0.04070235 0.79775 0.0079775
0.04101186 0.793782 0.00793782
0.04132137 0.792152 0.00792152
0.04163089 0.790196 0.00790196
0.0419404 0.785431 0.00785431
0.04224991 0.776638 0.00776638
0.04255942 0.779208 0.00779208
0.04286894 0.770315 0.00770315
0.04317845 0.765401 0.00765401
0.04348796 0.769852 0.00769852
0.04379747 0.766393 0.00766393
0.04410698 0.750803 0.00750803
0.04441649 0.754294 0.00754294
0.044726 0.753352 0.00753352
0.04503552 0.745001 0.00745001
0.04534503 0.745895 0.00745895
0.04565454 0.736218 0.00736218
0.04596405 0.736215 0.00736215
0.04627356 0.737246 0.00737246
0.04658306 0.726876 0.00726876
0.04689257 0.72701 0.0072701
0.04720208 0.713002 0.00713002
0.04751159 0.713782 0.00713782
0.0478211 0.711253 0.00711253
0.04813061 0.714495 0.00714495
0.04844012 0.706803 0.00706803
0.04874962 0.704646 0.00704646
0.04905913 0.695056 0.00695056
0.04936864 0.691555 0.00691555
0.04967814 0.696064 0.00696064
0.04998765 0.686845 0.00686845
0.05029716 0.689532 0.00689532
0.05060666 0.689865 0.00689865
0.05091617 0.682741 0.00682741
0.05122567 0.685618 0.00685618
0.05153518 0.672156 0.00672156
0.05184469 0.673258 0.00673258
0.05215419 0.66774 0.0066774
0.05246369 0.6623501 0.006623501
0.0527732 0.6601412 0.006601412
0.0530827 0.6677565 0.006677565
0.0533922 0.6568722 0.006568722
0.05370171 0.6564739 0.006564739
0.05401121 0.6513671 0.006513671
0.05432071 0.6520029 0.006520029
0.05463022 0.6393488 0.006393488
0.05493972 0.639094 0.00639094
0.05524922 0.6386196 0.006386196
0.05555872 0.6307025 0.006307025
0.05586822 0.6282509 0.006282509
0.05617772 0.629036 0.00629036
0.05648722 0.6248663 0.006248663
0.05679672 0.6184022 0.006184022
0.05710622 0.6224211 0.006224211
0.05741572 0.613222 0.00613222
0.05772522 0.6154755 0.006154755
0.05803472 0.6113467 0.006113467
0.05834422 0.6099911 0.006099911
0.05865372 0.6005427 0.006005427
0.05896321 0.5975091 0.005975091
0.05927271 0.5987416 0.005987416
0.05958221 0.5947906 0.005947906
0.05989171 0.592414 0.00592414
0.0602012 0.5915103 0.005915103
0.0605107 0.5871345 0.005871345
0.0608202 0.5808259 0.005808259
0.06112969 0.5807618 0.005807618
0.06143919 0.5792071 0.005792071
0.06174868 0.5744523 0.005744523
0.06205818 0.5753133 0.005753133
0.06236767 0.5685338 0.005685338
0.06267716 0.5637694 0.005637694
0.06298666 0.5653535 0.005653535
0.06329615 0.5607378 0.005607378
0.06360564 0.5531608 0.005531608
0.06391514 0.5516272 0.005516272
0.06422463 0.5521818 0.005521818
0.06453412 0.5508083 0.005508083
0.06484361 0.5468711 0.005468711
0.0651531 0.5473757 0.005473757
0.06546259 0.5379044 0.005379044
0.06577208 0.5362571 0.005362571
0.06608158 0.5363368 0.005363368
0.06639106 0.5311204 0.005311204
0.06670055 0.5272736 0.005272736
0.06701004 0.5272021 0.005272021
0.06731953 0.5258543 0.005258543
0.06762902 0.5207419 0.005207419
0.06793851 0.5164991 0.005164991
0.068248 0.5175127 0.005175127
0.06855748 0.5119357 0.005119357
0.06886697 0.510554 0.00510554
0.06917645 0.5061083 0.005061083
0.06948594 0.5035836 0.005035836
0.06979543 0.4982872 0.004982872
0.07010491 0.4973597 0.004973597
0.0704144 0.494745 0.00494745
0.07072388 0.4933168 0.004933168
0.07103337 0.4908951 0.004908951
0.07134285 0.488911 0.00488911
0.07165233 0.4833183 0.004833183
0.07196182 0.4852015 0.004852015
0.0722713 0.478116 0.00478116
0.07258078 0.4734784 0.004734784
0.07289026 0.4749951 0.004749951
0.07319974 0.4677741 0.004677741
0.07350922 0.4657709 0.004657709
0.0738187 0.4653315 0.004653315
0.07412818 0.4624202 0.004624202
0.07443767 0.4621966 0.004621966
0.07474714 0.457001 0.00457001
0.07505662 0.455116 0.00455116
0.0753661 0.4504557 0.004504557
0.07567558 0.4445609 0.004445609
0.07598506 0.4440672 0.004440672
0.07629453 0.4442779 0.004442779
0.07660401 0.4411694 0.004411694
0.07691349 0.4381844 0.004381844
0.07722296 0.4374309 0.004374309
0.07753244 0.4346326 0.004346326
0.07784191 0.4305144 0.004305144
0.07815139 0.4252208 0.004252208
0.07846086 0.4248536 0.004248536
0.07877034 0.4239386 0.004239386
0.07907981 0.4193046 0.004193046
0.07938929 0.417171 0.00417171
0.07969876 0.4149751 0.004149751
0.08000823 0.4125232 0.004125232
0.0803177 0.4092756 0.004092756
0.08062717 0.4070316 0.004070316
0.08093664 0.4049221 0.004049221
0.08124611 0.4026816 0.004026816
0.08155558 0.3972808 0.003972808
0.08186505 0.3985501 0.003985501
0.08217452 0.3945762 0.003945762
0.08248399 0.3917918 0.003917918
0.08279346 0.3885061 0.003885061
0.08310293 0.3861973 0.003861973
0.08341239 0.385087 0.00385087
0.08372186 0.3837668 0.003837668
0.08403133 0.3785438 0.003785438
0.08434079 0.3753467 0.003753467
0.08465026 0.3753459 0.003753459
0.08495972 0.3725916 0.003725916
0.08526919 0.3710659 0.003710659
0.08557865 0.3683638 0.003683638
0.08588812 0.3637549 0.003637549
0.08619758 0.3641184 0.003641184
0.08650704 0.3571305 0.003571305
0.0868165 0.3590917 0.003590917
0.08712597 0.356094 0.00356094
0.08743543 0.3573126 0.003573126
0.08774489 0.3507432 0.003507432
0.08805435 0.3482441 0.003482441
0.08836381 0.3451062 0.003451062
0.08867327 0.344588 0.00344588
0.08898273 0.3443319 0.003443319
0.08929218 0.3391016 0.003391016
0.08960164 0.3409796 0.003409796
0.0899111 0.3363699 0.003363699
0.09022056 0.3357892 0.003357892
0.09053001 0.3352767 0.003352767
0.09083947 0.333793 0.00333793
0.09114892 0.3244996 0.003244996
0.09145838 0.325012 0.00325012
0.09176783 0.3238008 0.003238008
0.09207729 0.3210113 0.003210113
0.09238674 0.318889 0.00318889
0.09269619 0.3168283 0.003168283
0.09300565 0.3153454 0.003153454
0.0933151 0.3104454 0.003104454
0.09362455 0.3125943 0.003125943
0.093934 0.3076803 0.003076803
0.09424345 0.3099511 0.003099511
0.0945529 0.3043658 0.003043658
0.09486235 0.3005635 0.003005635
0.0951718 0.3001829 0.003001829
0.09548125 0.2951971 0.002951971
0.09579069 0.2962447 0.002962447
0.09610014 0.295193 0.00295193
0.09640959 0.2915566 0.002915566
0.09671903 0.2902164 0.002902164
0.09702848 0.2888756 0.002888756
0.09733793 0.2878557 0.002878557
0.09764737 0.2833109 0.002833109
0.09795681 0.2825039 0.002825039
0.09826626 0.279686 0.00279686
0.0985757 0.2792891 0.002792891
0.09888514 0.2731392 0.002731392
0.09919459 0.2736412 0.002736412
0.09950403 0.2709716 0.002709716
0.09981347 0.2684052 0.002684052
0.1001229 0.2688957 0.002688957
0.1004324 0.2656867 0.002656867
0.1007418 0.2651485 0.002651485
0.1010512 0.2624776 0.002624776
0.1013607 0.2593544 0.002593544
0.1016701 0.2589877 0.002589877
0.1019795 0.257 0.00257
0.102289 0.2539869 0.002539869
0.1025984 0.2519275 0.002519275
0.1029078 0.2520748 0.002520748
0.1032173 0.2506007 0.002506007
0.1035267 0.2457662 0.002457662
0.1038362 0.2465492 0.002465492
0.1041456 0.242564 0.00242564
0.104455 0.2438588 0.002438588
0.1047644 0.2406702 0.002406702
0.1050739 0.2378705 0.002378705
0.1053833 0.2376694 0.002376694
0.1056927 0.2352445 0.002352445
0.1060022 0.2343919 0.002343919
0.1063116 0.2304432 0.002304432
0.106621 0.2288295 0.002288295
0.1069304 0.2272384 0.002272384
0.1072399 0.227176 0.00227176
0.1075493 0.2233393 0.002233393
0.1078587 0.2222765 0.002222765
0.1081682 0.21979 0.0021979
0.1084776 0.2201828 0.002201828
0.108787 0.2171518 0.002171518
0.1090964 0.216154 0.00216154
0.1094058 0.2161567 0.002161567
0.1097153 0.2136297 0.002136297
0.1100247 0.2092077 0.002092077
0.1103341 0.2103902 0.002103902
0.1106435 0.2104309 0.002104309
0.110953 0.2044832 0.002044832
0.1112624 0.2049839 0.002049839
0.1115718 0.2024008 0.002024008
0.1118812 0.2003923 0.002003923
0.1121906 0.2007022 0.002007022
0.1125001 0.2005453 0.002005453
0.1128095 0.1987092 0.001987092
0.1131189 0.1969032 0.001969032
0.1134283 0.1946754 0.001946754
0.1137377 0.1930479 0.001930479
0.1140471 0.1910604 0.001910604
0.1143565 0.1907499 0.001907499
0.114666 0.1888706 0.001888706
0.1149754 0.1888248 0.001888248
0.1152848 0.1872471 0.001872471
0.1155942 0.1868895 0.001868895
0.1159036 0.1830698 0.001830698
0.116213 0.1825143 0.001825143
0.1165224 0.1820337 0.001820337
0.1168318 0.1798041 0.001798041
0.1171412 0.1784527 0.001784527
0.1174506 0.1759895 0.001759895
0.1177601 0.1741429 0.001741429
0.1180695 0.1742617 0.001742617
0.1183789 0.1714017 0.001714017
0.1186883 0.170413 0.00170413
0.1189977 0.1711115 0.001711115
0.1193071 0.1678542 0.001678542
0.1196165 0.1654953 0.001654953
0.1199259 0.1671024 0.001671024
0.1202353 0.1656334 0.001656334
0.1205447 0.1647034 0.001647034
0.1208541 0.162544 0.00162544
0.1211635 0.1606051 0.001606051
0.1214729 0.1597998 0.001597998
0.1217823 0.1582609 0.001582609
0.1220917 0.1563144 0.001563144
0.1224011 0.1551342 0.001551342
0.1227105 0.1561037 0.001561037
0.1230199 0.1562886 0.001562886
0.1233293 0.1522691 0.001522691
0.1236387 0.1519737 0.001519737
0.123948 0.1522434 0.001522434
0.1242574 0.1499318 0.001499318
0.1245668 0.1468416 0.001468416
0.1248762 0.1471268 0.001471268
0.1251856 0.1450294 0.001450294
0.125495 0.1439311 0.001439311
0.1258044 0.1439423 0.001439423
0.1261138 0.1419432 0.001419432
0.1264232 0.1421325 0.001421325
0.1267325 0.1389942 0.001389942
0.1270419 0.1398392 0.001398392
0.1273513 0.1371355 0.001371355
0.1276607 0.1372805 0.001372805
0.1279701 0.137412 0.00137412
0.1282795 0.1358484 0.001358484
0.1285889 0.1352315 0.001352315
0.1288982 0.1322461 0.001322461
0.1292076 0.1311565 0.001311565
0.129517 0.1306338 0.001306338
0.1298264 0.1297853 0.001297853
0.1301358 0.1298024 0.001298024
0.1304451 0.1263567 0.001263567
0.1307545 0.1279684 0.001279684
0.1310639 0.1275537 0.001275537
0.1313733 0.1266108 0.001266108
0.1316827 0.1233809 0.001233809
0.131992 0.1228327 0.001228327
0.1323014 0.1223719 0.001223719
0.1326108 0.12143 0.0012143
0.1329201 0.1199001 0.001199001
0.1332295 0.1185485 0.001185485
0.1335389 0.1210818 0.001210818
0.1338483 0.1167955 0.001167955
0.1341576 0.1167012 0.001167012
0.134467 0.1161503 0.001161503
0.1347764 0.1158567 0.001158567
0.1350857 0.1152853 0.001152853
0.1353951 0.1139188 0.001139188
0.1357045 0.1129518 0.001129518
0.1360138 0.1119143 0.001119143
0.1363232 0.1089639 0.001089639
0.1366326 0.1097414 0.001097414
0.1369419 0.109487 0.00109487
0.1372513 0.1091676 0.001091676
0.1375607 0.1075854 0.001075854
0.13787 0.1072272 0.001072272
0.1381794 0.1069343 0.001069343
0.1384887 0.1064213 0.001064213
0.1387981 0.1041159 0.001041159
0.1391074 0.1036479 0.001036479
0.1394168 0.1005986 0.001005986
0.1397262 0.1028892 0.001028892
0.1400355 0.1021415 0.001021415
0.1403449 0.1001916 0.001001916
0.1406542 0.0980026 0.000980026
0.1409636 0.0995667 0.000995667
0.1412729 0.0986131 0.000986131
0.1415823 0.098415 0.00098415
0.1418916 0.0981199 0.000981199
0.142201 0.0956302 0.000956302
0.1425103 0.0966958 0.000966958
0.1428197 0.0961094 0.000961094
0.143129 0.0950617 0.000950617
0.1434384 0.0905726 0.000905726
0.1437477 0.0929885 0.000929885
0.1440571 0.0914298 0.000914298
0.1443664 0.0923618 0.000923618
0.1446758 0.088904 0.00088904
0.1449851 0.0898831 0.000898831
0.1452944 0.0893109 0.000893109
0.1456038 0.0887311 0.000887311
0.1459131 0.0880801 0.000880801
0.1462225 0.0882334 0.000882334
0.1465318 0.0871368 0.000871368
0.1468412 0.0862898 0.000862898
0.1471505 0.0852205 0.000852205
0.1474598 0.0834871 0.000834871
0.1477692 0.0859753 0.000859753
0.1480785 0.0830382 0.000830382
0.1483878 0.0838511 0.000838511
0.1486972 0.0824997 0.000824997
0.1490065 0.080956 0.00080956
0.1493158 0.0814907 0.000814907
0.1496252 0.0795318 0.000795318
0.1499345 0.0781451 0.000781451
0.1502438 0.0793755 0.000793755
0.1505532 0.0786379 0.000786379
0.1508625 0.0797038 0.000797038
0.1511718 0.0772472 0.000772472
0.1514811 0.0788811 0.000788811
0.1517905 0.0768479 0.000768479
0.1520998 0.0743841 0.000743841
0.1524091 0.0743184 0.000743184
0.1527184 0.0754816 0.000754816
0.1530278 0.0736791 0.000736791
0.1533371 0.0724316 0.000724316
0.1536464 0.0721361 0.000721361
0.1539557 0.0729978 0.000729978
0.154265 0.070566 0.00070566
0.1545744 0.0717615 0.000717615
0.1548837 0.0711742 0.000711742
0.155193 0.0706187 0.000706187
0.1555023 0.0706131 0.000706131
0.1558116 0.0700994 0.000700994
0.1561209 0.0684388 0.000684388
0.1564302 0.0671509 0.000671509
0.1567396 0.0680042 0.000680042
0.1570489 0.0668855 0.000668855
0.1573582 0.0684738 0.000684738
0.1576675 0.0653592 0.000653592
0.1579768 0.0656534 0.000656534
0.1582861 0.0662328 0.000662328
0.1585954 0.064993 0.00064993
0.1589047 0.0644228 0.000644228
0.159214 0.0638545 0.000638545
0.1595233 0.0629863 0.000629863
0.1598326 0.0626958 0.000626958
0.1601419 0.0632723 0.000632723
0.1604512 0.0642622 0.000642622
0.1607605 0.0614921 0.000614921
0.1610698 0.0618341 0.000618341
0.1613791 0.0613966 0.000613966
0.1616884 0.0631183 0.000631183
0.1619977 0.059646 0.00059646
0.162307 0.0577132 0.000577132
0.1626163 0.0585043 0.000585043
0.1629256 0.0578227 0.000578227
0.1632349 0.0579426 0.000579426
0.1635442 0.0587926 0.000587926
0.1638535 0.0579628 0.000579628
0.1641628 0.0583052 0.000583052
0.1644721 0.0580695 0.000580695
0.1647814 0.0573392 0.000573392
0.1650907 0.0561521 0.000561521
0.1653999 0.0551793 0.000551793
0.1657092 0.0540455 0.000540455
0.1660185 0.0553813 0.000553813
0.1663278 0.0571141 0.000571141
0.1666371 0.0563836 0.000563836
0.1669464 0.0555079 0.000555079
0.1672557 0.0548992 0.000548992
0.1675649 0.0533695 0.000533695
0.1678742 0.0535781 0.000535781
0.1681835 0.0522706 0.000522706
0.1684928 0.0532601 0.000532601
0.1688021 0.0526738 0.000526738
0.1691113 0.0512795 0.000512795
0.1694206 0.0508141 0.000508141
0.1697299 0.0495415 0.000495415
0.1700392 0.0488202 0.000488202
0.1703484 0.048432 0.00048432
0.1706577 0.0491535 0.000491535
0.170967 0.050597 0.00050597
0.1712762 0.0503143 0.000503143
0.1715855 0.0487245 0.000487245
0.1718948 0.0483616 0.000483616
0.172204 0.0481326 0.000481326
0.1725133 0.0457996 0.000457996
0.1728226 0.0470397 0.000470397
0.1731318 0.0461745 0.000461745
0.1734411 0.0468934 0.000468934
0.1737504 0.0483551 0.000483551
0.1740596 0.0448501 0.000448501
0.1743689 0.0464265 0.000464265
0.1746782 0.0456195 0.000456195
0.1749874 0.0455311 0.000455311
0.1752967 0.0441234 0.000441234
0.1756059 0.0455243 0.000455243
0.1759152 0.0452132 0.000452132
0.1762244 0.044986 0.00044986
0.1765337 0.041473 0.00041473
0.1768429 0.0455357 0.000455357
0.1771522 0.0447896 0.000447896
0.1774614 0.0441896 0.000441896
0.1777707 0.042258 0.00042258
0.1780799 0.042243 0.00042243
0.1783892 0.0412882 0.000412882
0.1786984 0.0418559 0.000418559
0.1790077 0.0418604 0.000418604
0.1793169 0.0410551 0.000410551
0.1796262 0.0401939 0.000401939
0.1799354 0.0414674 0.000414674
0.1802447 0.041452 0.00041452
0.1805539 0.0385207 0.000385207
0.1808632 0.0401597 0.000401597
0.1811724 0.0379339 0.000379339
0.1814816 0.0394741 0.000394741
0.1817909 0.0381896 0.000381896
0.1821001 0.0390513 0.000390513
0.1824093 0.0379458 0.000379458
0.1827186 0.0387073 0.000387073
0.1830278 0.0388774 0.000388774
0.183337 0.0369867 0.000369867
0.1836463 0.0384271 0.000384271
0.1839555 0.0355797 0.000355797
0.1842647 0.0371845 0.000371845
0.184574 0.0364836 0.000364836
0.1848832 0.0356507 0.000356507
0.1851924 0.0353572 0.000353572
0.1855016 0.0354731 0.000354731
0.1858109 0.0364412 0.000364412
0.1861201 0.0362021 0.000362021
0.1864293 0.0326259 0.000326259
0.1867385 0.0350729 0.000350729
0.1870478 0.0363894 0.000363894
0.187357 0.0336497 0.000336497
0.1876662 0.0319553 0.000319553
0.1879754 0.0335838 0.000335838
0.1882846 0.0342998 0.000342998
0.1885938 0.0355644 0.000355644
0.188903 0.0324824 0.000324824
0.1892123 0.0318841 0.000318841
0.1895215 0.0321585 0.000321585
0.1898307 0.031688 0.00031688
0.1901399 0.033198 0.00033198
0.1904491 0.032543 0.00032543
0.1907583 0.0305274 0.000305274
0.1910675 0.0328623 0.000328623
0.1913767 0.0304048 0.000304048
0.1916859 0.0320053 0.000320053
0.1919951 0.0309739 0.000309739
0.1923043 0.0298733 0.000298733
0.1926135 0.0321663 0.000321663
0.1929227 0.0315271 0.000315271
0.1932319 0.0304394 0.000304394
0.1935411 0.032017 0.00032017
0.1938503 0.0281786 0.000281786
0.1941595 0.0282322 0.000282322
0.1944687 0.030285 0.00030285
0.1947779 0.0299054 0.000299054
0.1950871 0.0278451 0.000278451
0.1953963 0.029544 0.00029544
0.1957055 0.0280419 0.000280419
0.1960147 0.0278086 0.000278086
0.1963239 0.0290186 0.000290186
0.1966331 0.0283767 0.000283767
0.1969423 0.0264074 0.000264074
0.1972514 0.0284746 0.000284746
0.1975606 0.0269435 0.000269435
0.1978698 0.0283076 0.000283076
0.198179 0.027424 0.00027424
0.1984882 0.0248919 0.000248919
0.1987974 0.0257874 0.000257874
0.1991065 0.0254556 0.000254556
0.1994157 0.0262837 0.000262837
0.1997249 0.0266997 0.000266997
0.2000341 0.0246484 0.000246484
0.2003432 0.026124 0.00026124
0.2006524 0.0245192 0.000245192
0.2009616 0.0260101 0.000260101
0.2012708 0.0262569 0.000262569
0.2015799 0.0247001 0.000247001
0.2018891 0.0235243 0.000235243
0.2021983 0.0238653 0.000238653
0.2025074 0.0255433 0.000255433
0.2028166 0.0238107 0.000238107
0.2031258 0.0234978 0.000234978
0.2034349 0.0219331 0.000219331
0.2037441 0.0246353 0.000246353
0.2040533 0.0224668 0.000224668
0.2043624 0.0230566 0.000230566
0.2046716 0.0223496 0.000223496
0.2049807 0.0225476 0.000225476
0.2052899 0.0234804 0.000234804
0.2055991 0.0228132 0.000228132
0.2059082 0.0216731 0.000216731
0.2062174 0.0233516 0.000233516
0.2065265 0.0207493 0.000207493
0.2068357 0.0218976 0.000218976
0.2071448 0.0225031 0.000225031
0.207454 0.0223131 0.000223131
0.2077631 0.0217132 0.000217132
0.2080723 0.0210532 0.000210532
0.2083814 0.0205762 0.000205762
0.2086906 0.0197422 0.000197422
0.2089997 0.0198402 0.000198402
0.2093088 0.0194565 0.000194565
0.209618 0.0203397 0.000203397
0.2099271 0.0193987 0.000193987
0.2102363 0.0199001 0.000199001
0.2105454 0.0179227 0.000179227
0.2108545 0.0200516 0.000200516
0.2111637 0.0201428 0.000201428
0.2114728 0.0183726 0.000183726
0.2117819 0.0192439 0.000192439
0.2120911 0.0192383 0.000192383
0.2124002 0.0189889 0.000189889
0.2127093 0.0209967 0.000209967
0.2130185 0.0190769 0.000190769
0.2133276 0.021818 0.00021818
0.2136367 0.0197624 0.000197624
0.2139458 0.0198392 0.000198392
0.214255 0.0176066 0.000176066
0.2145641 0.0192711 0.000192711
0.2148732 0.0186409 0.000186409
0.2151823 0.0182709 0.000182709
0.2154915 0.0175245 0.000175245
0.2158006 0.0174733 0.000174733
0.2161097 0.0188649 0.000188649
0.2164188 0.0181779 0.000181779
0.2167279 0.0185559 0.000185559
0.217037 0.0162739 0.000162739
0.2173461 0.0168951 0.000168951
0.2176553 0.0170528 0.000170528
0.2179644 0.01725 0.0001725
0.2182735 0.0165963 0.000165963
0.2185826 0.0173445 0.000173445
0.2188917 0.0168292 0.000168292
0.2192008 0.0161896 0.000161896
0.2195099 0.0160142 0.000160142
0.219819 0.0152795 0.000152795
0.2201281 0.0183416 0.000183416
0.2204372 0.0163837 0.000163837
0.2207463 0.0155697 0.000155697
0.2210554 0.0159344 0.000159344
0.2213645 0.0153427 0.000153427
0.2216736 0.0172548 0.000172548
0.2219827 0.0159826 0.000159826
0.2222918 0.0153404 0.000153404
0.2226009 0.0146458 0.000146458
0.22291 0.0162263 0.000162263
0.2232191 0.0165171 0.000165171
0.2235282 0.0166865 0.000166865
0.2238372 0.0143453 0.000143453
0.2241463 0.0133109 0.000133109
0.2244554 0.0148724 0.000148724
0.2247645 0.014124 0.00014124
0.2250736 0.0140136 0.000140136
0.2253826 0.0154441 0.000154441
0.2256917 0.0146492 0.000146492
0.2260008 0.0137446 0.000137446
0.2263099 0.013925 0.00013925
0.226619 0.0141315 0.000141315
0.226928 0.0136749 0.000136749
0.2272371 0.0126594 0.000126594
0.2275462 0.0135194 0.000135194
0.2278553 0.013719 0.00013719
0.2281643 0.0111882 0.000111882
0.2284734 0.0128327 0.000128327
0.2287825 0.0130336 0.000130336
0.2290915 0.0126471 0.000126471
0.2294006 0.0121025 0.000121025
0.2297097 0.012726 0.00012726
0.2300187 0.0118127 0.000118127
0.2303278 0.0133517 0.000133517
0.2306369 0.012802 0.00012802
0.2309459 0.0122586 0.000122586
0.231255 0.0117102 0.000117102
0.231564 0.0129585 0.000129585
0.2318731 0.0110785 0.000110785
0.2321821 0.0118379 0.000118379
0.2324912 0.0119956 0.000119956
0.2328002 0.0120953 0.000120953
0.2331093 0.0117036 0.000117036
0.2334183 0.0100227 0.000100227
0.2337274 0.0088273 8.8273e-05
0.2340364 0.010225 0.00010225
0.2343455 0.009972 9.972e-05
0.2346545 0.0108434 0.000108434
0.2349636 0.0127051 0.000127051
0.2352726 0.0111691 0.000111691
0.2355816 0.0115451 0.000115451
0.2358907 0.008912 8.912e-05
0.2361997 0.0105177 0.000105177
0.2365087 0.0098117 9.8117e-05
0.2368178 0.010582 0.00010582
0.2371268 0.0070657 7.0657e-05
0.2374359 0.0089136 8.9136e-05
0.2377449 0.0104083 0.000104083
0.2380539 0.0085114 8.5114e-05
0.2383629 0.0071305 7.1305e-05
0.238672 0.0075675 7.5675e-05
0.238981 0.0088226 8.8226e-05
0.23929 0.0091009 9.1009e-05
0.239599 0.0095846 9.5846e-05
0.2399081 0.0086781 8.6781e-05
0.2402171 0.0077215 7.7215e-05
0.2405261 0.0096768 9.6768e-05
0.2408351 0.0092208 9.2208e-05
0.2411441 0.0106612 0.000106612
0.2414532 0.0107562 0.000107562
0.2417622 0.0083223 8.3223e-05
0.2420712 0.007848 7.848e-05
0.2423802 0.0079663 7.9663e-05
0.2426892 0.0086434 8.6434e-05
0.2429982 0.0106195 0.000106195
0.2433072 0.0086055 8.6055e-05
0.2436162 0.007926 7.926e-05
0.2439252 0.0073775 7.3775e-05
0.2442342 0.0087577 8.7577e-05
0.2445432 0.0095966 9.5966e-05
0.2448522 0.0072145 7.2145e-05
0.2451612 0.0069506 6.9506e-05
0.2454702 0.0096654 9.6654e-05
0.2457792 0.0101076 0.000101076
0.2460882 0.0083575 8.3575e-05
0.2463972 0.0089605 8.9605e-05
0.2467062 0.0075657 7.5657e-05
0.2470152 0.006801 6.801e-05
0.2473242 0.0062777 6.2777e-05
0.2476332 0.0096221 9.6221e-05
0.2479422 0.0098457 9.8457e-05
0.2482512 0.0063622 6.3622e-05
0.2485601 0.0071799 7.1799e-05
0.2488691 0.0089127 8.9127e-05
0.2491781 0.0077752 7.7752e-05
0.2494871 0.0097575 9.7575e-05
0.2497961 0.0062359 6.2359e-05
0.250105 0.0092692 9.2692e-05
0.250414 0.0062874 6.2874e-05
0.250723 0.0076766 7.6766e-05
0.251032 0.0066689 6.6689e-05
0.2513409 0.0062416 6.2416e-05
0.2516499 0.0070891 7.0891e-05
0.2519589 0.0064298 6.4298e-05
0.2522678 0.0070473 7.0473e-05
0.2525768 0.0081247 8.1247e-05
0.2528858 0.0056136 5.6136e-05
0.2531947 0.0065589 6.5589e-05
0.2535037 0.0078861 7.8861e-05
0.2538127 0.0076839 7.6839e-05
0.2541216 0.0063681 6.3681e-05
0.2544306 0.0074081 7.4081e-05
0.2547395 0.006117 6.117e-05
0.2550485 0.0082669 8.2669e-05
0.2553574 0.0053827 5.3827e-05
0.2556664 0.0052792 5.2792e-05
0.2559753 0.0064714 6.4714e-05
0.2562843 0.0070949 7.0949e-05
0.2565932 0.0081871 8.1871e-05
0.2569022 0.0067722 6.7722e-05
0.2572111 0.0056605 5.6605e-05
0.2575201 0.0074522 7.4522e-05
0.257829 0.0067516 6.7516e-05
0.258138 0.0058044 5.8044e-05
0.2584469 0.006091 6.091e-05
0.2587559 0.0035843 3.5843e-05
0.2590648 0.0065094 6.5094e-05
0.2593737 0.0063457 6.3457e-05
0.2596827 0.0073422 7.3422e-05
0.2599916 0.0047088 4.7088e-05
0.2603005 0.0072733 7.2733e-05
0.2606095 0.0061888 6.1888e-05
0.2609184 0.0036917 3.6917e-05
0.2612273 0.0072828 7.2828e-05
0.2615362 0.0051581 5.1581e-05
0.2618452 0.0073277 7.3277e-05
0.2621541 0.0073851 7.3851e-05
0.262463 0.0048975 4.8975e-05
0.2627719 0.0066237 6.6237e-05
0.2630808 0.005232 5.232e-05
0.2633898 0.0051335 5.1335e-05
0.2636987 0.0043627 4.3627e-05
0.2640076 0.0041575 4.1575e-05
0.2643165 0.0053721 5.3721e-05
0.2646254 0.006626 6.626e-05
0.2649343 0.0046544 4.6544e-05
0.2652432 0.0045802 4.5802e-05
0.2655521 0.0061227 6.1227e-05
0.2658611 0.0067819 6.7819e-05
0.26617 0.0044242 4.4242e-05
0.2664789 0.0058444 5.8444e-05
0.2667878 0.0056471 5.6471e-05
0.2670967 0.0048499 4.8499e-05
0.2674056 0.0044841 4.4841e-05
0.2677145 0.0042892 4.2892e-05
0.2680234 0.0046003 4.6003e-05
0.2683323 0.0045341 4.5341e-05
0.2686411 0.0036889 3.6889e-05
0.26895 0.006582 6.582e-05
0.2692589 0.0059402 5.9402e-05
0.2695678 0.0017346 1.7346e-05
0.2698767 0.0048513 4.8513e-05
0.2701856 0.0049716 4.9716e-05
0.2704945 0.0063478 6.3478e-05
0.2708034 0.0059271 5.9271e-05
0.2711122 0.0052746 5.2746e-05
0.2714211 0.0066058 6.6058e-05
0.27173 0.0043782 4.3782e-05
0.2720389 0.0041157 4.1157e-05
0.2723477 0.0032791 3.2791e-05
0.2726566 0.0044356 4.4356e-05
0.2729655 0.0073423 7.3423e-05
0.2732744 0.0057384 5.7384e-05
0.2735832 0.0065803 6.5803e-05
0.2738921 0.0039225 3.9225e-05
0.274201 0.0044185 4.4185e-05
0.2745098 0.0051013 5.1013e-05
0.2748187 0.0061735 6.1735e-05
0.2751276 0.008024 8.024e-05
0.2754364 0.0035026 3.5026e-05
0.2757453 0.0048232 4.8232e-05
0.2760541 0.0021884 2.1884e-05
0.276363 0.0041814 4.1814e-05
0.2766718 0.0044862 4.4862e-05
0.2769807 0.0041317 4.1317e-05
0.2772896 0.0048367 4.8367e-05
0.2775984 0.0023223 2.3223e-05
0.2779073 0.0051518 5.1518e-05
0.2782161 0.0053924 5.3924e-05
0.2785249 0.0024578 2.4578e-05
0.2788338 0.0052788 5.2788e-05
0.2791426 0.0010803 1.0803e-05
0.2794515 0.0030578 3.0578e-05
0.2797603 0.0046691 4.6691e-05
0.2800691 0.0042111 4.2111e-05
0.280378 0.0036095 3.6095e-05
0.2806868 0.0070308 7.0308e-05
0.2809957 0.0041424 4.1424e-05
0.2813045 0.0032953 3.2953e-05
0.2816133 0.0064821 6.4821e-05
0.2819221 0.0036756 3.6756e-05
0.282231 0.0051682 5.1682e-05
0.2825398 0.0011537 1.1537e-05
0.2828486 0.0012834 1.2834e-05
0.2831574 0.0023457 2.3457e-05
0.2834663 0.0024008 2.4008e-05
0.2837751 0.0027858 2.7858e-05
0.2840839 0.0016168 1.6168e-05
0.2843927 0.0063041 6.3041e-05
0.2847015 0.0057508 5.7508e-05
0.2850104 0.0033966 3.3966e-05
0.2853192 0.0042047 4.2047e-05
0.285628 0.0036572 3.6572e-05
0.2859368 0.0006743 6.743e-06
0.2862456 0.0027237 2.7237e-05
0.2865544 0.0036239 3.6239e-05
0.2868632 0.0053281 5.3281e-05
0.287172 0.0043323 4.3323e-05
0.2874808 0.0055389 5.5389e-05
0.2877896 0.0045378 4.5378e-05
0.2880984 0.003496 3.496e-05
0.2884072 0.0037445 3.7445e-05
0.288716 0.0008324 8.324e-06
0.2890248 0.0029602 2.9602e-05
0.2893336 0.0037212 3.7212e-05
0.2896424 0.0033442 3.3442e-05
0.2899511 0.0045704 4.5704e-05
0.2902599 0.0040256 4.0256e-05
0.2905687 0.0025673 2.5673e-05
0.2908775 0.0032228 3.2228e-05
0.2911863 0.0019966 1.9966e-05
0.2914951 0.0060343 6.0343e-05
0.2918038 0.0029495 2.9495e-05
0.2921126 0.0017247 1.7247e-05
0.2924214 0.0042644 4.2644e-05
0.2927302 0.0002684 2.684e-06
0.293039 0.0033588 3.3588e-05
0.2933477 0.0033309 3.3309e-05
0.2936565 0.0031115 3.1115e-05
0.2939653 0.0038837 3.8837e-05
0.294274 0.0033386 3.3386e-05
0.2945828 0.0028223 2.8223e-05
0.2948916 0.0026144 2.6144e-05
0.2952003 0.0016835 1.6835e-05
0.2955091 0.004433 4.433e-05
0.2958178 0.0047396 4.7396e-05
0.2961266 0.0026816 2.6816e-05
0.2964353 -0.0012815 1.2815e-05
0.2967441 0.0023323 2.3323e-05
0.2970528 0.0008337 8.337e-06
0.2973616 0.0030452 3.0452e-05
0.2976703 0.0003499 3.499e-06
0.2979791 0.0022627 2.2627e-05
0.2982878 0.0007809 7.809e-06
0.2985966 0.0016898 1.6898e-05
0.2989053 0.0048867 4.8867e-05
0.2992141 -0.0001558 1.558e-06
0.2995228 0.0006383 6.383e-06
0.2998315 0.0041865 4.1865e-05
