0.010027023 1.9403288 0.019403288
0.010059664 1.9286625 0.019286625
0.010268595 1.8760379 0.018760379
0.010369191 1.8511387 0.018511387
0.010515988 1.817761 0.01817761
0.010678719 1.7802855 0.017802855
0.010769341 1.7529301 0.017529301
0.010988246 1.6860453 0.016860453
0.011028797 1.6798664 0.016798664
0.011294505 1.6451333 0.016451333
0.011297773 1.6445964 0.016445964
0.011566613 1.5459524 0.015459524
0.0116073 1.5321369 0.015321369
0.011845278 1.4975328 0.014975328
0.011916828 1.4876227 0.014876227
0.012130656 1.461923 0.01461923
0.012226355 1.4495315 0.014495315
0.01242291 1.4064969 0.014064969
0.012535882 1.3826349 0.013826349
0.012722205 1.3658041 0.013658041
0.012845409 1.3538258 0.013538258
0.01302871 1.3094085 0.013094085
0.013154936 1.2802586 0.012802586
0.0133426 1.2767022 0.012767022
0.013464463 1.2745443 0.012745443
0.013664051 1.2461144 0.012461144
0.013773989 1.2290229 0.012290229
0.013993248 1.1847869 0.011847869
0.014083516 1.1684726 0.011684726
0.014330375 1.1713507 0.011713507
0.014393043 1.1709853 0.011709853
0.014675625 1.1156461 0.011156461
0.014702569 1.1107386 0.011107386
0.015012096 1.0933039 0.010933039
0.015029192 1.0923931 0.010923931
0.015321622 1.0772784 0.010772784
0.015391278 1.0724578 0.010724578
0.015631148 1.055457 0.01055457
0.015762087 1.0478529 0.010478529
0.015940675 1.0376562 0.010376562
0.01614183 1.0253112 0.010253112
0.016250201 1.0187562 0.010187562
0.016530721 1.0046028 0.010046028
0.016559727 1.0032018 0.010032018
0.016869253 0.99644924 0.0099644924
0.016928982 0.98933549 0.0098933549
0.017178779 0.95826895 0.0095826895
0.017336837 0.95889961 0.0095889961
0.017488304 0.96060963 0.0096060963
0.017754519 0.94892262 0.0094892262
0.01779783 0.94701162 0.0094701162
0.018107355 0.93843869 0.0093843869
0.018182263 0.93804464 0.0093804464
0.018416881 0.93565522 0.0093565522
0.018620313 0.91173683 0.0091173683
0.018726406 0.89965459 0.0089965459
0.019035932 0.89815355 0.0089815355
0.019068917 0.89651508 0.0089651508
0.019345457 0.8830972 0.008830972
0.019528328 0.88461641 0.0088461641
0.019654982 0.8857548 0.008857548
0.019964507 0.874015 0.00874015
0.019998807 0.87462951 0.0087462951
0.020274032 0.8806662 0.008806662
0.020480622 0.87803816 0.0087803816
0.020583556 0.87615174 0.0087615174
0.020893081 0.86457492 0.0086457492
0.020974044 0.86208646 0.0086208646
0.021202605 0.85393014 0.0085393014
0.021479354 0.8283611 0.008283611
0.02151213 0.82569349 0.0082569349
0.021821654 0.83595337 0.0083595337
0.021996838 0.83358829 0.0083358829
0.022131178 0.8309517 0.008309517
0.022440702 0.81289929 0.0081289929
0.022526789 0.81622702 0.0081622702
0.022750226 0.8259169 0.008259169
0.02305975 0.81639511 0.0081639511
0.023069508 0.81632812 0.0081632812
0.023369274 0.81346117 0.0081346117
0.023625302 0.80593183 0.0080593183
0.023678797 0.80447327 0.0080447327
0.023988321 0.80428217 0.0080428217
0.024194486 0.80389472 0.0080389472
0.024297844 0.80374423 0.0080374423
0.024607367 0.8118678 0.008118678
0.024777383 0.80361827 0.0080361827
0.02491689 0.79660926 0.0079660926
0.025226413 0.799334 0.00799334
0.025374324 0.7959889 0.007959889
0.025535936 0.79219577 0.0079219577
0.025845458 0.78452112 0.0078452112
0.025985646 0.78466778 0.0078466778
0.026154981 0.78527397 0.0078527397
0.026464503 0.79034391 0.0079034391
0.026611696 0.78406063 0.0078406063
0.026774025 0.77668864 0.0077668864
0.027083547 0.7729229 0.007729229
0.027252829 0.77129619 0.0077129619
0.027393069 0.7705918 0.007705918
0.027702591 0.77900431 0.0077900431
0.027909409 0.77928757 0.0077928757
0.028012112 0.77919786 0.0077919786
0.028321634 0.76462459 0.0076462459
0.028581806 0.77695162 0.0077695162
0.028631155 0.77926201 0.0077926201
0.028940676 0.77752676 0.0077752676
0.029250197 0.77211968 0.0077211968
0.029270403 0.77180434 0.0077180434
0.029559718 0.76745059 0.0076745059
0.029869238 0.76749534 0.0076749534
0.02997559 0.7692558 0.007692558
0.030178759 0.7728922 0.007728922
0.030488279 0.77154812 0.0077154812
0.030697767 0.77351637 0.0077351637
0.030797799 0.77413041 0.0077413041
0.031107319 0.76043106 0.0076043106
0.031416839 0.76103595 0.0076103595
0.031437342 0.76098816 0.0076098816
0.031726359 0.76084713 0.0076084713
0.032035878 0.76096041 0.0076096041
0.032194735 0.7579699 0.007579699
0.032345397 0.75512685 0.0075512685
0.032654916 0.76074375 0.0076074375
0.032964435 0.75464716 0.0075464716
0.032970376 0.75459486 0.0075459486
0.033273954 0.7518412 0.007518412
0.033583473 0.74806698 0.0074806698
0.033764703 0.74959529 0.0074959529
0.033892991 0.75070324 0.0075070324
0.034202509 0.74913058 0.0074913058
0.034512027 0.74599315 0.0074599315
0.034578168 0.74571523 0.0074571523
0.034821545 0.74506499 0.0074506499
0.035131063 0.75179164 0.0075179164
0.03541123 0.75057632 0.0075057632
0.03544058 0.75036166 0.0075036166
0.035750097 0.74002044 0.0074002044
0.036059614 0.73773165 0.0073773165
0.036264363 0.73791194 0.0073791194
0.036369131 0.73809521 0.0073809521
0.036678648 0.73093887 0.0073093887
0.036988164 0.72655398 0.0072655398
0.037138049 0.73025632 0.0073025632
0.03729768 0.73437614 0.0073437614
0.037607196 0.73022549 0.0073022549
0.037916712 0.72869891 0.0072869891
0.038032785 0.72924364 0.0072924364
0.038226228 0.73005916 0.0073005916
0.038535743 0.72224508 0.0072224508
0.038845259 0.72593877 0.0072593877
0.038949077 0.72521081 0.0072521081
0.039154774 0.72383857 0.0072383857
0.039464288 0.72359417 0.0072359417
0.039773803 0.72499971 0.0072499971
0.039887444 0.72327639 0.0072327639
0.040083317 0.72015069 0.0072015069
0.040392831 0.71543583 0.0071543583
0.040702345 0.71812539 0.0071812539
0.040848418 0.71601319 0.0071601319
0.041011859 0.71371364 0.0071371364
0.041321372 0.71475956 0.0071475956
0.041630886 0.71532706 0.0071532706
0.041832544 0.71129049 0.0071129049
0.041940399 0.7091017 0.007091017
0.042249911 0.70764429 0.0070764429
0.042559424 0.70353893 0.0070353893
0.04284038 0.70443967 0.0070443967
0.042868936 0.70453637 0.0070453637
0.043178448 0.69878025 0.0069878025
0.04348796 0.69514158 0.0069514158
0.043797472 0.69985282 0.0069985282
0.043872497 0.69875512 0.0069875512
0.044106983 0.69537923 0.0069537923
0.044416494 0.69321946 0.0069321946
0.044726005 0.69330658 0.0069330658
0.04492948 0.69463178 0.0069463178
0.045035516 0.69516929 0.0069516929
0.045345026 0.68436274 0.0068436274
0.045654536 0.68806029 0.0068806029
0.045964046 0.68005136 0.0068005136
0.046011928 0.67956763 0.0067956763
0.046273556 0.67735499 0.0067735499
0.046583065 0.67863169 0.0067863169
0.046892575 0.67749573 0.0067749573
0.047120454 0.67679362 0.0067679362
0.047202083 0.6764958 0.006764958
0.047511592 0.67286716 0.0067286716
0.0478211 0.67018609 0.0067018609
0.048130609 0.67032616 0.0067032616
0.048255688 0.6695409 0.006695409
0.048440116 0.66833199 0.0066833199
0.048749624 0.67189251 0.0067189251
0.049059131 0.66349636 0.0066349636
0.049368638 0.65881567 0.0065881567
0.049418271 0.65979824 0.0065979824
0.049678145 0.6650692 0.006650692
0.049987652 0.6623454 0.006623454
0.050297158 0.6555399 0.006555399
0.050606664 0.65392236 0.0065392236
0.050608864 0.65388981 0.0065388981
0.05091617 0.64939362 0.0064939362
0.051225675 0.65143249 0.0065143249
0.05153518 0.65271012 0.0065271012
0.05182814 0.64926986 0.0064926986
0.051844685 0.64906867 0.0064906867
0.05215419 0.64644548 0.0064644548
0.052463694 0.64518284 0.0064518284
0.052773198 0.63926362 0.0063926362
0.053076791 0.64089304 0.0064089304
0.053082702 0.64092701 0.0064092701
0.053392205 0.63758011 0.0063758011
0.053701708 0.63769595 0.0063769595
0.054011211 0.63649469 0.0063649469
0.054320713 0.63699252 0.0063699252
0.054355526 0.63571672 0.0063571672
0.054630216 0.62561523 0.0062561523
0.054939718 0.63121244 0.0063121244
0.055249219 0.63158268 0.0063158268
0.055558721 0.62987473 0.0062987473
0.055665067 0.6292011 0.006292011
0.055868222 0.62770385 0.0062770385
0.056177722 0.62112092 0.0062112092
0.056487223 0.61716946 0.0061716946
0.056796723 0.61346253 0.0061346253
0.057006158 0.61287138 0.0061287138
0.057106223 0.61272095 0.0061272095
0.057415722 0.61107895 0.0061107895
0.057725221 0.61184129 0.0061184129
0.05803472 0.60915461 0.0060915461
0.058344219 0.60893094 0.0060893094
0.058379559 0.60878857 0.0060878857
0.058653717 0.60746173 0.0060746173
0.058963215 0.59891983 0.0059891983
0.059272713 0.60050377 0.0060050377
0.05958221 0.59686115 0.0059686115
0.059786049 0.59667647 0.0059667647
0.059891707 0.5966201 0.005966201
0.060201203 0.6016529 0.006016529
0.0605107 0.59595875 0.0059595875
0.060820196 0.59489893 0.0059489893
0.061129691 0.58683309 0.0058683309
0.061226423 0.58795781 0.0058795781
0.061439187 0.59042079 0.0059042079
0.061748681 0.58260057 0.0058260057
0.062058176 0.5847804 0.005847804
0.06236767 0.58151662 0.0058151662
0.062677164 0.57868339 0.0057868339
0.0627015 0.578586 0.00578586
0.062986658 0.57738994 0.0057738994
0.063296151 0.57395042 0.0057395042
0.063605644 0.57236535 0.0057236535
0.063915137 0.57419833 0.0057419833
0.064212114 0.56687484 0.0056687484
0.064224629 0.56656833 0.0056656833
0.064534121 0.56455511 0.0056455511
0.064843612 0.56153987 0.0056153987
0.065153103 0.56554054 0.0056554054
0.065462594 0.56105873 0.0056105873
0.065759122 0.55673224 0.0055673224
0.065772085 0.55653913 0.0055653913
0.066081575 0.55153604 0.0055153604
0.066391064 0.55089383 0.0055089383
0.066700554 0.54870212 0.0054870212
0.067010043 0.54816788 0.0054816788
0.067319531 0.54275184 0.0054275184
0.0673434 0.54298767 0.0054298767
0.06762902 0.54599907 0.0054599907
0.067938508 0.54168561 0.0054168561
0.068247995 0.54118031 0.0054118031
0.068557482 0.53711926 0.0053711926
0.068866969 0.53708291 0.0053708291
0.068965848 0.53642684 0.0053642684
0.069176455 0.53492171 0.0053492171
0.069485941 0.53327509 0.0053327509
0.069795427 0.53289271 0.0053289271
0.070104912 0.52613558 0.0052613558
0.070414397 0.52464039 0.0052464039
0.070627384 0.52375928 0.0052375928
0.070723882 0.52334621 0.0052334621
0.071033366 0.51971305 0.0051971305
0.07134285 0.52044209 0.0052044209
0.071652333 0.51429321 0.0051429321
0.071961816 0.51078305 0.0051078305
0.072271298 0.50852213 0.0050852213
0.072328949 0.50909087 0.0050909087
0.07258078 0.5116178 0.005116178
0.072890262 0.50318145 0.0050318145
0.073199744 0.50402843 0.0050402843
0.073509225 0.50130143 0.0050130143
0.073818705 0.49866275 0.0049866275
0.074071509 0.4961199 0.004961199
0.074128185 0.49556796 0.0049556796
0.074437665 0.48993433 0.0048993433
0.074747144 0.49430982 0.0049430982
0.075056623 0.49192263 0.0049192263
0.075366102 0.48559429 0.0048559429
0.07567558 0.48868512 0.0048868512
0.075856051 0.48682733 0.0048682733
0.075985058 0.48543756 0.0048543756
0.076294535 0.4812548 0.004812548
0.076604012 0.47994915 0.0047994915
0.076913488 0.47922369 0.0047922369
0.077222964 0.47423956 0.0047423956
0.07753244 0.47163413 0.0047163413
0.077683587 0.47120259 0.0047120259
0.077841915 0.47079148 0.0047079148
0.07815139 0.4697106 0.004697106
0.078460864 0.46822298 0.0046822298
0.078770338 0.46147658 0.0046147658
0.079079812 0.46215198 0.0046215198
0.079389285 0.46085883 0.0046085883
0.079555152 0.45857672 0.0045857672
0.079698757 0.45658116 0.0045658116
0.080008229 0.45799156 0.0045799156
0.080317701 0.45415808 0.0045415808
0.080627172 0.45186654 0.0045186654
0.080936643 0.44754295 0.0044754295
0.081246114 0.44614277 0.0044614277
0.081471807 0.44382577 0.0044382577
0.081555584 0.44297195 0.0044297195
0.081865053 0.44333897 0.0044333897
0.082174522 0.43854204 0.0043854204
0.082483991 0.43893714 0.0043893714
0.082793459 0.43440497 0.0043440497
0.083102927 0.43397476 0.0043397476
0.083412394 0.42970511 0.0042970511
0.083434638 0.42971757 0.0042971757
0.083721861 0.42994958 0.0042994958
0.084031327 0.42620136 0.0042620136
0.084340793 0.42395606 0.0042395606
0.084650259 0.42101376 0.0042101376
0.084959724 0.42065272 0.0042065272
0.085269188 0.41849147 0.0041849147
0.085444758 0.41874857 0.0041874857
0.085578652 0.41890955 0.0041890955
0.085888116 0.41609547 0.0041609547
0.086197579 0.41360868 0.0041360868
0.086507042 0.41126018 0.0041126018
0.086816504 0.4105171 0.004105171
0.087125966 0.40427989 0.0040427989
0.087435427 0.40434126 0.0040434126
0.087503306 0.4037644 0.004037644
0.087744888 0.40169768 0.0040169768
0.088054348 0.39989606 0.0039989606
0.088363808 0.39869026 0.0039869026
0.088673267 0.39409341 0.0039409341
0.088982726 0.39318163 0.0039318163
0.089292184 0.39052258 0.0039052258
0.089601642 0.38757113 0.0038757113
0.089611449 0.38756072 0.0038756072
0.089911099 0.38734759 0.0038734759
0.090220556 0.38493802 0.0038493802
0.090530013 0.38032071 0.0038032071
0.090839469 0.37966616 0.0037966616
0.091148924 0.37547096 0.0037547096
0.091458379 0.37600428 0.0037600428
0.091767833 0.37631916 0.0037631916
0.091770381 0.37627101 0.0037627101
0.092077287 0.37033996 0.0037033996
0.092386741 0.37057459 0.0037057459
0.092696194 0.36892474 0.0036892474
0.093005646 0.36492706 0.0036492706
0.093315098 0.36344274 0.0036344274
0.093624549 0.36061395 0.0036061395
0.093934 0.35846653 0.0035846653
0.093981327 0.35801198 0.0035801198
0.09424345 0.35557084 0.0035557084
0.0945529 0.3552273 0.003552273
0.09486235 0.35171914 0.0035171914
0.095171798 0.35026406 0.0035026406
0.095481247 0.34852812 0.0034852812
0.095790694 0.34883162 0.0034883162
0.096100142 0.34539853 0.0034539853
0.09624554 0.34393468 0.0034393468
0.096409588 0.34231413 0.0034231413
0.096719035 0.341748 0.00341748
0.09702848 0.3418548 0.003418548
0.097337925 0.33547296 0.0033547296
0.09764737 0.33716082 0.0033716082
0.097956814 0.33317434 0.0033317434
0.098266257 0.33373101 0.0033373101
0.098564302 0.33261338 0.0033261338
0.0985757 0.33256871 0.0033256871
0.098885143 0.33068825 0.0033068825
0.099194585 0.32675274 0.0032675274
0.099504026 0.3260096 0.003260096
0.099813467 0.32308337 0.0032308337
0.10012291 0.31983549 0.0031983549
0.10043235 0.31696271 0.0031696271
0.10074179 0.31799378 0.0031799378
0.10093893 0.31816334 0.0031816334
0.10105122 0.31824297 0.0031824297
0.10136066 0.3139637 0.003139637
0.1016701 0.31222079 0.0031222079
0.10197954 0.30975876 0.0030975876
0.10228897 0.30701634 0.0030701634
0.10259841 0.30937095 0.0030937095
0.10290785 0.30303056 0.0030303056
0.10321728 0.30115428 0.0030115428
0.10337076 0.30080357 0.0030080357
0.10352671 0.30051103 0.0030051103
0.10383615 0.29926308 0.0029926308
0.10414558 0.29856228 0.0029856228
0.10445501 0.2962392 0.002962392
0.10476445 0.29534439 0.0029534439
0.10507388 0.29380205 0.0029380205
0.10538331 0.28947614 0.0028947614
0.10569274 0.29016481 0.0029016481
0.10586119 0.29015713 0.0029015713
0.10600217 0.29012774 0.0029012774
0.1063116 0.28723671 0.0028723671
0.10662102 0.28342872 0.0028342872
0.10693045 0.28252437 0.0028252437
0.10723988 0.28491612 0.0028491612
0.10754931 0.28162359 0.0028162359
0.10785873 0.27972565 0.0027972565
0.10816816 0.27758449 0.0027758449
0.10841161 0.2763505 0.002763505
0.10847758 0.27601828 0.0027601828
0.10878701 0.27602746 0.0027602746
0.10909643 0.272029 0.00272029
0.10940585 0.27247326 0.0027247326
0.10971528 0.26971387 0.0026971387
0.1100247 0.26751295 0.0026751295
0.11033412 0.26585343 0.0026585343
0.11064354 0.26682803 0.0026682803
0.11095296 0.26309345 0.0026309345
0.11102348 0.26279386 0.0026279386
0.11126238 0.26176577 0.0026176577
0.1115718 0.25870363 0.0025870363
0.11188122 0.25829792 0.0025829792
0.11219064 0.25599519 0.0025599519
0.11250005 0.25755214 0.0025755214
0.11280947 0.25308711 0.0025308711
0.11311889 0.2531598 0.002531598
0.1134283 0.24879636 0.0024879636
0.11369828 0.24789521 0.0024789521
0.11373772 0.24777559 0.0024777559
0.11404713 0.24834608 0.0024834608
0.11435654 0.24697884 0.0024697884
0.11466596 0.24700405 0.0024700405
0.11497537 0.24499306 0.0024499306
0.11528478 0.24303671 0.0024303671
0.11559419 0.24218078 0.0024218078
0.1159036 0.23783756 0.0023783756
0.11621301 0.24038885 0.0024038885
0.11643751 0.23848478 0.0023848478
0.11652242 0.23774735 0.0023774735
0.11683183 0.23640523 0.0023640523
0.11714124 0.23277738 0.0023277738
0.11745064 0.23050415 0.0023050415
0.11776005 0.23132388 0.0023132388
0.11806945 0.22966391 0.0022966391
0.11837886 0.22898739 0.0022898739
0.11868826 0.22719605 0.0022719605
0.11899767 0.22789187 0.0022789187
0.11924274 0.22485012 0.0022485012
0.11930707 0.22405663 0.0022405663
0.11961647 0.22163932 0.0022163932
0.11992588 0.22428762 0.0022428762
0.12023528 0.22162046 0.0022162046
0.12054468 0.21899536 0.0021899536
0.12085408 0.21797345 0.0021797345
0.12116348 0.21426352 0.0021426352
0.12147288 0.21417067 0.0021417067
0.12178227 0.21607188 0.0021607188
0.12209167 0.21217101 0.0021217101
0.12211556 0.21241064 0.0021241064
0.12240107 0.21531105 0.0021531105
0.12271046 0.21179867 0.0021179867
0.12301986 0.20999434 0.0020999434
0.12332925 0.20863695 0.0020863695
0.12363865 0.20771768 0.0020771768
0.12394804 0.20689689 0.0020689689
0.12425743 0.20542479 0.0020542479
0.12456683 0.20416542 0.0020416542
0.12487622 0.20377842 0.0020377842
0.12505758 0.20232437 0.0020232437
0.12518561 0.20128674 0.0020128674
0.125495 0.20189676 0.0020189676
0.12580439 0.19948179 0.0019948179
0.12611377 0.19710935 0.0019710935
0.12642316 0.1992848 0.001992848
0.12673255 0.19729618 0.0019729618
0.12704194 0.19556458 0.0019556458
0.12735132 0.19307099 0.0019307099
0.12766071 0.19302448 0.0019302448
0.12797009 0.1902004 0.001902004
0.12807049 0.19011905 0.0019011905
0.12827947 0.18999821 0.0018999821
0.12858886 0.19000523 0.0019000523
0.12889824 0.18899718 0.0018899718
0.12920762 0.18666631 0.0018666631
0.129517 0.18743452 0.0018743452
0.12982638 0.18643948 0.0018643948
0.13013576 0.1852167 0.001852167
0.13044514 0.18538373 0.0018538373
0.13075452 0.18620916 0.0018620916
0.1310639 0.1836337 0.001836337
0.13115598 0.18262331 0.0018262331
0.13137327 0.18022265 0.0018022265
0.13168265 0.17972735 0.0017972735
0.13199202 0.18042596 0.0018042596
0.1323014 0.17952275 0.0017952275
0.13261077 0.17766324 0.0017766324
0.13292015 0.17643233 0.0017643233
0.13322952 0.1756676 0.001756676
0.13353889 0.17548468 0.0017548468
0.13384826 0.17501067 0.0017501067
0.13415763 0.17236129 0.0017236129
0.13431581 0.17329218 0.0017329218
0.134467 0.17418833 0.0017418833
0.13477637 0.17348697 0.0017348697
0.13508574 0.17144104 0.0017144104
0.1353951 0.17079504 0.0017079504
0.13570447 0.16888589 0.0016888589
0.13601383 0.16881248 0.0016881248
0.1363232 0.16751802 0.0016751802
0.13663256 0.16762438 0.0016762438
0.13694193 0.16466632 0.0016466632
0.13725129 0.16444448 0.0016444448
0.13755177 0.1646836 0.001646836
0.13756065 0.16468971 0.0016468971
0.13787001 0.16259176 0.0016259176
0.13817937 0.16311915 0.0016311915
0.13848873 0.16122643 0.0016122643
0.13879809 0.1602381 0.001602381
0.13910745 0.16007248 0.0016007248
0.13941681 0.15934734 0.0015934734
0.13972616 0.15866691 0.0015866691
0.14003552 0.15847463 0.0015847463
0.14034488 0.15617849 0.0015617849
0.14065423 0.15360014 0.0015360014
0.14086569 0.15336342 0.0015336342
0.14096358 0.15327905 0.0015327905
0.14127294 0.15418915 0.0015418915
0.14158229 0.15405388 0.0015405388
0.14189164 0.15265277 0.0015265277
0.14220099 0.1522281 0.001522281
0.14251034 0.15353192 0.0015353192
0.14281969 0.15038217 0.0015038217
0.14312904 0.14972344 0.0014972344
0.14343838 0.14874241 0.0014874241
0.14374773 0.15020579 0.0015020579
0.14405708 0.14891369 0.0014891369
0.14425945 0.14789646 0.0014789646
0.14436642 0.14735087 0.0014735087
0.14467577 0.1467315 0.001467315
0.14498511 0.14471951 0.0014471951
0.14529445 0.14404501 0.0014404501
0.14560379 0.14543572 0.0014543572
0.14591314 0.14243854 0.0014243854
0.14622248 0.14400031 0.0014400031
0.14653182 0.14229142 0.0014229142
0.14684115 0.14126309 0.0014126309
0.14715049 0.1409461 0.001409461
0.14745983 0.13949036 0.0013949036
0.14773497 0.14049699 0.0014049699
0.14776917 0.14062373 0.0014062373
0.1480785 0.13762086 0.0013762086
0.14838784 0.13673723 0.0013673723
0.14869717 0.13533072 0.0013533072
0.1490065 0.13786211 0.0013786211
0.14931583 0.13695938 0.0013695938
0.14962517 0.13409843 0.0013409843
0.1499345 0.13516958 0.0013516958
0.15024383 0.13482822 0.0013482822
0.15055316 0.13424884 0.0013424884
0.15086248 0.13451156 0.0013451156
0.15117181 0.13418287 0.0013418287
0.15129422 0.13410727 0.0013410727
0.15148114 0.13398324 0.0013398324
0.15179046 0.13155287 0.0013155287
0.15209979 0.13349805 0.0013349805
0.15240911 0.1321054 0.001321054
0.15271844 0.13136474 0.0013136474
0.15302776 0.1301789 0.001301789
0.15333708 0.12987367 0.0012987367
0.1536464 0.12938636 0.0012938636
0.15395572 0.12888429 0.0012888429
0.15426504 0.12883278 0.0012883278
0.15457436 0.12712319 0.0012712319
0.15488367 0.12645102 0.0012645102
0.15493922 0.1263722 0.001263722
0.15519299 0.12604172 0.0012604172
0.15550231 0.12539982 0.0012539982
0.15581162 0.12476423 0.0012476423
0.15612093 0.12421311 0.0012421311
0.15643025 0.12214637 0.0012214637
0.15673956 0.12453269 0.0012453269
0.15704887 0.12378601 0.0012378601
0.15735818 0.12223367 0.0012223367
0.15766749 0.12315964 0.0012315964
0.1579768 0.12388536 0.0012388536
0.15828611 0.12122395 0.0012122395
0.15859542 0.1219298 0.001219298
0.15867204 0.12151737 0.0012151737
0.15890472 0.12027128 0.0012027128
0.15921403 0.12153483 0.0012153483
0.15952333 0.12095756 0.0012095756
0.15983264 0.12075597 0.0012075597
0.16014194 0.11863486 0.0011863486
0.16045124 0.11906664 0.0011906664
0.16076054 0.11782121 0.0011782121
0.16106984 0.11717277 0.0011717277
0.16137914 0.11801504 0.0011801504
0.16168844 0.11735938 0.0011735938
0.16199774 0.11514711 0.0011514711
0.16230703 0.11691842 0.0011691842
0.16249479 0.11724172 0.0011724172
0.16261633 0.11744354 0.0011744354
0.16292562 0.11465196 0.0011465196
0.16323492 0.1152756 0.001152756
0.16354421 0.11421991 0.0011421991
0.1638535 0.11478332 0.0011478332
0.16416279 0.11457461 0.0011457461
0.16447208 0.11359956 0.0011359956
0.16478137 0.11278695 0.0011278695
0.16509066 0.11248042 0.0011248042
0.16539995 0.11060996 0.0011060996
0.16570924 0.11081145 0.0011081145
0.16601852 0.1134752 0.001134752
0.16632781 0.1119911 0.001119911
0.16640964 0.11121391 0.0011121391
0.16663709 0.10903989 0.0010903989
0.16694637 0.11011111 0.0011011111
0.16725566 0.10971441 0.0010971441
0.16756494 0.10932076 0.0010932076
0.16787422 0.10938085 0.0010938085
0.1681835 0.10736721 0.0010736721
0.16849278 0.1079172 0.001079172
0.16880205 0.10778726 0.0010778726
0.16911133 0.10598525 0.0010598525
0.16942061 0.10548717 0.0010548717
0.16972988 0.10558822 0.0010558822
0.17003916 0.1032729 0.001032729
0.17034843 0.103057 0.00103057
0.17041881 0.10330204 0.0010330204
0.1706577 0.1041722 0.001041722
0.17096697 0.10544985 0.0010544985
0.17127624 0.10569086 0.0010569086
0.17158551 0.10390802 0.0010390802
0.17189478 0.10447359 0.0010447359
0.17220405 0.10466264 0.0010466264
0.17251331 0.10291925 0.0010291925
0.17282258 0.10422855 0.0010422855
0.17313184 0.10260766 0.0010260766
0.17344111 0.10318854 0.0010318854
0.17375037 0.10311025 0.0010311025
0.17405963 0.10206184 0.0010206184
0.17436889 0.099807833 0.00099807833
0.17452457 0.09982601 0.0009982601
0.17467815 0.09985286 0.0009985286
0.17498741 0.10090258 0.0010090258
0.17529667 0.099865348 0.00099865348
0.17560593 0.099871001 0.00099871001
0.17591518 0.10009172 0.0010009172
0.17622444 0.099234701 0.00099234701
0.17653369 0.099063477 0.00099063477
0.17684295 0.10005758 0.0010005758
0.1771522 0.098224714 0.00098224714
0.17746145 0.099694766 0.00099694766
0.1777707 0.095338967 0.00095338967
0.17807995 0.097923103 0.00097923103
0.1783892 0.096913358 0.00096913358
0.17869844 0.09803176 0.0009803176
0.17872924 0.097986315 0.00097986315
0.17900769 0.097531869 0.00097531869
0.17931694 0.096733657 0.00096733657
0.17962618 0.093797606 0.00093797606
0.17993542 0.095194572 0.00095194572
0.18024467 0.095718305 0.00095718305
0.18055391 0.095747265 0.00095747265
0.18086315 0.094747323 0.00094747323
0.18117239 0.093640855 0.00093640855
0.18148163 0.093785732 0.00093785732
0.18179086 0.095129756 0.00095129756
0.1821001 0.092955832 0.00092955832
0.18240934 0.094678031 0.00094678031
0.18271857 0.091894883 0.00091894883
0.1830278 0.091371712 0.00091371712
0.18303521 0.091385706 0.00091385706
0.18333704 0.092000515 0.00092000515
0.18364627 0.092097527 0.00092097527
0.1839555 0.091968283 0.00091968283
0.18426473 0.093442664 0.00093442664
0.18457396 0.090865019 0.00090865019
0.18488318 0.091047895 0.00091047895
0.18519241 0.090414148 0.00090414148
0.18550164 0.090792094 0.00090792094
0.18581086 0.089788634 0.00089788634
0.18612009 0.088978043 0.00088978043
0.18642931 0.089207569 0.00089207569
0.18673853 0.088502654 0.00088502654
0.18704775 0.089815223 0.00089815223
0.18735697 0.089803213 0.00089803213
0.18744492 0.089203876 0.00089203876
0.18766619 0.087695959 0.00087695959
0.1879754 0.090448089 0.00090448089
0.18828462 0.08960477 0.0008960477
0.18859384 0.088785343 0.00088785343
0.18890305 0.088012684 0.00088012684
0.18921226 0.087408659 0.00087408659
0.18952148 0.088145434 0.00088145434
0.18983069 0.086446946 0.00086446946
0.1901399 0.087727961 0.00087727961
0.19044911 0.085082721 0.00085082721
0.19075832 0.086683561 0.00086683561
0.19106752 0.086910285 0.00086910285
0.19137673 0.085179191 0.00085179191
0.19168593 0.087735796 0.00087735796
0.19196087 0.086942121 0.00086942121
0.19199514 0.086839193 0.00086839193
0.19230434 0.087158726 0.00087158726
0.19261354 0.086472789 0.00086472789
0.19292274 0.083178957 0.00083178957
0.19323194 0.085354416 0.00085354416
0.19354114 0.085619035 0.00085619035
0.19385034 0.084669041 0.00084669041
0.19415954 0.084119646 0.00084119646
0.19446873 0.084556235 0.00084556235
0.19477793 0.084494079 0.00084494079
0.19508712 0.084304618 0.00084304618
0.19539631 0.081698977 0.00081698977
0.1957055 0.084067476 0.00084067476
0.19601469 0.082961107 0.00082961107
0.19632388 0.082737364 0.00082737364
0.19658562 0.080852907 0.00080852907
0.19663307 0.080517913 0.00080517913
0.19694226 0.082642604 0.00082642604
0.19725144 0.081949727 0.00081949727
0.19756063 0.082063072 0.00082063072
0.19786981 0.081745638 0.00081745638
0.19817899 0.080563815 0.00080563815
0.19848818 0.080294048 0.00080294048
0.19879736 0.080500841 0.00080500841
0.19910654 0.082262248 0.00082262248
0.19941572 0.080060019 0.00080060019
0.19972489 0.078708539 0.00078708539
0.20003407 0.080482549 0.00080482549
0.20034324 0.081109703 0.00081109703
0.20065242 0.080768162 0.00080768162
0.20096159 0.079904432 0.00079904432
0.20127076 0.079435974 0.00079435974
0.2013218 0.079231803 0.00079231803
0.20157993 0.078192755 0.00078192755
0.2018891 0.079802065 0.00079802065
0.20219827 0.07772838 0.0007772838
0.20250744 0.078341019 0.00078341019
0.20281661 0.079476748 0.00079476748
0.20312577 0.077636889 0.00077636889
0.20343493 0.077123559 0.00077123559
0.2037441 0.078398504 0.00078398504
0.20405326 0.078011156 0.00078011156
0.20436242 0.07808934 0.0007808934
0.20467158 0.077807871 0.00077807871
0.20498074 0.077192889 0.00077192889
0.2052899 0.077259292 0.00077259292
0.20559905 0.077592619 0.00077592619
0.20590821 0.076174904 0.00076174904
0.20617207 0.076714427 0.00076714427
0.20621736 0.076804992 0.00076804992
0.20652651 0.075487498 0.00075487498
0.20683567 0.076409495 0.00076409495
0.20714482 0.075079636 0.00075079636
0.20745397 0.075493662 0.00075493662
0.20776312 0.07368564 0.0007368564
0.20807226 0.076823147 0.00076823147
0.20838141 0.075159953 0.00075159953
0.20869055 0.07523377 0.0007523377
0.2089997 0.075336739 0.00075336739
0.20930884 0.074576797 0.00074576797
0.20961798 0.076119252 0.00076119252
0.20992712 0.075366474 0.00075366474
0.21023626 0.075346883 0.00075346883
0.2105454 0.07372428 0.0007372428
0.21085454 0.074777534 0.00074777534
0.2111392 0.072586938 0.00072586938
0.21116367 0.072399953 0.00072399953
0.21147281 0.072824775 0.00072824775
0.21178194 0.072263285 0.00072263285
0.21209107 0.072604256 0.00072604256
0.21240021 0.072499442 0.00072499442
0.21270934 0.073519917 0.00073519917
0.21301846 0.072213701 0.00072213701
0.21332759 0.072042571 0.00072042571
0.21363672 0.070532481 0.00070532481
0.21394584 0.070700013 0.00070700013
0.21425497 0.070732875 0.00070732875
0.21456409 0.073093963 0.00073093963
0.21487321 0.070701044 0.00070701044
0.21518234 0.073691676 0.00073691676
0.21549145 0.070892173 0.00070892173
0.21580057 0.071832833 0.00071832833
0.21610969 0.069947034 0.00069947034
0.216226 0.070287575 0.00070287575
0.21641881 0.070857657 0.00070857657
0.21672792 0.070741799 0.00070741799
0.21703704 0.071503166 0.00071503166
0.21734615 0.070993944 0.00070993944
0.21765526 0.070537665 0.00070537665
0.21796437 0.072299116 0.00072299116
0.21827348 0.071841095 0.00071841095
0.21858259 0.068341336 0.00068341336
0.21889169 0.071012354 0.00071012354
0.2192008 0.072018682 0.00072018682
0.2195099 0.069080708 0.00069080708
0.21981901 0.068860684 0.00068860684
0.22012811 0.071468724 0.00071468724
0.22043721 0.069811307 0.00069811307
0.22074631 0.068189509 0.00068189509
0.22105541 0.068445511 0.00068445511
0.2213645 0.069185145 0.00069185145
0.22143535 0.068980329 0.00068980329
0.2216736 0.068286965 0.00068286965
0.22198269 0.06877537 0.0006877537
0.22229179 0.069325627 0.00069325627
0.22260088 0.067769414 0.00067769414
0.22290997 0.068045684 0.00068045684
0.22321906 0.067687195 0.00067687195
0.22352815 0.068264372 0.00068264372
0.22383724 0.067710675 0.00067710675
0.22414632 0.067667912 0.00067667912
0.22445541 0.067534311 0.00067534311
0.22476449 0.068362797 0.00068362797
0.22507357 0.06757678 0.0006757678
0.22538265 0.066882425 0.00066882425
0.22569174 0.06709107 0.0006709107
0.22600081 0.067170652 0.00067170652
0.22630989 0.067838534 0.00067838534
0.22661897 0.067632499 0.00067632499
0.2267702 0.066918921 0.00066918921
0.22692804 0.06618046 0.0006618046
0.22723712 0.067125272 0.00067125272
0.22754619 0.065967247 0.00065967247
0.22785526 0.067724621 0.00067724621
0.22816433 0.066401204 0.00066401204
0.2284734 0.06515723 0.0006515723
0.22878247 0.065347769 0.00065347769
0.22909153 0.065704549 0.00065704549
0.2294006 0.063604567 0.00063604567
0.22970966 0.065210309 0.00065210309
0.23001873 0.068731007 0.00068731007
0.23032779 0.065065797 0.00065065797
0.23063685 0.066457881 0.00066457881
0.23094591 0.064230853 0.00064230853
0.23125496 0.063339507 0.00063339507
0.23156402 0.065238008 0.00065238008
0.23187308 0.063520782 0.00063520782
0.23218213 0.066950224 0.00066950224
0.23223358 0.066343732 0.00066343732
0.23249118 0.063286208 0.00063286208
0.23280023 0.062943067 0.00062943067
0.23310928 0.065301417 0.00065301417
0.23341833 0.063436438 0.00063436438
0.23372738 0.062788057 0.00062788057
0.23403643 0.06299964 0.0006299964
0.23434547 0.064074087 0.00064074087
0.23465451 0.062393739 0.00062393739
0.23496356 0.063398554 0.00063398554
0.2352726 0.062581608 0.00062581608
0.23558164 0.061176038 0.00061176038
0.23589068 0.062682801 0.00062682801
0.23619971 0.062835132 0.00062835132
0.23650875 0.063300851 0.00063300851
0.23681778 0.061510525 0.00061510525
0.23712682 0.064939974 0.00064939974
0.23743585 0.063606721 0.00063606721
0.23774488 0.061950208 0.00061950208
0.23782859 0.062523328 0.00062523328
0.23805391 0.064075663 0.00064075663
0.23836294 0.061533974 0.00061533974
0.23867197 0.060976136 0.00060976136
0.23898099 0.060662661 0.00060662661
0.23929002 0.062724298 0.00062724298
0.23959904 0.060578449 0.00060578449
0.23990806 0.062150797 0.00062150797
0.24021708 0.062290186 0.00062290186
0.2405261 0.062435059 0.00062435059
0.24083512 0.061309112 0.00061309112
0.24114413 0.060357436 0.00060357436
0.24145315 0.061648385 0.00061648385
0.24176216 0.062102333 0.00062102333
0.24207118 0.05947091 0.0005947091
0.24238019 0.059895741 0.00059895741
0.2426892 0.05692562 0.0005692562
0.24299821 0.062166893 0.00062166893
0.24330721 0.061702906 0.00061702906
0.24355839 0.060348904 0.00060348904
0.24361622 0.0600346 0.000600346
0.24392522 0.061757539 0.00061757539
0.24423423 0.060419066 0.00060419066
0.24454323 0.059159977 0.00059159977
0.24485223 0.058713025 0.00058713025
0.24516123 0.059329233 0.00059329233
0.24547023 0.058927575 0.00058927575
0.24577922 0.05804161 0.0005804161
0.24608822 0.058110064 0.00058110064
0.24639721 0.057960918 0.00057960918
0.24670621 0.055819509 0.00055819509
0.2470152 0.058353923 0.00058353923
0.24732419 0.059260665 0.00059260665
0.24763318 0.058959778 0.00058959778
0.24794216 0.058894066 0.00058894066
0.24825115 0.057944984 0.00057944984
0.24856013 0.055731798 0.00055731798
0.24886912 0.056871363 0.00056871363
0.2491781 0.057785563 0.00057785563
0.24942624 0.056303234 0.00056303234
0.24948708 0.055946153 0.00055946153
0.24979606 0.057187989 0.00057187989
0.25010504 0.059762649 0.00059762649
0.25041401 0.057220482 0.00057220482
0.25072299 0.057916247 0.00057916247
0.25103196 0.056265127 0.00056265127
0.25134093 0.0555366 0.000555366
0.2516499 0.056860956 0.00056860956
0.25195887 0.05824645 0.0005824645
0.25226784 0.05773823 0.0005773823
0.25257681 0.055179951 0.00055179951
0.25288577 0.056555739 0.00056555739
0.25319474 0.057233838 0.00057233838
0.2535037 0.057957727 0.00057957727
0.25381266 0.057008175 0.00057008175
0.25412162 0.057231557 0.00057231557
0.25443058 0.055005372 0.00055005372
0.25473954 0.0582693 0.000582693
0.25504849 0.056818418 0.00056818418
0.25535745 0.056996195 0.00056996195
0.25543545 0.056551313 0.00056551313
0.2556664 0.055207517 0.00055207517
0.25597535 0.055372976 0.00055372976
0.2562843 0.05614733 0.0005614733
0.25659325 0.054078833 0.00054078833
0.2569022 0.057300189 0.00057300189
0.25721115 0.055612828 0.00055612828
0.25752009 0.052595946 0.00052595946
0.25782903 0.052989271 0.00052989271
0.25813798 0.055185297 0.00055185297
0.25844692 0.055988298 0.00055988298
0.25875585 0.0543266 0.000543266
0.25906479 0.053508754 0.00053508754
0.25937373 0.055707917 0.00055707917
0.25968266 0.056178216 0.00056178216
0.2599916 0.05363442 0.0005363442
0.26030053 0.05371152 0.0005371152
0.26060946 0.051929199 0.00051929199
0.26091839 0.05354368 0.0005354368
0.26122732 0.05373676 0.0005373676
0.26153624 0.051316087 0.00051316087
0.26158944 0.05184273 0.0005184273
0.26184517 0.05440316 0.0005440316
0.26215409 0.055188119 0.00055188119
0.26246301 0.051537554 0.00051537554
0.26277193 0.052028468 0.00052028468
0.26308085 0.05356458 0.0005356458
0.26338977 0.052903184 0.00052903184
0.26369869 0.054027365 0.00054027365
0.2640076 0.052173996 0.00052173996
0.26431651 0.051931089 0.00051931089
0.26462543 0.054053146 0.00054053146
0.26493434 0.056417397 0.00056417397
0.26524325 0.050528174 0.00050528174
0.26555215 0.053311642 0.00053311642
0.26586106 0.052751283 0.00052751283
0.26616996 0.05266851 0.0005266851
0.26647887 0.051431836 0.00051431836
0.26678777 0.053956384 0.00053956384
0.26709667 0.051389917 0.00051389917
0.26740557 0.052959529 0.00052959529
0.26771447 0.050870653 0.00050870653
0.2678917 0.052024255 0.00052024255
0.26802336 0.052872576 0.00052872576
0.26833226 0.051493058 0.00051493058
0.26864115 0.051143984 0.00051143984
0.26895004 0.051662907 0.00051662907
0.26925893 0.05377767 0.0005377767
0.26956782 0.051328234 0.00051328234
0.26987671 0.053232005 0.00053232005
0.27018559 0.050717113 0.00050717113
0.27049448 0.049432141 0.00049432141
0.27080336 0.053390453 0.00053390453
0.27111224 0.048815476 0.00048815476
0.27142112 0.051439108 0.00051439108
0.27173 0.050247818 0.00050247818
0.27203888 0.049123117 0.00049123117
0.27234775 0.04924685 0.0004924685
0.27265663 0.050419267 0.00050419267
0.2729655 0.050132189 0.00050132189
0.27327437 0.050565744 0.00050565744
0.27358324 0.049269095 0.00049269095
0.27389211 0.050877065 0.00050877065
0.27420098 0.048945619 0.00048945619
0.27434578 0.04921982 0.0004921982
0.27450984 0.049547469 0.00049547469
0.2748187 0.047514721 0.00047514721
0.27512757 0.04779582 0.0004779582
0.27543643 0.050427986 0.00050427986
0.27574529 0.049181075 0.00049181075
0.27605414 0.048563711 0.00048563711
0.276363 0.050556569 0.00050556569
0.27667185 0.050333287 0.00050333287
0.27698071 0.051785568 0.00051785568
0.27728956 0.050626453 0.00050626453
0.27759841 0.047453142 0.00047453142
0.27790726 0.046597037 0.00046597037
0.2782161 0.050055981 0.00050055981
0.27852495 0.051189543 0.00051189543
0.27883379 0.049227199 0.00049227199
0.27914264 0.050549393 0.00050549393
0.27945148 0.05047516 0.0005047516
0.27976032 0.053230709 0.00053230709
0.28006915 0.050193148 0.00050193148
0.28037799 0.050575145 0.00050575145
0.28068683 0.048052851 0.00048052851
0.28095536 0.051146691 0.00051146691
0.28099566 0.051603169 0.00051603169
0.28130449 0.049699178 0.00049699178
0.28161332 0.048014459 0.00048014459
0.28192215 0.049458092 0.00049458092
0.28223098 0.04837112 0.0004837112
0.2825398 0.048472851 0.00048472851
0.28284863 0.045674197 0.00045674197
0.28315745 0.050738616 0.00050738616
0.28346627 0.047198272 0.00047198272
0.28377509 0.049042285 0.00049042285
0.28408391 0.047406939 0.00047406939
0.28439272 0.049552896 0.00049552896
0.28470154 0.049084146 0.00049084146
0.28501035 0.048373535 0.00048373535
0.28531916 0.048357483 0.00048357483
0.28562797 0.04911534 0.0004911534
0.28593678 0.04616921 0.0004616921
0.28624559 0.043817811 0.00043817811
0.2865544 0.047960559 0.00047960559
0.2868632 0.044615077 0.00044615077
0.287172 0.04816694 0.0004816694
0.2874808 0.044733874 0.00044733874
0.28772418 0.043968962 0.00043968962
0.2877896 0.043776416 0.00043776416
0.2880984 0.044039848 0.00044039848
0.2884072 0.046908571 0.00046908571
0.28871599 0.048281661 0.00048281661
0.28902478 0.047113308 0.00047113308
0.28933358 0.046361348 0.00046361348
0.28964237 0.045478968 0.00045478968
0.28995115 0.044574162 0.00044574162
0.29025994 0.046132716 0.00046132716
0.29056873 0.043296511 0.00043296511
0.29087751 0.046108021 0.00046108021
0.29118629 0.046552208 0.00046552208
0.29149507 0.04805046 0.0004805046
0.29180385 0.047013467 0.00047013467
0.29211263 0.046355148 0.00046355148
0.2924214 0.04548357 0.0004548357
0.29273018 0.045328898 0.00045328898
0.29303895 0.046005498 0.00046005498
0.29334772 0.044951965 0.00044951965
0.29365649 0.046725067 0.00046725067
0.29396526 0.044589078 0.00044589078
0.29427402 0.045220463 0.00045220463
0.29458279 0.046109907 0.00046109907
0.29465608 0.046311464 0.00046311464
0.29489155 0.046935852 0.00046935852
0.29520031 0.04186696 0.0004186696
0.29550907 0.045272525 0.00045272525
0.29581783 0.044341121 0.00044341121
0.29612659 0.046644523 0.00046644523
0.29643534 0.043957042 0.00043957042
0.2967441 0.046814457 0.00046814457
0.29705285 0.04551057 0.0004551057
0.2973616 0.044746393 0.00044746393
0.29767035 0.045002005 0.00045002005
0.29797909 0.043410896 0.00043410896
0.29828784 0.045384709 0.00045384709
0.29859658 0.041997525 0.00041997525
0.29890532 0.045081818 0.00045081818
0.29921406 0.043877684 0.00043877684
0.2995228 0.041491459 0.00041491459
0.29983154 0.046308268 0.00046308268
